#Frame      RoG_00004 RoG_00004[Max]
       1      16.8482        29.9635
       2      16.7529        30.1321
       3      16.9029        29.6433
       4      16.7265        29.8000
       5      16.6436        28.4460
       6      16.6477        28.5865
       7      16.7651        29.8260
       8      16.8277        30.1854
       9      16.9210        30.6412
      10      17.0492        29.6784
      11      17.1418        29.6547
      12      16.7116        29.5479
      13      17.0628        30.8740
      14      16.8260        30.1188
      15      17.0945        31.1170
      16      17.0334        31.4372
      17      16.7559        29.7037
      18      16.9629        29.8614
      19      16.9759        29.9321
      20      16.7887        28.8844
      21      17.0705        31.1604
      22      16.9028        30.0075
      23      17.0021        29.9509
      24      16.9850        30.0608
      25      16.8025        29.5522
      26      16.9167        30.4334
      27      17.1004        30.0719
      28      17.0677        31.4989
      29      16.9701        31.0365
      30      16.9277        30.1488
      31      17.0015        30.7941
      32      16.8910        29.7457
      33      16.9661        30.7737
      34      16.9638        30.9599
      35      17.1072        30.5244
      36      17.1659        30.4775
      37      16.9225        30.0326
      38      17.1696        32.4665
      39      16.8832        29.7843
      40      17.0408        31.8389
      41      17.1109        31.1110
      42      17.0391        31.7807
      43      17.0268        30.6636
      44      17.1676        31.8844
      45      16.9154        31.8607
      46      17.0453        30.4562
      47      17.0426        31.3245
      48      16.8223        30.2305
      49      16.9279        31.3845
      50      17.1366        30.1465
      51      17.3293        30.7814
      52      17.0841        31.1591
      53      17.1600        30.9734
      54      16.8929        29.2741
      55      17.0029        30.4131
      56      17.0441        29.4052
      57      17.0584        29.4448
      58      16.9607        31.3387
      59      16.9996        29.8026
      60      16.9980        31.1710
      61      17.3023        32.1421
      62      17.0934        31.5010
      63      17.3543        30.2807
      64      17.2157        31.0763
      65      17.1987        30.0548
      66      17.1385        29.9892
      67      17.1676        31.3215
      68      17.1004        30.1535
      69      17.1009        30.0372
      70      17.2222        30.3740
      71      17.2123        31.6590
      72      17.0849        31.9280
      73      16.9545        30.2544
      74      16.9808        31.6170
      75      17.0480        31.1547
      76      16.8761        31.7501
      77      16.9764        30.1017
      78      16.7288        31.5882
      79      17.0480        30.8620
      80      16.9658        30.1564
      81      16.7754        31.0699
      82      16.7671        29.7206
      83      16.6617        32.6435
      84      16.8147        29.6829
      85      16.6329        29.7132
      86      16.7519        30.7459
      87      16.7023        29.2583
      88      16.7467        29.3901
      89      16.7414        29.1389
      90      16.7975        30.1166
      91      16.9304        30.4121
      92      16.8445        30.2575
      93      16.8351        29.7921
      94      16.7358        30.3299
      95      16.9693        29.7154
      96      16.8046        29.3203
      97      16.8733        30.4035
      98      16.7979        31.0541
      99      16.9130        29.6065
     100      17.0844        31.2427
     101      17.0644        29.8888
     102      17.0869        30.4887
     103      16.8903        30.9418
     104      16.9621        29.8746
     105      16.9569        30.2828
     106      16.9989        30.4408
     107      16.9796        31.7022
     108      16.8642        30.9030
     109      16.9351        30.9843
     110      16.9435        31.9330
     111      17.0349        30.9552
     112      17.1943        30.9286
     113      17.2054        31.4256
     114      17.0421        29.9110
     115      16.9074        33.2720
     116      17.0239        31.2048
     117      16.9838        30.5207
     118      17.0923        31.5233
     119      17.0980        31.4662
     120      16.8893        31.1085
     121      16.9053        30.0862
     122      16.8978        29.8016
     123      16.8588        29.7277
     124      16.8723        31.3720
     125      16.9276        32.0693
     126      17.1328        30.8569
     127      17.0572        31.2587
     128      16.9963        31.0677
     129      17.1223        30.6815
     130      17.2156        30.2209
     131      17.0197        30.1544
     132      17.0443        30.2593
     133      17.0574        31.5980
     134      17.1377        29.8516
     135      17.0365        30.1376
     136      17.0628        31.4335
     137      17.0102        30.8142
     138      17.0163        30.6206
     139      16.9385        30.3014
     140      17.1337        31.6643
     141      16.9332        30.7733
     142      17.0814        31.5747
     143      17.1259        31.9871
     144      17.0706        31.3110
     145      17.0136        30.0441
     146      17.0738        32.3711
     147      17.1154        31.5802
     148      17.0040        30.6155
     149      16.9566        30.8917
     150      16.9410        31.1089
     151      17.0063        32.0923
     152      16.8265        31.9737
     153      16.9092        31.7831
     154      16.8915        30.3853
     155      17.0080        31.1620
     156      16.9240        31.5990
     157      16.9157        29.6761
     158      16.9129        30.6658
     159      16.9014        31.8128
     160      17.0268        30.0116
     161      16.8104        30.9487
     162      16.8406        30.5591
     163      16.9418        31.2307
     164      16.7865        31.3398
     165      16.8450        30.2901
     166      17.0614        30.1585
     167      16.8357        29.9066
     168      16.9224        30.2256
     169      16.8227        31.1624
     170      16.9379        31.2340
     171      16.9516        31.0751
     172      16.8776        30.9538
     173      16.8552        30.7417
     174      17.0143        31.8701
     175      16.8192        30.8063
     176      16.9030        30.3305
     177      16.9651        31.0839
     178      16.8462        30.7293
     179      16.9307        30.3831
     180      16.8842        31.4596
     181      16.8577        30.8275
     182      16.9466        31.8598
     183      17.0359        30.8196
     184      16.9549        31.8639
     185      17.0582        31.8282
     186      17.2942        32.5629
     187      17.2797        32.1291
     188      17.1753        29.9023
     189      17.2318        30.5736
     190      17.2362        30.9894
     191      17.0225        30.3989
     192      17.2071        31.6062
     193      17.1264        30.7859
     194      17.0753        31.2806
     195      17.1348        31.6751
     196      17.0250        30.9796
     197      17.1072        31.3360
     198      17.2950        30.1171
     199      17.0981        30.0146
     200      17.2446        30.0318
     201      17.3167        30.7921
     202      17.2802        31.5055
     203      17.1775        30.2584
     204      17.0811        31.3917
     205      17.1338        31.1948
     206      17.1198        31.7100
     207      17.1383        30.5343
     208      17.3151        30.6354
     209      17.3018        30.7202
     210      17.2470        32.0492
     211      17.0429        30.9494
     212      17.1367        30.2609
     213      17.0651        30.7912
     214      17.2354        30.0476
     215      17.0694        31.4394
     216      17.3258        30.5386
     217      17.0487        30.0588
     218      17.3557        30.4759
     219      17.1708        31.4418
     220      17.2349        32.8748
     221      17.1455        33.0670
     222      17.0896        30.1567
     223      17.1272        29.9920
     224      17.0267        29.4119
     225      17.2571        31.0985
     226      17.1072        31.2594
     227      17.1314        31.6045
     228      17.2622        31.7377
     229      17.1960        30.5740
     230      17.0068        30.8265
     231      17.0945        30.9295
     232      17.1175        30.5406
     233      17.0113        30.4702
     234      17.0835        30.6874
     235      17.2443        31.2091
     236      17.0818        31.2077
     237      16.9652        31.1592
     238      17.2088        30.8700
     239      17.0173        29.7517
     240      17.1999        30.3985
     241      17.2547        30.3756
     242      17.3412        32.8405
     243      17.2837        31.1658
     244      17.2824        31.7191
     245      17.2947        31.1985
     246      17.0838        31.2557
     247      16.9465        30.5143
     248      17.3976        32.6398
     249      17.4461        31.8412
     250      17.1825        30.8675
     251      17.2503        30.5319
     252      17.2981        31.7114
     253      17.1190        31.4200
     254      17.2704        30.6899
     255      17.2280        32.1761
     256      17.3054        31.2685
     257      17.1559        30.8217
     258      17.2075        31.6273
     259      17.3699        31.3443
     260      17.1933        29.9333
     261      17.2078        29.6667
     262      17.2349        30.7497
     263      17.2572        30.2415
     264      17.0863        31.6187
     265      17.1882        30.7903
     266      16.9373        30.8121
     267      17.2425        31.5564
     268      17.1632        31.7737
     269      16.9963        30.3772
     270      17.0983        32.1801
     271      17.1928        30.2869
     272      17.1728        31.2944
     273      17.3051        30.1541
     274      17.2961        32.7589
     275      17.1485        29.8231
     276      17.1249        30.9166
     277      17.1446        31.1572
     278      17.1715        32.3227
     279      17.0333        30.4326
     280      17.1363        32.5286
     281      17.1307        30.3749
     282      17.0116        30.3813
     283      17.0969        31.2392
     284      17.1765        30.6318
     285      17.0720        31.9201
     286      17.3455        32.1934
     287      17.4322        31.5821
     288      17.1575        31.6786
     289      17.1244        32.7019
     290      17.1608        30.7443
     291      17.1182        31.1478
     292      17.1666        32.0801
     293      17.2540        31.5883
     294      17.2010        29.7325
     295      17.0534        29.9329
     296      17.2097        30.2598
     297      17.0233        30.0578
     298      17.1802        30.2567
     299      17.1567        30.5286
     300      17.1289        30.8404
     301      17.0397        30.3762
     302      17.1291        30.4644
     303      17.0989        29.7149
     304      17.0945        30.6644
     305      17.2333        30.2123
     306      17.1714        29.8670
     307      17.1768        32.5253
     308      17.0391        30.3527
     309      17.1289        31.4036
     310      17.1301        32.0504
     311      17.2538        30.9664
     312      17.2261        30.0442
     313      17.1353        29.9663
     314      16.9449        30.3103
     315      17.0746        30.7799
     316      17.0669        31.3224
     317      17.0603        31.4826
     318      17.1640        31.0252
     319      17.2160        34.2528
     320      17.1964        30.6421
     321      17.3392        30.7143
     322      17.4030        31.9475
     323      17.1441        31.4858
     324      17.1750        31.4304
     325      17.1837        31.6126
     326      17.1831        32.3263
     327      17.1718        32.7443
     328      17.2396        32.3839
     329      17.1023        31.3550
     330      17.3063        29.7284
     331      17.2509        32.0295
     332      17.2888        32.6278
     333      17.3591        32.0478
     334      17.2553        32.6199
     335      17.2236        32.1149
     336      17.3539        34.4931
     337      17.1880        32.4371
     338      17.0003        30.0430
     339      17.3465        31.6603
     340      17.1598        31.7992
     341      16.8982        30.7508
     342      17.1348        31.9727
     343      17.0878        31.8090
     344      17.0640        29.3258
     345      17.0405        30.2143
     346      17.2261        32.0368
     347      17.1239        32.0958
     348      17.1193        32.5813
     349      16.9691        30.7179
     350      17.1622        31.4671
     351      17.0683        30.6004
     352      17.1101        29.8198
     353      17.0977        30.2430
     354      17.0300        30.3362
     355      17.1667        31.2060
     356      17.2180        31.9612
     357      17.1305        31.4238
     358      17.1903        30.5150
     359      17.1751        30.1751
     360      16.9001        31.8008
     361      16.9966        31.8138
     362      17.1227        30.0525
     363      16.9942        29.8847
     364      17.1732        30.8499
     365      17.2094        31.3270
     366      17.1698        30.9022
     367      17.0356        32.3303
     368      16.9897        30.3697
     369      16.8914        29.3084
     370      16.9935        32.1363
     371      17.0001        31.0381
     372      17.0334        30.8884
     373      16.9960        30.0968
     374      17.0582        29.7665
     375      16.9447        30.4916
     376      17.0370        30.3246
     377      16.9228        31.0860
     378      16.8922        31.4664
     379      16.9849        30.0597
     380      16.9690        29.6537
     381      16.9332        29.1927
     382      16.9533        29.1549
     383      16.9220        30.9008
     384      16.9660        30.1425
     385      16.9394        30.7686
     386      16.9896        31.2908
     387      17.0970        31.6688
     388      17.0628        31.0306
     389      17.1535        32.2221
     390      17.0808        32.0721
     391      16.9658        31.8949
     392      17.0350        32.6031
     393      17.1481        31.7762
     394      17.0235        31.0787
     395      16.8598        29.5009
     396      16.8437        29.6074
     397      16.8712        30.4455
     398      16.8260        31.4445
     399      16.6574        29.8712
     400      16.8883        30.4977
     401      16.9164        31.2122
     402      16.7666        30.3247
     403      16.9225        30.2059
     404      16.9392        31.2572
     405      16.9112        30.7881
     406      16.7775        30.5567
     407      16.8621        30.4306
     408      16.7725        30.0696
     409      16.7833        29.5863
     410      16.8794        29.9330
     411      16.7965        29.8058
     412      16.7722        29.7703
     413      16.9518        30.1063
     414      17.0044        32.1029
     415      16.7668        29.5695
     416      16.8563        30.5971
     417      16.7247        29.3226
     418      16.8000        31.1810
     419      16.8509        29.7346
     420      16.9271        30.3147
     421      16.8830        29.1785
     422      16.7999        29.0864
     423      16.8430        30.7423
     424      17.0524        31.5336
     425      16.7599        29.8950
     426      16.7944        30.7019
     427      16.8573        30.0609
     428      16.7753        30.9113
     429      16.9591        31.5820
     430      16.9017        31.1680
     431      17.0532        31.2000
     432      17.0302        30.7597
     433      16.8519        30.3650
     434      16.8871        31.1284
     435      16.9685        30.4232
     436      16.9870        31.7071
     437      16.9877        30.6614
     438      16.9464        29.7511
     439      16.9253        30.7948
     440      17.2076        31.7080
     441      17.0188        31.0005
     442      17.0033        31.2584
     443      17.0857        31.8269
     444      16.9498        30.4249
     445      16.9018        32.1931
     446      16.8006        31.4164
     447      16.8518        29.0583
     448      16.8808        32.4112
     449      16.8854        31.1191
     450      16.9071        30.6101
     451      17.0394        30.3636
     452      17.1818        32.8239
     453      17.2113        31.7963
     454      17.0031        32.3247
     455      16.7894        30.7093
     456      16.9953        31.1667
     457      16.9370        29.7075
     458      16.9529        30.8008
     459      16.9511        31.5203
     460      16.9813        31.3217
     461      16.9091        30.5767
     462      17.0247        29.6681
     463      16.7857        30.4117
     464      16.7831        30.3799
     465      16.7239        29.4736
     466      16.7194        29.9240
     467      16.9274        29.6519
     468      16.8944        30.7513
     469      16.9014        29.6065
     470      16.7770        29.1612
     471      16.9690        30.8916
     472      16.7245        30.3902
     473      17.0284        32.0090
     474      17.0456        30.2676
     475      16.8836        30.2999
     476      16.9500        30.0835
     477      16.8828        30.6836
     478      16.8587        30.3290
     479      16.8442        30.4441
     480      16.8440        31.6236
     481      16.8659        30.8050
     482      16.7936        31.0644
     483      16.6993        28.8501
     484      16.9107        30.2769
     485      16.8224        30.9812
     486      16.8707        30.9475
     487      16.8301        29.9285
     488      16.8221        29.7048
     489      16.8740        31.7079
     490      16.8283        30.5573
     491      16.8494        30.3872
     492      16.9744        31.0640
     493      16.8181        29.3710
     494      16.8852        29.8214
     495      16.8672        29.6936
     496      16.8941        29.6012
     497      16.8580        30.4687
     498      16.7362        29.5629
     499      16.9820        30.2187
     500      16.7820        31.1390
     501      16.7798        30.2839
     502      17.0035        30.4065
     503      17.0012        31.1097
     504      16.8218        31.2438
     505      16.7735        30.4701
     506      16.9247        30.3178
     507      16.8618        31.0380
     508      16.7550        29.2719
     509      16.8678        30.3008
     510      16.8212        29.3860
     511      16.9142        29.7604
     512      16.7571        29.7457
     513      16.8701        29.6091
     514      16.8976        29.7243
     515      16.8079        29.6858
     516      16.8644        29.5449
     517      16.7351        31.3022
     518      16.9100        29.8741
     519      16.7868        29.4862
     520      16.8150        30.2419
     521      16.6745        29.9216
     522      16.7294        29.8171
     523      16.6781        29.1619
     524      16.7611        30.8945
     525      16.7853        30.4932
     526      16.6852        29.6052
     527      16.7973        31.4216
     528      16.8120        30.4432
     529      16.8804        30.7433
     530      16.7333        29.7053
     531      16.8284        31.0975
     532      16.8127        30.2579
     533      16.5933        30.9942
     534      16.7145        29.4682
     535      16.6133        29.6788
     536      16.7867        30.1786
     537      16.6546        31.4997
     538      16.6695        29.4924
     539      16.7579        30.2838
     540      16.8451        31.0668
     541      16.6203        30.5364
     542      16.6962        30.4453
     543      16.7549        34.3215
     544      16.8775        30.9651
     545      16.6606        29.2948
     546      16.7860        30.5792
     547      16.7676        30.4012
     548      16.7477        30.6003
     549      16.8037        30.4649
     550      16.7008        30.5444
     551      16.8748        30.1000
     552      16.8057        30.0778
     553      16.7535        30.0812
     554      16.7434        29.8992
     555      16.7891        29.6389
     556      16.8075        30.4495
     557      16.7822        31.6835
     558      16.8230        31.8317
     559      16.8983        31.6536
     560      16.8638        31.1260
     561      16.6176        31.5166
     562      16.7261        31.2216
     563      16.7853        32.6569
     564      16.7480        33.1888
     565      17.0388        32.3475
     566      16.8553        31.7677
     567      16.7802        31.1126
     568      16.7155        30.5291
     569      16.7736        31.8089
     570      16.8441        30.9128
     571      16.7418        30.0949
     572      16.7289        30.7543
     573      16.7359        33.2307
     574      16.7949        31.9628
     575      16.6967        30.7202
     576      16.8365        31.1271
     577      16.9047        31.2807
     578      16.7330        30.5185
     579      16.7828        29.7385
     580      16.7231        29.4341
     581      17.1674        30.1336
     582      16.9665        31.4206
     583      16.8487        31.3008
     584      16.7768        31.2830
     585      16.7010        29.6918
     586      16.7828        29.7121
     587      16.7679        31.0424
     588      16.7783        29.8579
     589      16.6593        29.6534
     590      16.7571        29.6115
     591      16.7630        30.7023
     592      16.6382        30.0260
     593      16.8165        29.8117
     594      16.8418        30.2017
     595      16.7214        30.0671
     596      16.7002        29.4539
     597      16.8894        29.8036
     598      16.8108        29.8683
     599      16.9710        30.7074
     600      16.7399        31.9084
     601      16.7339        30.9123
     602      16.9232        32.5107
     603      16.8126        30.8784
     604      16.7286        31.0819
     605      16.9264        30.9623
     606      16.9399        30.9648
     607      16.9249        31.4019
     608      16.6899        31.4976
     609      16.8687        31.0535
     610      16.7381        30.6233
     611      16.7035        30.0977
     612      16.8214        29.8685
     613      16.7880        30.0088
     614      16.8900        32.6379
     615      16.8116        31.7541
     616      16.8866        32.2809
     617      16.7503        30.9911
     618      16.9613        31.1764
     619      16.8545        30.7753
     620      16.8063        29.8738
     621      16.7568        31.5534
     622      16.9071        30.5254
     623      16.7345        30.0396
     624      16.7593        30.4371
     625      16.6417        29.8966
     626      16.7525        31.2835
     627      16.7912        30.7084
     628      16.8589        31.7609
     629      16.7302        30.2783
     630      16.7952        30.5005
     631      16.8285        30.9126
     632      16.7283        30.7150
     633      16.6657        31.1777
     634      16.8008        30.6746
     635      16.7990        30.7144
     636      16.6355        29.9097
     637      16.7572        29.1416
     638      16.7122        30.3107
     639      16.9633        33.8025
     640      16.9930        32.1385
     641      16.8382        31.2673
     642      16.8757        33.1906
     643      16.8550        33.9994
     644      16.8224        32.8241
     645      16.8091        31.5581
     646      16.8220        31.1853
     647      16.7104        30.2258
     648      16.8503        30.0710
     649      16.8454        29.8052
     650      16.7354        30.0535
     651      16.8652        30.5870
     652      16.9073        30.7717
     653      16.9025        30.7527
     654      16.7437        31.4398
     655      16.8931        31.7145
     656      16.8162        30.0957
     657      16.8004        30.4536
     658      16.7754        29.8044
     659      16.7283        30.8948
     660      16.7758        30.5295
     661      16.9472        30.1105
     662      16.8541        33.1156
     663      16.9990        33.4598
     664      16.7668        31.8823
     665      16.9178        32.6780
     666      16.7793        31.8636
     667      16.7442        32.4958
     668      16.8602        30.4680
     669      17.0518        32.4194
     670      16.9048        32.6019
     671      16.9152        30.8809
     672      16.7979        31.6686
     673      16.7765        31.6414
     674      16.8897        30.4960
     675      16.9553        30.9132
     676      17.1370        31.6216
     677      16.9847        32.3553
     678      17.0146        32.3271
     679      16.7790        31.6668
     680      16.8822        33.1599
     681      16.8432        30.9372
     682      16.8263        32.2975
     683      16.8052        32.7121
     684      16.8799        31.3365
     685      16.9887        30.9920
     686      16.8987        31.7049
     687      16.8389        32.5810
     688      16.7859        31.1944
     689      16.8132        31.0429
     690      16.9225        32.1484
     691      16.9224        31.2234
     692      16.9902        30.8909
     693      16.8825        31.1886
     694      16.8365        30.8623
     695      16.7623        30.7139
     696      16.9774        31.4814
     697      16.8626        30.2849
     698      16.9663        32.5700
     699      17.0591        32.5131
     700      16.9795        31.7598
     701      16.8968        31.0787
     702      16.9169        32.1725
     703      16.9107        30.9505
     704      16.8368        31.6029
     705      17.0228        30.6838
     706      16.8736        31.2790
     707      16.7754        30.5866
     708      17.1518        30.6528
     709      16.8749        30.2554
     710      16.9385        31.6536
     711      16.9246        30.9073
     712      16.9263        31.0600
     713      16.9056        30.1890
     714      16.8346        29.6027
     715      16.8791        31.2784
     716      16.8488        30.1498
     717      16.9315        30.9006
     718      16.9469        30.9402
     719      16.8391        31.4539
     720      16.8259        31.3327
     721      16.7809        30.4413
     722      16.6875        29.5883
     723      16.9611        31.4972
     724      17.1059        30.5195
     725      16.9427        31.7364
     726      17.0251        31.3208
     727      16.9825        31.3636
     728      16.8556        31.2646
     729      16.8722        31.5931
     730      16.9208        29.7376
     731      16.9892        30.4293
     732      17.0982        30.2544
     733      16.8422        29.3625
     734      17.0353        30.5728
     735      16.9194        30.0321
     736      16.8746        30.8829
     737      16.9401        31.3015
     738      16.9045        30.0727
     739      16.9250        30.3667
     740      17.0022        29.8054
     741      16.8658        30.0424
     742      16.9391        29.7841
     743      17.0361        29.6367
     744      16.9234        30.4265
     745      16.9780        30.2808
     746      16.9336        29.4252
     747      17.0959        29.7630
     748      16.9934        29.7150
     749      17.2612        30.3541
     750      17.0873        30.2596
     751      16.9737        30.1451
     752      17.1223        30.3333
     753      16.9895        30.3915
     754      17.0272        30.1748
     755      17.2696        32.6424
     756      17.0439        30.9466
     757      17.0583        31.0532
     758      17.1552        30.8369
     759      16.8534        30.1600
     760      17.0228        30.2057
     761      16.8697        30.1805
     762      16.9908        30.1170
     763      17.0479        30.3296
     764      17.0977        33.9722
     765      17.1028        30.9147
     766      17.2068        30.5502
     767      17.2134        32.0103
     768      17.1307        30.6512
     769      17.1528        30.5290
     770      17.1130        30.2887
     771      17.1095        30.9026
     772      17.1375        31.0092
     773      17.1065        30.6783
     774      17.1060        30.8554
     775      17.1205        31.2241
     776      17.0279        30.7357
     777      17.2508        31.2490
     778      17.0802        30.9743
     779      17.0288        30.6343
     780      17.0879        30.7557
     781      17.0369        31.2606
     782      17.1077        31.1308
     783      16.9978        31.0256
     784      16.9736        31.3970
     785      17.0560        32.8030
     786      17.2797        33.3157
     787      17.1117        32.1703
     788      17.0551        31.4977
     789      17.0360        31.4605
     790      17.0356        31.2436
     791      17.1258        31.6182
     792      17.0276        34.3563
     793      17.0742        31.7962
     794      17.1848        31.4106
     795      17.1678        32.6793
     796      17.0418        32.3308
     797      17.2809        31.1043
     798      17.0533        30.2443
     799      17.1040        30.9960
     800      17.3563        30.5321
     801      17.1587        32.4126
     802      17.2261        31.2886
     803      17.2322        33.4241
     804      17.1300        32.2171
     805      17.0897        31.8047
     806      17.1722        32.2503
     807      16.9363        31.3196
     808      16.9619        31.2280
     809      16.8956        31.3247
     810      16.9113        30.1987
     811      16.9750        31.5782
     812      17.1624        31.4407
     813      17.1640        31.9680
     814      16.9977        32.1572
     815      16.9874        31.5552
     816      17.2063        31.9333
     817      17.2380        31.6578
     818      17.1621        32.2369
     819      17.1085        31.4769
     820      17.1353        32.7301
     821      16.9347        30.4584
     822      17.0943        32.3019
     823      17.1802        31.7994
     824      17.0859        31.2981
     825      17.1820        31.5815
     826      17.2916        33.5095
     827      17.0609        32.6250
     828      17.3139        33.0785
     829      17.2436        32.2246
     830      17.2872        32.7736
     831      17.2254        34.5189
     832      17.1494        30.6707
     833      17.1047        32.1934
     834      17.0749        32.4609
     835      17.1754        31.7114
     836      17.3530        32.5231
     837      17.1118        31.9972
     838      17.2096        33.8013
     839      17.0170        32.7707
     840      17.2010        33.9182
     841      17.1382        34.6883
     842      17.2839        35.4905
     843      17.2791        32.1024
     844      17.2027        32.3974
     845      17.0869        31.5399
     846      17.3217        32.0600
     847      17.3796        33.2174
     848      17.2101        31.8856
     849      17.5118        33.7898
     850      17.3145        32.8251
     851      17.3563        32.9106
     852      17.2575        31.8648
     853      17.4214        33.0579
     854      17.3522        34.5167
     855      17.4734        33.8406
     856      17.3813        32.5978
     857      17.2820        32.6256
     858      17.2667        32.5270
     859      17.3797        32.8299
     860      17.4357        32.4614
     861      17.2979        33.3527
     862      17.4195        32.7132
     863      17.3565        31.9726
     864      17.3751        33.2759
     865      17.3495        34.0989
     866      17.2355        33.8902
     867      17.3184        34.0606
     868      17.6826        32.6993
     869      17.5384        32.7998
     870      17.3750        31.1250
     871      17.4285        34.2552
     872      17.4145        32.4151
     873      17.2325        35.3342
     874      17.2321        32.4302
     875      17.3118        31.5923
     876      17.2835        32.7210
     877      17.3263        32.6781
     878      17.1638        31.9098
     879      17.2653        34.1748
     880      17.2584        33.9657
     881      17.4778        33.2046
     882      17.3204        31.7085
     883      17.1375        32.2258
     884      17.1615        32.6215
     885      17.0897        31.6372
     886      17.1998        31.8275
     887      17.2544        31.4337
     888      17.2931        31.6588
     889      17.2608        33.3570
     890      17.1779        32.0379
     891      17.1538        33.4659
     892      17.1440        32.2599
     893      17.0936        34.0946
     894      17.2830        31.7078
     895      17.2832        33.5334
     896      17.2020        31.8281
     897      17.1588        31.7151
     898      17.2316        34.6414
     899      17.1794        32.9076
     900      17.0089        31.3069
     901      17.2737        31.9808
     902      17.1808        34.6212
     903      17.1974        31.6223
     904      17.1356        32.9626
     905      17.2653        30.8813
     906      17.1250        33.4548
     907      17.3097        32.1411
     908      17.0535        32.3875
     909      17.0674        33.3525
     910      17.0333        33.2225
     911      16.9871        31.4084
     912      17.1134        32.4470
     913      17.0328        34.1223
     914      16.9655        31.2941
     915      16.8783        31.6132
     916      16.9356        30.3640
     917      16.9652        31.7203
     918      16.8933        29.9714
     919      17.0195        32.5450
     920      17.0716        33.5619
     921      16.9768        30.7460
     922      16.9950        32.0752
     923      16.9816        32.9108
     924      16.9800        31.0145
     925      17.0172        30.8478
     926      17.1369        32.9686
     927      17.0781        31.8120
     928      17.2011        31.9462
     929      17.3544        31.7903
     930      17.2787        31.7489
     931      17.3723        32.7570
     932      17.2891        31.6507
     933      17.2888        31.6315
     934      17.1916        34.2165
     935      17.2419        32.4298
     936      17.0784        31.4984
     937      17.0882        31.7671
     938      17.1617        31.8342
     939      17.1222        31.5679
     940      17.1165        32.4225
     941      17.2048        33.1211
     942      17.1909        31.7434
     943      17.0861        30.7452
     944      17.2398        31.7333
     945      17.4407        32.9838
     946      17.1753        30.1120
     947      17.0821        31.6584
     948      17.2869        31.7593
     949      17.1079        31.3551
     950      17.0809        32.7289
     951      17.2971        31.0419
     952      17.1275        31.5114
     953      17.1868        30.9921
     954      17.1719        30.9273
     955      17.2588        31.3403
     956      17.0434        31.1549
     957      17.1661        33.0376
     958      17.2847        31.6362
     959      17.1916        32.2804
     960      17.4248        31.4007
     961      17.1495        32.1470
     962      17.1037        30.3879
     963      17.0613        33.5359
     964      17.1064        31.5070
     965      17.1031        30.9616
     966      17.0849        30.8631
     967      17.1332        32.9197
     968      17.0029        34.2466
     969      16.8985        30.7164
     970      17.0652        30.8302
     971      17.0083        30.2621
     972      16.8767        29.8763
     973      17.0704        30.9070
     974      16.9644        30.5041
     975      17.1163        32.6593
     976      16.9528        31.3086
     977      16.9900        30.5487
     978      17.0362        31.9009
     979      17.0453        31.5157
     980      16.9821        32.7309
     981      16.9563        31.4980
     982      16.9879        31.8075
     983      17.1631        31.6377
     984      16.9601        30.4515
     985      17.1226        30.7453
     986      16.9269        30.9914
     987      17.2152        32.3050
     988      17.1123        32.1224
     989      17.0081        31.2778
     990      17.3257        32.7967
     991      17.2782        32.3313
     992      17.2143        32.5804
     993      17.0785        31.5836
     994      17.3120        31.1527
     995      17.0286        30.6819
     996      17.0715        30.8121
     997      16.9487        31.0864
     998      17.1173        32.8673
     999      16.9645        30.6264
    1000      16.9296        32.3303
