#Residue     Extended       Bridge         3-10        Alpha           Pi         Turn         Bend
       1       0.0000       0.0000       0.0000       0.0000       0.0000       0.0000       0.0000
       2       0.3100       0.0000       0.0000       0.0000       0.0000       0.0000       0.0000
       3       1.0000       0.0000       0.0000       0.0000       0.0000       0.0000       0.0000
       4       1.0000       0.0000       0.0000       0.0000       0.0000       0.0000       0.0000
       5       0.9990       0.0000       0.0000       0.0000       0.0000       0.0000       0.0000
       6       0.8900       0.0000       0.0000       0.0000       0.0000       0.0000       0.0000
       7       0.4180       0.0000       0.0000       0.0000       0.0000       0.0000       0.5620
       8       0.4180       0.0030       0.0000       0.0000       0.0000       0.0000       0.5780
       9       0.0000       0.0000       0.0130       0.0000       0.0000       0.4660       0.5210
      10       0.0000       0.0000       0.0130       0.0000       0.0000       0.5000       0.4740
      11       0.0000       0.0000       0.0130       0.0000       0.0000       0.4560       0.4290
      12       0.4180       0.0030       0.0000       0.0000       0.0000       0.0000       0.0380
      13       0.4180       0.0000       0.0000       0.0000       0.0000       0.0030       0.5790
      14       0.4180       0.0000       0.0000       0.0000       0.0000       0.0030       0.3180
      15       0.7200       0.0000       0.0000       0.0000       0.0000       0.0000       0.0020
      16       0.9940       0.0000       0.0000       0.0000       0.0000       0.0000       0.0000
      17       1.0000       0.0000       0.0000       0.0000       0.0000       0.0000       0.0000
      18       1.0000       0.0000       0.0000       0.0000       0.0000       0.0000       0.0000
      19       0.0180       0.0000       0.0000       0.0000       0.0000       0.0000       0.9670
      20       0.0000       0.0000       0.0000       0.0000       0.0000       0.0000       1.0000
      21       0.5550       0.0000       0.0000       0.0000       0.0000       0.0000       0.0000
      22       0.5550       0.4370       0.0000       0.0000       0.0000       0.0000       0.0000
      23       0.0000       0.0000       0.0000       0.0000       0.0000       0.0000       1.0000
      24       0.0000       0.0000       0.0000       0.0000       0.0000       0.0000       0.0010
      25       0.0000       0.0000       0.0000       0.0000       0.0000       0.0000       0.0070
      26       0.0000       0.0000       0.1770       0.0120       0.0000       0.8110       0.0000
      27       0.0000       0.0000       0.1770       0.0120       0.0000       0.8110       0.0000
      28       0.0000       0.0000       0.1770       0.0120       0.0000       0.8090       0.0020
      29       0.0000       0.0000       0.0000       0.0120       0.0000       0.0000       0.0590
      30       0.0000       0.0000       0.0000       0.0000       0.0000       0.0100       0.9490
      31       0.0000       0.0000       0.0000       0.0000       0.0000       0.0100       0.2170
      32       0.0000       0.0560       0.0000       0.0000       0.0000       0.0000       0.0000
      33       0.0010       0.0000       0.0000       0.0000       0.0000       0.0000       0.2350
      34       0.6160       0.0000       0.0000       0.0000       0.0000       0.0000       0.0330
      35       1.0000       0.0000       0.0000       0.0000       0.0000       0.0000       0.0000
      36       1.0000       0.0000       0.0000       0.0000       0.0000       0.0000       0.0000
      37       1.0000       0.0000       0.0000       0.0000       0.0000       0.0000       0.0000
      38       0.9700       0.0000       0.0000       0.0000       0.0000       0.0000       0.0150
      39       0.9700       0.0050       0.0000       0.0000       0.0000       0.0000       0.0250
      40       0.7440       0.0000       0.0000       0.0000       0.0000       0.0000       0.2490
      41       0.8640       0.0000       0.0000       0.0000       0.0000       0.0000       0.0000
      42       1.0000       0.0000       0.0000       0.0000       0.0000       0.0000       0.0000
      43       1.0000       0.0000       0.0000       0.0000       0.0000       0.0000       0.0000
      44       1.0000       0.0000       0.0000       0.0000       0.0000       0.0000       0.0000
      45       1.0000       0.0000       0.0000       0.0000       0.0000       0.0000       0.0000
      46       0.7920       0.0000       0.0000       0.0000       0.0000       0.0000       0.2080
      47       0.7920       0.0000       0.0000       0.0000       0.0000       0.0000       0.2080
      48       0.0000       0.0000       0.0460       0.0000       0.0000       0.7920       0.1620
      49       0.0000       0.0000       0.0460       0.0000       0.0000       0.8800       0.0740
      50       0.0000       0.0000       0.0460       0.0000       0.0000       0.8650       0.0890
      51       0.7920       0.0000       0.0000       0.0000       0.0000       0.0000       0.0000
      52       0.7920       0.0000       0.0000       0.0000       0.0000       0.0000       0.2080
      53       0.7920       0.0000       0.0000       0.0000       0.0000       0.0000       0.1660
      54       1.0000       0.0000       0.0000       0.0000       0.0000       0.0000       0.0000
      55       1.0000       0.0000       0.0000       0.0000       0.0000       0.0000       0.0000
      56       0.9990       0.0000       0.0000       0.0000       0.0000       0.0000       0.0000
      57       0.9990       0.0000       0.0000       0.0000       0.0000       0.0000       0.0000
      58       0.7530       0.0000       0.0000       0.0000       0.0000       0.0000       0.0000
      59       0.7440       0.0000       0.0000       0.0000       0.0000       0.0000       0.2560
      60       0.9820       0.0000       0.0000       0.0000       0.0000       0.0000       0.0170
      61       1.0000       0.0000       0.0000       0.0000       0.0000       0.0000       0.0000
      62       1.0000       0.0000       0.0000       0.0000       0.0000       0.0000       0.0000
      63       0.0000       0.0000       0.0000       0.0000       0.0000       0.0000       0.7850
      64       0.0000       0.0000       0.0000       0.0000       0.0000       0.0000       0.9820
      65       0.0000       0.0000       0.7440       0.0310       0.0000       0.1700       0.0550
      66       0.0000       0.0000       0.7630       0.0310       0.0000       0.2030       0.0030
      67       0.0000       0.0000       0.7630       0.0310       0.0000       0.2040       0.0020
      68       0.0000       0.0000       0.5910       0.0310       0.0000       0.3760       0.0020
      69       0.0000       0.0000       0.0000       0.0000       0.0000       0.9950       0.0030
      70       0.0000       0.0000       0.0000       0.0000       0.0000       0.0000       0.0220
      71       0.0000       0.0000       0.0000       0.0000       0.0000       0.0000       0.3380
      72       0.0000       0.0000       0.0000       0.0000       0.0000       0.0030       0.5700
      73       0.0000       0.0000       0.0000       0.0000       0.0000       0.0030       0.9900
      74       0.0000       0.0550       0.0000       0.0000       0.0000       0.0000       0.1210
      75       0.0000       0.0010       0.0000       0.0000       0.0000       0.0000       0.0000
      76       0.0000       0.0000       0.0000       0.0000       0.0000       0.0000       0.0270
      77       0.9990       0.0000       0.0000       0.0000       0.0000       0.0000       0.0000
      78       1.0000       0.0000       0.0000       0.0000       0.0000       0.0000       0.0000
      79       1.0000       0.0000       0.0000       0.0000       0.0000       0.0000       0.0000
      80       0.9980       0.0000       0.0000       0.0000       0.0000       0.0000       0.0000
      81       0.3580       0.0000       0.0000       0.0000       0.0000       0.0000       0.0000
      82       0.0000       0.0000       0.0000       0.0000       0.0000       0.0000       0.0000
      83       0.0000       0.0000       0.0000       0.0000       0.0000       0.0000       0.0000
      84       0.0000       0.0000       0.0000       0.0000       0.0000       0.0010       0.0010
      85       0.0000       0.0000       0.0000       0.0000       0.0000       0.0020       0.9680
      86       0.0000       0.0000       0.0000       0.0000       0.0000       0.0010       0.3050
      87       0.0090       0.0000       0.0000       0.0000       0.0000       0.0000       0.0000
      88       0.9770       0.0000       0.0000       0.0000       0.0000       0.0000       0.0000
      89       1.0000       0.0000       0.0000       0.0000       0.0000       0.0000       0.0000
      90       1.0000       0.0000       0.0000       0.0000       0.0000       0.0000       0.0000
      91       1.0000       0.0000       0.0000       0.0000       0.0000       0.0000       0.0000
      92       1.0000       0.0000       0.0000       0.0000       0.0000       0.0000       0.0000
      93       0.2950       0.0000       0.0000       0.0000       0.0000       0.0000       0.7050
      94       0.2950       0.0000       0.0000       0.0000       0.0000       0.0000       0.7050
      95       0.0000       0.0000       0.2830       0.0000       0.0000       0.3290       0.3880
      96       0.0000       0.0000       0.2830       0.0000       0.0000       0.6420       0.0750
      97       0.0000       0.0000       0.2830       0.0000       0.0000       0.5870       0.1300
      98       0.2950       0.0000       0.0000       0.0000       0.0000       0.0010       0.0000
      99       0.2950       0.0000       0.0000       0.0000       0.0000       0.0000       0.7050
     100       0.2950       0.0000       0.0000       0.0000       0.0000       0.0000       0.2330
     101       1.0000       0.0000       0.0000       0.0000       0.0000       0.0000       0.0000
     102       1.0000       0.0000       0.0000       0.0000       0.0000       0.0000       0.0000
     103       1.0000       0.0000       0.0000       0.0000       0.0000       0.0000       0.0000
     104       1.0000       0.0000       0.0000       0.0000       0.0000       0.0000       0.0000
     105       0.0000       0.0000       0.0000       0.0000       0.0000       0.0000       0.9880
     106       0.0000       0.0000       0.0000       0.0000       0.0000       0.0000       1.0000
     107       0.0480       0.0000       0.0000       0.0000       0.0000       0.0000       0.0000
     108       0.0480       0.9520       0.0000       0.0000       0.0000       0.0000       0.0000
     109       0.0000       0.0000       0.0000       0.0000       0.0000       0.0040       0.9960
     110       0.0000       0.0000       0.0000       0.0000       0.0000       0.0040       0.0430
     111       0.0000       0.0000       0.3260       0.3940       0.0000       0.0330       0.2470
     112       0.0000       0.0000       0.3520       0.3940       0.0000       0.2510       0.0010
     113       0.0000       0.0000       0.3520       0.3940       0.0000       0.2330       0.0210
     114       0.0000       0.0000       0.0440       0.3940       0.0000       0.4830       0.0790
     115       0.0000       0.0000       0.0000       0.0000       0.0000       0.0000       0.6310
     116       0.0000       0.0000       0.0000       0.0000       0.0000       0.0000       0.5010
     117       0.0000       0.0000       0.0000       0.0000       0.0000       0.0000       0.0850
     118       0.0000       0.0000       0.0000       0.0000       0.0000       0.0000       0.9860
     119       0.0000       0.5320       0.0000       0.0000       0.0000       0.0000       0.1080
     120       0.0000       0.0000       0.0000       0.0000       0.0000       0.0000       0.0000
     121       0.0000       0.0000       0.0000       0.0000       0.0000       0.0000       0.1090
     122       1.0000       0.0000       0.0000       0.0000       0.0000       0.0000       0.0000
     123       1.0000       0.0000       0.0000       0.0000       0.0000       0.0000       0.0000
     124       1.0000       0.0000       0.0000       0.0000       0.0000       0.0000       0.0000
     125       0.9920       0.0000       0.0000       0.0000       0.0000       0.0000       0.0000
     126       0.8500       0.0000       0.0000       0.0000       0.0000       0.0000       0.1000
     127       0.8520       0.1250       0.0000       0.0000       0.0000       0.0000       0.0230
     128       0.0090       0.0000       0.0000       0.0000       0.0000       0.0000       0.8980
     129       0.0080       0.0000       0.0000       0.0000       0.0000       0.0000       0.0000
     130       1.0000       0.0000       0.0000       0.0000       0.0000       0.0000       0.0000
     131       1.0000       0.0000       0.0000       0.0000       0.0000       0.0000       0.0000
     132       1.0000       0.0000       0.0000       0.0000       0.0000       0.0000       0.0000
     133       1.0000       0.0000       0.0000       0.0000       0.0000       0.0000       0.0000
     134       0.6690       0.0000       0.0000       0.0000       0.0000       0.0000       0.3310
     135       0.6690       0.0000       0.0000       0.0000       0.0000       0.0000       0.3310
     136       0.0000       0.0000       0.1090       0.0000       0.0000       0.6930       0.1980
     137       0.0000       0.0000       0.1090       0.0000       0.0000       0.8330       0.0580
     138       0.0000       0.0000       0.1090       0.0000       0.0000       0.7870       0.1040
     139       0.6690       0.0000       0.0000       0.0000       0.0000       0.0000       0.0000
     140       0.6690       0.0000       0.0000       0.0000       0.0000       0.0000       0.3310
     141       0.6690       0.0000       0.0000       0.0000       0.0000       0.0000       0.1200
     142       1.0000       0.0000       0.0000       0.0000       0.0000       0.0000       0.0000
     143       1.0000       0.0000       0.0000       0.0000       0.0000       0.0000       0.0000
     144       1.0000       0.0000       0.0000       0.0000       0.0000       0.0000       0.0000
     145       0.9190       0.0000       0.0000       0.0000       0.0000       0.0000       0.0000
     146       0.0000       0.0000       0.0000       0.0000       0.0000       0.0000       0.0000
     147       0.0000       0.0000       0.0000       0.0000       0.0000       0.0000       1.0000
     148       0.9570       0.0000       0.0000       0.0000       0.0000       0.0000       0.0410
     149       1.0000       0.0000       0.0000       0.0000       0.0000       0.0000       0.0000
     150       1.0000       0.0000       0.0000       0.0000       0.0000       0.0000       0.0000
     151       0.0000       0.0000       0.0000       0.0000       0.0000       0.0000       0.7910
     152       0.0000       0.0000       0.0000       0.0000       0.0000       0.0000       1.0000
     153       0.0000       0.0000       0.8080       0.1020       0.0000       0.0870       0.0030
     154       0.0000       0.0000       0.8100       0.1020       0.0000       0.0880       0.0000
     155       0.0000       0.0000       0.8100       0.1020       0.0000       0.0880       0.0000
     156       0.0000       0.0000       0.5520       0.1020       0.0000       0.3460       0.0000
     157       0.0000       0.0000       0.0000       0.0000       0.0000       0.9960       0.0030
     158       0.0000       0.0000       0.0000       0.0000       0.0000       0.0000       0.0000
     159       0.0000       0.0000       0.0000       0.0000       0.0000       0.0000       1.0000
     160       0.0000       0.0000       0.0000       0.0000       0.0000       0.0000       0.9970
     161       0.0000       0.0000       0.0000       0.0000       0.0000       0.0000       0.4730
     162       0.0000       0.5320       0.0000       0.0000       0.0000       0.0000       0.0000
     163       0.0000       0.0000       0.0000       0.0000       0.0000       0.0000       0.0000
     164       0.0000       0.0000       0.0000       0.0000       0.0000       0.0000       0.0780
     165       0.9990       0.0000       0.0000       0.0000       0.0000       0.0000       0.0000
     166       1.0000       0.0000       0.0000       0.0000       0.0000       0.0000       0.0000
     167       1.0000       0.0000       0.0000       0.0000       0.0000       0.0000       0.0000
     168       0.9900       0.0000       0.0000       0.0000       0.0000       0.0000       0.0000
     169       0.0080       0.0000       0.0000       0.0000       0.0000       0.0000       0.1800
     170       0.0000       0.0000       0.0000       0.0000       0.0000       0.0010       0.0620
     171       0.0000       0.0000       0.0000       0.0000       0.0000       0.0060       0.5150
     172       0.0000       0.0000       0.0000       0.0000       0.0000       0.0050       0.0000
     173       0.0000       0.0000       0.0000       0.0000       0.0000       0.0000       0.0000
