#Residue     Extended       Bridge         3-10        Alpha           Pi         Turn         Bend
       1       0.0000       0.0000       0.0000       0.0000       0.0000       0.0000       0.0000
       2       0.0970       0.0000       0.0000       0.0000       0.0000       0.0000       0.0000
       3       1.0000       0.0000       0.0000       0.0000       0.0000       0.0000       0.0000
       4       1.0000       0.0000       0.0000       0.0000       0.0000       0.0000       0.0000
       5       1.0000       0.0000       0.0000       0.0000       0.0000       0.0000       0.0000
       6       1.0000       0.0000       0.0000       0.0000       0.0000       0.0000       0.0000
       7       0.6360       0.0000       0.0000       0.0000       0.0000       0.0000       0.3640
       8       0.6360       0.0010       0.0000       0.0000       0.0000       0.0000       0.3630
       9       0.0000       0.0040       0.0590       0.0000       0.0000       0.6970       0.2400
      10       0.0000       0.0000       0.0590       0.0000       0.0000       0.8290       0.1120
      11       0.0000       0.0000       0.0590       0.0000       0.0000       0.7590       0.1820
      12       0.6360       0.0010       0.0000       0.0000       0.0000       0.0000       0.0000
      13       0.6360       0.0000       0.0000       0.0000       0.0000       0.0000       0.3640
      14       0.6360       0.0000       0.0000       0.0000       0.0000       0.0000       0.1540
      15       0.9990       0.0000       0.0000       0.0000       0.0000       0.0000       0.0000
      16       0.9990       0.0000       0.0000       0.0000       0.0000       0.0000       0.0000
      17       0.9990       0.0000       0.0000       0.0000       0.0000       0.0000       0.0000
      18       0.9990       0.0010       0.0000       0.0000       0.0000       0.0000       0.0000
      19       0.0000       0.0000       0.0000       0.0000       0.0000       0.0000       0.9670
      20       0.0000       0.0000       0.0000       0.0000       0.0000       0.0000       1.0000
      21       0.0010       0.0000       0.0000       0.0000       0.0000       0.0000       0.0000
      22       0.0010       0.9990       0.0000       0.0000       0.0000       0.0000       0.0000
      23       0.0000       0.0000       0.0000       0.0000       0.0000       0.0010       0.9960
      24       0.0000       0.0000       0.0000       0.0000       0.0000       0.0010       0.0010
      25       0.0000       0.0000       0.0000       0.0000       0.0000       0.0000       0.0010
      26       0.0000       0.0000       0.0460       0.0200       0.0000       0.9340       0.0000
      27       0.0000       0.0000       0.0460       0.0200       0.0000       0.9340       0.0000
      28       0.0000       0.0000       0.0460       0.0200       0.0000       0.9340       0.0000
      29       0.0000       0.0000       0.0000       0.0200       0.0000       0.0000       0.0020
      30       0.0000       0.0000       0.0000       0.0000       0.0000       0.0000       0.9450
      31       0.0000       0.0810       0.0000       0.0000       0.0000       0.0000       0.1850
      32       0.0000       0.0000       0.0000       0.0000       0.0000       0.0000       0.0000
      33       0.0040       0.0000       0.0000       0.0000       0.0000       0.0000       0.5130
      34       1.0000       0.0000       0.0000       0.0000       0.0000       0.0000       0.0000
      35       1.0000       0.0000       0.0000       0.0000       0.0000       0.0000       0.0000
      36       1.0000       0.0000       0.0000       0.0000       0.0000       0.0000       0.0000
      37       1.0000       0.0000       0.0000       0.0000       0.0000       0.0000       0.0000
      38       0.9750       0.0000       0.0000       0.0000       0.0000       0.0000       0.0170
      39       0.9750       0.0020       0.0000       0.0000       0.0000       0.0000       0.0230
      40       0.9210       0.0000       0.0000       0.0000       0.0000       0.0000       0.0790
      41       0.9480       0.0000       0.0000       0.0000       0.0000       0.0000       0.0000
      42       1.0000       0.0000       0.0000       0.0000       0.0000       0.0000       0.0000
      43       1.0000       0.0000       0.0000       0.0000       0.0000       0.0000       0.0000
      44       1.0000       0.0000       0.0000       0.0000       0.0000       0.0000       0.0000
      45       1.0000       0.0000       0.0000       0.0000       0.0000       0.0000       0.0000
      46       0.7630       0.0000       0.0000       0.0000       0.0000       0.0000       0.2370
      47       0.7630       0.0000       0.0000       0.0000       0.0000       0.0000       0.2370
      48       0.0000       0.0000       0.0280       0.0000       0.0000       0.8240       0.1480
      49       0.0000       0.0000       0.0280       0.0000       0.0000       0.8730       0.0990
      50       0.0000       0.0000       0.0280       0.0000       0.0000       0.8020       0.1700
      51       0.7630       0.0000       0.0000       0.0000       0.0000       0.0000       0.0000
      52       0.7630       0.0000       0.0000       0.0000       0.0000       0.0000       0.2370
      53       0.7630       0.0000       0.0000       0.0000       0.0000       0.0000       0.2210
      54       1.0000       0.0000       0.0000       0.0000       0.0000       0.0000       0.0000
      55       1.0000       0.0000       0.0000       0.0000       0.0000       0.0000       0.0000
      56       1.0000       0.0000       0.0000       0.0000       0.0000       0.0000       0.0000
      57       1.0000       0.0000       0.0000       0.0000       0.0000       0.0000       0.0000
      58       0.9250       0.0000       0.0000       0.0000       0.0000       0.0000       0.0000
      59       0.9240       0.0000       0.0000       0.0000       0.0000       0.0000       0.0760
      60       0.9990       0.0000       0.0000       0.0000       0.0000       0.0000       0.0010
      61       0.9990       0.0000       0.0000       0.0000       0.0000       0.0000       0.0000
      62       0.9990       0.0010       0.0000       0.0000       0.0000       0.0000       0.0000
      63       0.0000       0.0000       0.0000       0.0000       0.0000       0.0000       0.9240
      64       0.0000       0.0000       0.0000       0.0000       0.0000       0.0000       0.9980
      65       0.0000       0.0000       0.8300       0.0280       0.0000       0.1010       0.0410
      66       0.0000       0.0000       0.8380       0.0280       0.0000       0.1340       0.0000
      67       0.0000       0.0000       0.8380       0.0280       0.0000       0.1340       0.0000
      68       0.0000       0.0000       0.6610       0.0280       0.0000       0.3110       0.0000
      69       0.0000       0.0000       0.0000       0.0000       0.0000       0.9990       0.0000
      70       0.0000       0.0000       0.0000       0.0000       0.0000       0.0000       0.0000
      71       0.0000       0.0000       0.0000       0.0000       0.0000       0.0000       0.6240
      72       0.0000       0.0000       0.0000       0.0000       0.0000       0.0100       0.7030
      73       0.0000       0.0000       0.0000       0.0000       0.0000       0.0100       0.9660
      74       0.0000       0.0810       0.0000       0.0000       0.0000       0.0000       0.0240
      75       0.0000       0.0000       0.0000       0.0000       0.0000       0.0000       0.0000
      76       0.0000       0.0000       0.0000       0.0000       0.0000       0.0000       0.0520
      77       1.0000       0.0000       0.0000       0.0000       0.0000       0.0000       0.0000
      78       1.0000       0.0000       0.0000       0.0000       0.0000       0.0000       0.0000
      79       1.0000       0.0000       0.0000       0.0000       0.0000       0.0000       0.0000
      80       1.0000       0.0000       0.0000       0.0000       0.0000       0.0000       0.0000
      81       0.4230       0.0000       0.0000       0.0000       0.0000       0.0000       0.0000
      82       0.0000       0.0000       0.0000       0.0000       0.0000       0.0000       0.0000
      83       0.0000       0.0000       0.0000       0.0000       0.0000       0.0000       0.0000
      84       0.0000       0.0000       0.0000       0.0000       0.0000       0.0000       0.0030
      85       0.0000       0.0000       0.0000       0.0000       0.0000       0.0000       0.9510
      86       0.0000       0.0000       0.0000       0.0000       0.0000       0.0000       0.3560
      87       0.0110       0.0000       0.0000       0.0000       0.0000       0.0000       0.0000
      88       1.0000       0.0000       0.0000       0.0000       0.0000       0.0000       0.0000
      89       1.0000       0.0000       0.0000       0.0000       0.0000       0.0000       0.0000
      90       1.0000       0.0000       0.0000       0.0000       0.0000       0.0000       0.0000
      91       1.0000       0.0000       0.0000       0.0000       0.0000       0.0000       0.0000
      92       1.0000       0.0000       0.0000       0.0000       0.0000       0.0000       0.0000
      93       0.3810       0.0000       0.0000       0.0000       0.0000       0.0000       0.6190
      94       0.3810       0.0000       0.0000       0.0000       0.0000       0.0000       0.6190
      95       0.0000       0.0000       0.2310       0.0000       0.0000       0.4120       0.3570
      96       0.0000       0.0000       0.2310       0.0000       0.0000       0.6650       0.1040
      97       0.0000       0.0000       0.2310       0.0000       0.0000       0.5940       0.1750
      98       0.3810       0.0000       0.0000       0.0000       0.0000       0.0000       0.0000
      99       0.3810       0.0000       0.0000       0.0000       0.0000       0.0000       0.6190
     100       0.3810       0.0000       0.0000       0.0000       0.0000       0.0000       0.2830
     101       1.0000       0.0000       0.0000       0.0000       0.0000       0.0000       0.0000
     102       1.0000       0.0000       0.0000       0.0000       0.0000       0.0000       0.0000
     103       1.0000       0.0000       0.0000       0.0000       0.0000       0.0000       0.0000
     104       1.0000       0.0000       0.0000       0.0000       0.0000       0.0000       0.0000
     105       0.0000       0.0000       0.0000       0.0000       0.0000       0.0000       0.9830
     106       0.0000       0.0000       0.0000       0.0000       0.0000       0.0000       1.0000
     107       0.0000       0.0000       0.0000       0.0000       0.0000       0.0000       0.0000
     108       0.0000       1.0000       0.0000       0.0000       0.0000       0.0000       0.0000
     109       0.0000       0.0000       0.0000       0.0000       0.0000       0.0070       0.9930
     110       0.0000       0.0000       0.0000       0.0000       0.0000       0.0070       0.0920
     111       0.0000       0.0000       0.2980       0.2810       0.0000       0.1260       0.2830
     112       0.0000       0.0000       0.3200       0.2810       0.0000       0.3500       0.0030
     113       0.0000       0.0000       0.3200       0.2810       0.0000       0.2410       0.1580
     114       0.0000       0.0000       0.0330       0.2810       0.0000       0.4920       0.1940
     115       0.0000       0.0000       0.0000       0.0000       0.0000       0.0000       0.4780
     116       0.0000       0.0000       0.0000       0.0000       0.0000       0.0000       0.6070
     117       0.0000       0.0000       0.0000       0.0000       0.0000       0.0000       0.0200
     118       0.0000       0.0000       0.0000       0.0000       0.0000       0.0010       0.7910
     119       0.0000       0.5000       0.0000       0.0000       0.0000       0.0010       0.0300
     120       0.0000       0.0000       0.0000       0.0000       0.0000       0.0000       0.0000
     121       0.0000       0.0000       0.0000       0.0000       0.0000       0.0000       0.0580
     122       1.0000       0.0000       0.0000       0.0000       0.0000       0.0000       0.0000
     123       1.0000       0.0000       0.0000       0.0000       0.0000       0.0000       0.0000
     124       1.0000       0.0000       0.0000       0.0000       0.0000       0.0000       0.0000
     125       0.9820       0.0000       0.0000       0.0000       0.0000       0.0000       0.0000
     126       0.8470       0.0000       0.0000       0.0000       0.0000       0.0000       0.0200
     127       0.8500       0.1500       0.0000       0.0000       0.0000       0.0000       0.0000
     128       0.0110       0.0000       0.0000       0.0000       0.0000       0.0000       0.9770
     129       0.0070       0.0000       0.0000       0.0000       0.0000       0.0000       0.0000
     130       1.0000       0.0000       0.0000       0.0000       0.0000       0.0000       0.0000
     131       1.0000       0.0000       0.0000       0.0000       0.0000       0.0000       0.0000
     132       1.0000       0.0000       0.0000       0.0000       0.0000       0.0000       0.0000
     133       1.0000       0.0000       0.0000       0.0000       0.0000       0.0000       0.0000
     134       0.6300       0.0000       0.0000       0.0000       0.0000       0.0000       0.3700
     135       0.6300       0.0010       0.0000       0.0000       0.0000       0.0000       0.3690
     136       0.0000       0.0010       0.0680       0.0000       0.0000       0.6680       0.2630
     137       0.0000       0.0000       0.0680       0.0000       0.0000       0.8190       0.1130
     138       0.0000       0.0000       0.0680       0.0000       0.0000       0.7690       0.1630
     139       0.6300       0.0010       0.0000       0.0000       0.0000       0.0000       0.0000
     140       0.6300       0.0000       0.0000       0.0000       0.0000       0.0000       0.3700
     141       0.6300       0.0000       0.0000       0.0000       0.0000       0.0000       0.1580
     142       0.9990       0.0000       0.0000       0.0000       0.0000       0.0000       0.0000
     143       1.0000       0.0000       0.0000       0.0000       0.0000       0.0000       0.0000
     144       1.0000       0.0000       0.0000       0.0000       0.0000       0.0000       0.0000
     145       0.9990       0.0000       0.0000       0.0000       0.0000       0.0000       0.0000
     146       0.0000       0.0000       0.0000       0.0000       0.0000       0.0000       0.0000
     147       0.0000       0.0000       0.0000       0.0000       0.0000       0.0000       1.0000
     148       0.9330       0.0000       0.0000       0.0000       0.0000       0.0000       0.0640
     149       1.0000       0.0000       0.0000       0.0000       0.0000       0.0000       0.0000
     150       1.0000       0.0000       0.0000       0.0000       0.0000       0.0000       0.0000
     151       0.0000       0.0000       0.0000       0.0000       0.0000       0.0000       0.7050
     152       0.0000       0.0000       0.0000       0.0000       0.0000       0.0000       0.9980
     153       0.0000       0.0000       0.7930       0.1040       0.0000       0.1020       0.0010
     154       0.0000       0.0000       0.7930       0.1040       0.0000       0.1030       0.0000
     155       0.0000       0.0000       0.7930       0.1040       0.0000       0.1030       0.0000
     156       0.0000       0.0000       0.4800       0.1040       0.0000       0.4160       0.0000
     157       0.0000       0.0000       0.0000       0.0000       0.0000       0.9970       0.0020
     158       0.0000       0.0000       0.0000       0.0000       0.0000       0.0000       0.0000
     159       0.0000       0.0000       0.0000       0.0000       0.0000       0.0000       0.9990
     160       0.0000       0.0000       0.0000       0.0000       0.0000       0.0000       0.9490
     161       0.0000       0.0000       0.0000       0.0000       0.0000       0.0000       0.7050
     162       0.0000       0.5000       0.0000       0.0000       0.0000       0.0000       0.0000
     163       0.0000       0.0000       0.0000       0.0000       0.0000       0.0000       0.0000
     164       0.0010       0.0000       0.0000       0.0000       0.0000       0.0000       0.1860
     165       0.9980       0.0000       0.0000       0.0000       0.0000       0.0000       0.0000
     166       1.0000       0.0000       0.0000       0.0000       0.0000       0.0000       0.0000
     167       1.0000       0.0000       0.0000       0.0000       0.0000       0.0000       0.0000
     168       1.0000       0.0000       0.0000       0.0000       0.0000       0.0000       0.0000
     169       0.0070       0.0000       0.0000       0.0000       0.0000       0.0000       0.1940
     170       0.0000       0.0020       0.0000       0.0000       0.0000       0.0000       0.0130
     171       0.0000       0.0000       0.0000       0.0000       0.0000       0.0630       0.4530
     172       0.0000       0.0000       0.0000       0.0000       0.0000       0.0630       0.0000
     173       0.0000       0.0020       0.0000       0.0000       0.0000       0.0000       0.0000
