#Frame      RoG_00004 RoG_00004[Max]
       1      16.8902        31.1695
       2      16.7146        30.4171
       3      16.8596        29.1108
       4      16.9240        29.9411
       5      16.7432        29.3672
       6      16.8710        30.5028
       7      16.8826        28.9229
       8      17.0551        31.6256
       9      16.9456        29.2631
      10      16.6986        28.6006
      11      16.8963        28.8278
      12      17.1459        29.3790
      13      17.0077        29.4135
      14      16.9362        29.7556
      15      16.8609        29.0746
      16      16.9823        29.5793
      17      16.9110        29.1383
      18      17.0436        29.2644
      19      17.0206        29.6917
      20      16.8144        28.1964
      21      16.8503        30.2342
      22      16.8751        31.2952
      23      16.9613        30.4010
      24      16.9525        32.2971
      25      16.8108        32.2593
      26      16.9968        30.6292
      27      16.9255        30.4313
      28      16.8013        31.4691
      29      16.8835        31.3556
      30      16.8660        30.3808
      31      16.8687        29.9874
      32      16.9509        29.6980
      33      16.9428        30.5753
      34      17.0007        30.7108
      35      16.7200        29.6841
      36      16.7912        30.5818
      37      16.8764        31.2748
      38      16.8561        31.4553
      39      17.0243        30.3448
      40      17.0540        30.2821
      41      17.1226        29.2779
      42      17.0476        29.9285
      43      17.2008        31.1366
      44      17.1141        30.0694
      45      17.3106        31.3281
      46      17.1768        31.2362
      47      16.9701        29.8648
      48      17.1199        30.9169
      49      17.0189        29.8747
      50      17.0114        29.2899
      51      16.9951        30.5773
      52      16.9281        29.8720
      53      16.9317        29.5064
      54      17.0957        29.8142
      55      17.0965        30.7757
      56      17.1475        30.8838
      57      16.8567        30.5868
      58      17.1703        31.3583
      59      17.1253        31.1500
      60      16.9664        29.6708
      61      17.0336        30.7135
      62      17.1118        30.8539
      63      17.1091        29.6161
      64      17.0715        29.8145
      65      17.0071        30.9938
      66      16.9069        30.8895
      67      17.1193        30.3414
      68      16.9740        30.0689
      69      17.0025        29.9291
      70      16.9843        29.2315
      71      17.0222        29.4944
      72      16.8987        29.0343
      73      17.1031        30.2169
      74      16.8795        31.5528
      75      17.0120        30.1003
      76      17.0550        30.3868
      77      17.0359        29.6117
      78      17.0070        29.6382
      79      17.0608        30.8150
      80      17.1035        31.2866
      81      16.9052        30.8228
      82      17.0926        30.0980
      83      16.9790        30.6261
      84      17.1211        31.2171
      85      17.1937        31.7637
      86      17.1648        31.4283
      87      17.1897        31.3459
      88      17.1763        30.8145
      89      17.1624        30.8235
      90      17.0939        31.2722
      91      17.2097        31.3780
      92      17.2349        31.3566
      93      17.2362        32.4265
      94      17.0933        30.3018
      95      17.1216        32.5263
      96      17.1554        32.0325
      97      17.1606        29.5653
      98      17.0933        30.3760
      99      17.1030        30.0639
     100      17.0434        31.0865
     101      17.1218        30.3446
     102      17.1574        30.7665
     103      17.2097        31.4519
     104      17.0750        30.6428
     105      17.0039        31.6532
     106      17.0125        31.0504
     107      17.0317        30.2762
     108      17.0977        29.7916
     109      17.1508        30.1662
     110      17.0278        29.7257
     111      17.2652        31.6047
     112      17.1569        30.4955
     113      17.1656        29.9178
     114      17.1772        30.6472
     115      17.2035        30.6506
     116      17.3274        30.0473
     117      17.3840        31.6366
     118      17.1660        32.5847
     119      17.2253        31.7310
     120      17.2291        31.3593
     121      17.1635        30.0245
     122      17.1506        30.5472
     123      17.3148        31.2614
     124      17.2746        30.4753
     125      17.3058        30.6921
     126      17.1666        31.5916
     127      17.2167        31.1581
     128      17.1224        29.6856
     129      17.2011        32.1786
     130      17.2339        31.7430
     131      17.2116        30.2382
     132      17.1300        30.9099
     133      17.1678        31.8574
     134      17.1714        30.7250
     135      17.1671        30.9715
     136      17.0569        31.6827
     137      17.1763        30.5897
     138      17.1540        30.4392
     139      17.1831        30.1528
     140      17.0620        29.9692
     141      17.0649        31.1386
     142      17.0915        30.5221
     143      17.1938        31.1648
     144      17.0968        29.7455
     145      17.0984        30.7736
     146      17.1432        30.6135
     147      16.9874        30.9681
     148      17.1432        31.6377
     149      17.1241        32.0030
     150      17.0546        31.0860
     151      16.9739        29.1226
     152      16.9155        29.8906
     153      17.1628        30.9065
     154      17.1003        30.3239
     155      16.9079        29.9605
     156      17.0004        29.9676
     157      17.0175        29.4010
     158      16.9535        29.6474
     159      17.1333        32.5916
     160      17.1501        31.2011
     161      16.9093        31.7297
     162      17.0885        30.6581
     163      17.1605        30.0501
     164      16.8898        29.3769
     165      17.1870        30.6027
     166      17.0846        31.2046
     167      16.9451        31.0857
     168      17.0340        29.4033
     169      16.9161        29.5707
     170      17.0177        30.1443
     171      17.1124        29.9529
     172      16.9565        30.2173
     173      16.9758        30.2915
     174      17.0579        30.0433
     175      16.9779        29.7367
     176      17.1275        30.4980
     177      17.0931        30.1328
     178      16.9748        29.0802
     179      17.1547        30.0474
     180      17.0530        30.9806
     181      17.0768        31.1743
     182      17.0177        29.5463
     183      17.0338        31.0803
     184      16.9550        30.3789
     185      16.9634        29.6068
     186      16.8043        29.3847
     187      16.9863        30.1216
     188      17.0628        29.6480
     189      17.0819        31.0268
     190      17.1257        29.9259
     191      17.0772        29.9599
     192      17.1499        30.5505
     193      17.0645        29.6825
     194      16.9803        29.9193
     195      16.9556        30.1175
     196      16.8530        30.0575
     197      17.1035        30.1227
     198      17.1557        30.6238
     199      17.0129        29.8771
     200      17.0142        30.1928
     201      17.0349        30.5434
     202      16.9914        30.5209
     203      16.9831        31.4374
     204      17.0303        31.1335
     205      17.1175        30.8021
     206      17.0311        30.4503
     207      16.9592        31.1478
     208      17.1068        30.6453
     209      16.8537        29.9185
     210      17.2073        29.8334
     211      16.9849        29.6457
     212      17.0849        30.0450
     213      17.2056        31.3178
     214      17.1266        30.3262
     215      17.0991        30.0910
     216      16.9961        30.0022
     217      17.0608        30.2050
     218      17.0309        29.0653
     219      17.0350        29.3902
     220      17.1357        31.1020
     221      17.0417        29.7082
     222      16.9970        30.9367
     223      17.0045        32.3142
     224      16.8854        30.6768
     225      16.9444        31.2792
     226      17.0631        30.1221
     227      17.1827        30.1054
     228      17.1807        31.2705
     229      17.1676        31.9324
     230      17.3131        33.0568
     231      17.0509        29.7999
     232      17.1687        29.9406
     233      17.0642        31.7130
     234      17.0895        30.9155
     235      17.1999        31.1082
     236      17.2621        31.0325
     237      17.1217        30.2314
     238      17.0641        31.1350
     239      17.0710        31.7126
     240      17.1644        31.7437
     241      17.1657        30.8951
     242      17.0861        30.6101
     243      17.1948        31.5911
     244      17.0870        30.4918
     245      17.0675        31.4934
     246      17.0016        32.7721
     247      17.0136        32.5587
     248      17.0335        29.8231
     249      17.0909        29.6127
     250      17.3390        31.5115
     251      17.2762        30.3402
     252      17.2264        31.4326
     253      17.2836        30.5645
     254      17.0549        30.7816
     255      17.2195        31.1928
     256      17.1923        33.0263
     257      17.1057        30.7397
     258      17.2469        29.8964
     259      17.2979        30.6253
     260      17.1150        30.6136
     261      17.0726        30.2144
     262      17.1902        29.8005
     263      17.2245        30.7490
     264      17.2135        30.2965
     265      17.2418        30.8240
     266      17.3496        31.1706
     267      17.2141        30.0866
     268      17.2018        30.3925
     269      17.1341        31.9169
     270      17.0778        31.4352
     271      17.2377        30.5995
     272      17.1588        30.2588
     273      17.1617        30.7301
     274      17.2047        31.6152
     275      17.2007        31.7285
     276      17.1664        29.9751
     277      17.1205        29.7020
     278      17.2461        30.0225
     279      17.0357        29.8402
     280      17.3024        31.4327
     281      17.2882        30.6228
     282      17.4136        32.0522
     283      17.1658        30.5864
     284      17.2218        31.6804
     285      17.2457        30.6198
     286      17.2681        31.9298
     287      17.1910        31.9229
     288      17.2269        31.2884
     289      17.1256        29.5634
     290      17.1859        33.1578
     291      17.1739        33.3400
     292      17.3023        31.3537
     293      17.8143        34.6871
     294      17.6276        32.1373
     295      17.6694        33.7952
     296      17.3763        33.0446
     297      17.2979        30.7453
     298      17.4063        32.2750
     299      17.2806        30.9601
     300      17.5615        32.3273
     301      17.6335        32.3629
     302      17.7384        32.7401
     303      17.4735        32.3245
     304      17.7821        32.7289
     305      17.7456        32.0521
     306      17.8637        32.4438
     307      17.7892        32.3755
     308      17.4804        31.7920
     309      17.4550        31.1904
     310      17.6176        31.4264
     311      17.9246        31.4076
     312      17.6993        31.3735
     313      17.8075        32.0191
     314      17.3945        30.6627
     315      17.7334        32.2011
     316      17.8086        32.9844
     317      17.9500        31.9585
     318      17.7664        32.4920
     319      18.1613        31.7041
     320      17.8918        32.9152
     321      18.1136        33.0609
     322      17.7618        31.0189
     323      17.6343        31.2452
     324      17.7684        31.0745
     325      17.6258        30.0240
     326      17.9756        32.2653
     327      17.6940        32.4809
     328      17.8348        32.3639
     329      17.8005        32.2863
     330      17.8327        31.2644
     331      17.8963        31.4320
     332      17.5286        30.9346
     333      17.9588        32.1208
     334      17.5437        31.8977
     335      17.6202        31.4703
     336      17.7258        32.2227
     337      17.9796        31.6822
     338      17.8168        31.2684
     339      17.6219        32.8815
     340      17.9086        32.3632
     341      18.1196        31.6392
     342      17.7710        31.5484
     343      17.5221        32.1951
     344      17.4848        33.8652
     345      17.3383        31.9240
     346      17.5361        31.8218
     347      17.6219        33.1625
     348      17.4848        31.3285
     349      17.4083        33.4914
     350      17.4483        31.5254
     351      17.1649        31.6846
     352      17.2391        30.5778
     353      17.2640        31.1973
     354      17.3165        29.9176
     355      17.1249        30.1712
     356      17.1934        31.2932
     357      17.3932        31.6661
     358      17.2008        30.6971
     359      17.2432        30.9958
     360      17.1579        29.7600
     361      17.0974        30.5000
     362      17.1621        30.4766
     363      17.1236        30.0291
     364      17.0712        29.4348
     365      17.1795        33.3666
     366      17.3081        31.1230
     367      17.3123        30.6829
     368      17.2180        30.1498
     369      17.2530        31.3288
     370      17.1929        31.2407
     371      17.2045        31.2860
     372      17.1770        32.6178
     373      17.1080        31.3457
     374      17.0416        32.4257
     375      17.2523        32.2682
     376      17.2158        31.9361
     377      17.2784        32.3259
     378      17.1670        30.7840
     379      17.1344        30.6642
     380      17.1556        30.3747
     381      17.1265        30.6092
     382      17.0554        30.8827
     383      17.1989        30.4180
     384      17.0375        31.0280
     385      17.0026        31.5340
     386      17.3361        30.2926
     387      17.2708        30.6719
     388      17.2630        30.3977
     389      17.2459        31.4282
     390      17.2521        29.6989
     391      17.2180        30.2346
     392      17.2080        30.3215
     393      17.1207        30.5149
     394      17.1893        30.5163
     395      17.0957        29.9386
     396      17.3811        31.2278
     397      17.3906        31.2168
     398      17.3150        31.0501
     399      17.3046        32.3603
     400      17.4014        31.6593
     401      17.2455        31.0334
     402      17.2337        31.0310
     403      17.3616        30.5180
     404      17.1790        30.7908
     405      17.1988        31.6124
     406      17.3823        32.6524
     407      17.3319        30.9138
     408      17.2402        31.7949
     409      17.3955        30.7423
     410      17.2800        31.9859
     411      17.3616        30.5417
     412      17.4067        31.6315
     413      17.2669        30.8671
     414      17.4048        33.0056
     415      17.3312        31.2476
     416      17.4468        32.2332
     417      17.4530        32.8673
     418      17.4149        33.2443
     419      17.4669        32.6681
     420      17.2997        31.9670
     421      17.1481        31.2942
     422      17.4596        32.5758
     423      17.3909        31.9038
     424      17.3188        32.0473
     425      17.2237        31.1781
     426      17.3369        32.0204
     427      17.1599        30.5678
     428      17.5134        32.6657
     429      17.2308        32.8310
     430      17.2898        31.4987
     431      17.3329        32.1203
     432      17.2208        32.8990
     433      17.2686        30.8724
     434      17.3315        30.4803
     435      17.2482        30.4425
     436      17.1748        30.6619
     437      17.3678        30.8872
     438      17.1617        30.2496
     439      17.2775        31.6845
     440      17.2897        32.2698
     441      17.3985        32.6285
     442      17.2275        32.8115
     443      17.3719        30.9204
     444      17.1322        31.1201
     445      17.2041        30.4654
     446      17.4176        31.1936
     447      17.1649        30.6399
     448      17.4075        33.7080
     449      17.3578        30.0450
     450      17.2824        29.9333
     451      17.1668        30.5235
     452      17.3243        31.4591
     453      17.3207        30.3915
     454      17.3177        31.2461
     455      17.5936        31.8907
     456      17.5793        30.4316
     457      17.3573        31.3576
     458      17.5780        32.2731
     459      17.3198        30.7364
     460      17.2497        29.8751
     461      17.3305        30.3221
     462      17.0792        30.7715
     463      17.3107        31.5369
     464      17.0877        31.8292
     465      17.1975        30.2152
     466      17.1519        31.3844
     467      17.1370        32.6565
     468      17.0182        29.5636
     469      17.1871        30.8429
     470      17.1467        31.8557
     471      17.0948        31.4642
     472      17.2047        32.1811
     473      17.2066        30.7370
     474      17.2229        31.3106
     475      17.2547        32.0302
     476      17.1316        30.4591
     477      16.9989        30.7516
     478      17.0496        31.2674
     479      17.2502        31.3715
     480      17.1965        29.9904
     481      16.9700        31.9605
     482      17.1833        32.1657
     483      17.3286        31.4442
     484      17.1729        31.3443
     485      17.2165        33.5347
     486      17.1793        32.4462
     487      17.1834        30.0335
     488      17.1207        30.4137
     489      17.2931        30.6825
     490      17.1167        30.0174
     491      17.2776        32.1870
     492      17.2326        30.8572
     493      17.3341        31.4892
     494      17.2113        31.0463
     495      17.1590        31.4564
     496      17.0946        31.3268
     497      17.1563        31.6138
     498      17.0589        30.2565
     499      17.1262        29.4568
     500      17.1088        30.5161
     501      17.1737        29.1643
     502      17.0569        31.2053
     503      17.1551        30.6010
     504      17.1217        29.9874
     505      17.2104        30.0395
     506      17.1422        31.1590
     507      17.2433        31.2595
     508      17.1197        31.6682
     509      17.0835        31.8641
     510      17.2006        31.1402
     511      17.2941        30.9279
     512      17.0601        30.0158
     513      17.0460        29.1949
     514      17.0596        30.8093
     515      17.0302        30.2276
     516      17.1544        31.6080
     517      17.1815        30.4625
     518      17.1567        30.8795
     519      17.1879        30.1357
     520      17.1917        30.3889
     521      16.9770        29.5473
     522      17.2714        31.8608
     523      17.1367        31.9533
     524      16.9768        33.3566
     525      17.1107        30.0152
     526      17.1110        31.2603
     527      17.1299        31.5750
     528      17.4112        32.1139
     529      17.1100        31.0468
     530      17.1561        32.5082
     531      17.0009        29.3644
     532      17.1240        31.5792
     533      17.2973        30.1661
     534      17.1978        30.0783
     535      17.1238        29.7451
     536      17.2367        31.3887
     537      17.3473        31.2070
     538      17.2723        31.5042
     539      17.2530        31.3463
     540      17.3521        31.5632
     541      17.0363        30.8739
     542      17.1171        31.3280
     543      17.0198        31.5342
     544      17.3449        31.8797
     545      17.3310        30.9194
     546      17.1566        32.9593
     547      17.1770        31.2386
     548      17.2480        31.7515
     549      17.1699        31.5067
     550      17.1596        31.5745
     551      17.2009        30.2400
     552      17.1813        30.2589
     553      17.2713        32.1073
     554      17.1121        31.4363
     555      17.1879        31.2769
     556      17.1899        31.6295
     557      17.0956        30.1328
     558      17.4175        32.1019
     559      17.3074        30.5022
     560      17.2580        31.1278
     561      17.3756        31.4146
     562      17.2282        30.0258
     563      17.2525        30.2156
     564      17.3664        31.2124
     565      17.4245        32.9912
     566      17.2046        31.7230
     567      17.0656        30.6460
     568      17.0288        31.3168
     569      16.9574        30.5374
     570      17.0562        30.6191
     571      17.0364        31.7158
     572      17.1100        32.3798
     573      16.9504        31.4562
     574      17.0324        29.4001
     575      17.0909        31.4724
     576      16.9456        30.1865
     577      17.0593        31.3788
     578      17.1210        32.2335
     579      17.1151        30.1991
     580      17.2840        32.3234
     581      17.0297        30.7942
     582      17.0949        30.9774
     583      17.0496        30.4193
     584      17.0563        30.6780
     585      17.0242        32.2293
     586      17.0788        32.2326
     587      16.9991        30.0245
     588      17.0869        31.5229
     589      17.1893        32.2417
     590      16.8500        30.1049
     591      17.2387        30.3838
     592      17.1052        30.2867
     593      17.1568        31.2181
     594      17.2419        31.4867
     595      17.0514        30.1366
     596      17.0489        31.5268
     597      17.1340        30.6505
     598      17.0721        30.8971
     599      17.1611        31.2124
     600      17.0518        30.3721
     601      17.0972        32.6105
     602      17.1447        30.6952
     603      17.0944        29.7704
     604      17.1257        29.9692
     605      17.1979        32.1022
     606      17.1969        31.6187
     607      17.1421        31.4695
     608      17.3300        31.5403
     609      17.0403        30.6186
     610      17.0475        29.5911
     611      16.9217        30.0274
     612      16.7525        32.5198
     613      16.9752        29.9633
     614      16.9010        29.5232
     615      17.0137        32.6171
     616      17.2069        31.3721
     617      16.9751        31.6143
     618      17.1861        31.5644
     619      17.0435        32.0722
     620      16.9469        29.3615
     621      17.0475        30.8608
     622      17.1004        31.0145
     623      16.9276        29.5683
     624      17.0547        31.6594
     625      17.0128        30.4702
     626      17.0310        31.5412
     627      17.1210        32.6126
     628      17.1503        30.5281
     629      17.1205        33.6630
     630      16.9113        32.7715
     631      17.1346        30.4904
     632      17.1679        34.5751
     633      17.1684        30.6356
     634      17.1757        30.4588
     635      16.9530        30.4405
     636      16.9731        30.2790
     637      17.2068        32.7507
     638      16.9354        30.6060
     639      16.7764        31.9259
     640      16.8525        30.5033
     641      16.7777        31.3935
     642      16.7595        31.6337
     643      16.8123        29.3406
     644      16.9321        31.6048
     645      16.9109        32.6094
     646      17.0512        31.6217
     647      17.0920        30.9474
     648      17.1054        30.7032
     649      17.0136        30.0169
     650      16.9193        31.1065
     651      17.0673        31.3424
     652      17.1009        31.2284
     653      17.1141        30.7450
     654      17.0430        31.4171
     655      17.1450        31.8105
     656      17.1224        31.6008
     657      16.9805        31.5157
     658      17.0147        31.2734
     659      16.9115        29.5507
     660      17.0322        30.2630
     661      16.9931        31.4555
     662      17.0827        30.9316
     663      17.0784        30.7108
     664      17.0549        32.0628
     665      17.0377        29.3974
     666      16.9482        30.8752
     667      16.9998        29.4971
     668      17.0393        31.3440
     669      17.0177        31.4364
     670      16.9004        30.6834
     671      17.0195        30.6464
     672      17.1199        30.4749
     673      16.8799        31.2647
     674      17.0570        32.6366
     675      17.0780        30.4088
     676      17.1914        31.8438
     677      17.1165        30.3243
     678      17.1048        30.8306
     679      17.2871        30.2257
     680      16.9314        32.8232
     681      16.9988        29.8703
     682      17.1193        29.9786
     683      16.9301        29.5021
     684      17.0635        31.4715
     685      17.0291        30.1541
     686      16.9851        29.4075
     687      17.3367        31.3009
     688      17.3176        33.1306
     689      17.1311        29.8793
     690      17.3471        31.1858
     691      17.0262        30.3933
     692      17.0739        32.8223
     693      17.2469        30.1455
     694      17.1228        32.1838
     695      17.2141        31.1066
     696      17.0133        32.5827
     697      17.2207        33.3299
     698      17.0558        30.7111
     699      17.1916        30.3021
     700      17.1842        30.3263
     701      17.1761        30.4910
     702      17.0894        31.5630
     703      17.2145        33.1936
     704      17.3207        32.5947
     705      17.1843        30.4618
     706      17.2524        31.3464
     707      17.1492        30.0506
     708      17.1014        31.8942
     709      17.0955        31.1962
     710      17.0727        30.5438
     711      17.0573        30.9682
     712      16.9519        30.9093
     713      17.1693        31.5741
     714      17.0631        30.0929
     715      16.9574        29.0320
     716      16.9023        28.8824
     717      16.8972        30.4464
     718      16.9835        30.0276
     719      17.0484        30.9404
     720      16.9815        30.3806
     721      17.1546        30.9418
     722      17.2086        30.3808
     723      17.0302        31.1211
     724      17.2362        31.0674
     725      16.9954        31.3446
     726      16.8415        30.4547
     727      16.8530        29.4487
     728      16.9113        29.4131
     729      17.0292        30.7735
     730      16.9251        30.6012
     731      16.8731        29.3778
     732      16.9008        31.5953
     733      16.9416        29.7886
     734      17.0054        32.0726
     735      17.0317        32.5781
     736      17.0534        30.0525
     737      16.8780        32.1462
     738      17.0293        32.3016
     739      17.0194        30.1264
     740      16.9178        30.6230
     741      16.9919        31.2254
     742      16.9370        30.9552
     743      16.9454        31.8586
     744      16.8754        29.4707
     745      16.9493        29.3694
     746      16.8648        30.3238
     747      16.9264        30.2028
     748      17.0276        29.9500
     749      16.9355        30.3994
     750      16.7925        30.4044
     751      16.9775        30.4937
     752      16.8623        30.5321
     753      16.9000        31.4861
     754      16.8869        30.8904
     755      16.9762        29.6787
     756      16.8469        29.7685
     757      16.8852        30.2240
     758      16.8281        31.0288
     759      17.0783        30.7218
     760      17.0584        30.3841
     761      17.0703        30.1967
     762      17.0540        30.2568
     763      17.1871        30.0488
     764      17.1238        30.4813
     765      17.1432        32.4989
     766      17.2331        30.4943
     767      16.8953        30.0799
     768      16.9804        31.2443
     769      16.9281        31.4810
     770      16.9774        30.2689
     771      17.0966        32.6173
     772      17.0140        32.2780
     773      17.1112        31.3031
     774      16.7303        29.1410
     775      17.0352        29.9667
     776      16.9243        29.7850
     777      17.2528        30.6817
     778      17.2950        30.4938
     779      16.9807        29.6111
     780      17.2621        30.1721
     781      17.4732        30.3355
     782      17.1949        30.1644
     783      17.2264        30.3711
     784      17.1187        29.5282
     785      17.1684        30.7700
     786      17.0428        29.8554
     787      17.1762        30.6411
     788      17.0773        31.3626
     789      17.1002        30.4800
     790      17.1380        31.7269
     791      17.3140        31.9807
     792      17.0894        30.6510
     793      17.1442        31.8456
     794      17.3560        31.0304
     795      17.2475        30.9306
     796      16.9829        29.5973
     797      17.1596        29.8694
     798      17.2375        31.1709
     799      17.2169        30.6286
     800      17.2286        30.8909
     801      17.3035        31.0337
     802      17.4907        31.3376
     803      17.2109        31.5778
     804      17.2287        30.7386
     805      17.1907        31.0688
     806      17.2056        31.0871
     807      17.2674        31.5131
     808      17.0647        30.1569
     809      17.0518        30.5916
     810      16.9840        30.3507
     811      17.0131        30.5833
     812      17.1039        30.7135
     813      17.1517        31.0007
     814      17.0424        30.6667
     815      16.8426        31.1823
     816      16.8882        29.9568
     817      17.1545        30.6452
     818      17.1069        30.4191
     819      17.0732        30.6605
     820      17.2429        30.0087
     821      16.9768        30.7032
     822      17.0915        30.3535
     823      16.9891        32.2576
     824      17.0972        29.7705
     825      16.9373        31.8426
     826      17.2165        31.0197
     827      17.0781        30.7273
     828      17.0229        32.0456
     829      17.2028        32.3619
     830      17.1479        30.6134
     831      17.0287        30.2523
     832      17.0633        30.5351
     833      16.7223        30.1673
     834      16.8703        29.7382
     835      16.7973        29.5654
     836      16.9504        31.1344
     837      16.9255        31.4629
     838      16.9474        30.1093
     839      16.8913        30.0793
     840      16.9123        30.4528
     841      16.8418        30.3401
     842      16.7947        30.1362
     843      16.7877        29.7395
     844      16.8862        30.2755
     845      16.8422        29.5056
     846      16.9880        30.2487
     847      16.8482        32.2887
     848      16.9179        30.3525
     849      17.0976        31.4605
     850      16.8241        30.2139
     851      16.7020        29.0224
     852      16.8442        29.6207
     853      17.0030        30.3845
     854      16.9427        29.0926
     855      17.0884        30.0801
     856      17.0296        30.2264
     857      17.0922        31.0268
     858      17.1464        30.8013
     859      17.0945        31.1465
     860      17.1606        30.1105
     861      17.1795        31.7935
     862      17.1666        30.0961
     863      17.1619        31.8026
     864      17.0198        30.3811
     865      17.0678        31.0414
     866      17.1879        31.1505
     867      17.1437        31.7542
     868      17.1961        29.5182
     869      17.1700        29.8062
     870      17.2634        31.1923
     871      16.9918        29.2991
     872      17.0414        29.6454
     873      17.3089        32.1039
     874      17.3277        30.0371
     875      17.2078        30.1204
     876      17.2681        31.0167
     877      17.0486        30.4280
     878      17.1215        31.0433
     879      17.3209        31.4172
     880      17.1004        30.9205
     881      17.2189        30.4353
     882      17.0828        30.6374
     883      17.0684        29.9426
     884      17.0663        31.3385
     885      17.0464        29.2853
     886      17.2763        29.6021
     887      17.2456        32.4739
     888      17.2450        31.4527
     889      17.1346        30.7389
     890      17.1685        30.2560
     891      17.2727        29.9110
     892      17.2160        29.7076
     893      17.2052        31.6089
     894      17.2759        30.3933
     895      17.1136        29.8071
     896      16.9647        29.8564
     897      17.2398        30.1428
     898      17.0749        29.8780
     899      17.1836        32.2010
     900      17.1779        30.6970
     901      17.0826        29.7806
     902      17.1411        30.8896
     903      17.0507        31.2036
     904      17.2836        32.2631
     905      17.1861        31.6442
     906      17.1485        31.2831
     907      17.1627        31.1956
     908      17.1764        31.8683
     909      17.3930        32.8303
     910      17.2219        29.7652
     911      17.2690        30.9302
     912      17.8380        31.7007
     913      18.1294        34.9926
     914      17.6661        32.0764
     915      17.5491        31.8588
     916      17.4400        32.0940
     917      17.7967        31.3601
     918      18.1093        32.0948
     919      17.9331        31.2559
     920      17.9020        32.2566
     921      17.7440        30.5831
     922      17.9470        32.4779
     923      17.7849        31.9458
     924      17.7539        32.0878
     925      17.7415        32.7050
     926      17.9087        32.0483
     927      18.2507        34.0532
     928      17.9164        32.2969
     929      18.1106        32.5528
     930      17.8435        32.6832
     931      18.1783        32.7294
     932      17.8895        31.1871
     933      17.7638        32.8634
     934      17.9851        32.1656
     935      17.5457        30.6555
     936      17.9379        31.5631
     937      17.7107        32.6249
     938      17.6222        31.2095
     939      17.8510        31.1740
     940      17.7823        30.7410
     941      18.0910        33.5210
     942      17.7672        33.1570
     943      18.2645        33.2205
     944      17.7575        32.5964
     945      17.8079        33.6703
     946      17.8193        32.0857
     947      17.7535        32.6959
     948      17.7281        32.7828
     949      17.8468        32.2610
     950      17.9922        32.6106
     951      17.8187        33.0211
     952      17.4478        32.4570
     953      17.7593        32.1428
     954      17.8088        32.4090
     955      17.8445        33.7301
     956      18.1321        32.5543
     957      17.7625        31.8320
     958      17.5413        32.1624
     959      17.5232        33.5247
     960      17.8139        32.3281
     961      17.9017        32.5642
     962      17.9233        32.4308
     963      17.8753        32.6041
     964      17.8159        32.5183
     965      17.5647        31.6201
     966      17.8003        34.2809
     967      17.3713        31.4833
     968      17.3054        31.8593
     969      18.0126        33.9738
     970      18.0116        32.2696
     971      17.6971        32.0111
     972      17.3963        31.5129
     973      17.4153        32.4642
     974      18.1792        34.3028
     975      17.6500        31.8547
     976      17.8047        31.6353
     977      17.4780        32.4264
     978      18.0374        32.7672
     979      17.4137        32.8989
     980      17.2888        31.3155
     981      17.7652        32.6377
     982      17.8601        33.9481
     983      17.9357        32.9108
     984      17.8300        32.9295
     985      18.1239        32.0541
     986      18.2517        33.1658
     987      17.8384        32.4463
     988      17.8943        32.8970
     989      17.9952        31.1035
     990      18.2098        32.9525
     991      18.3789        33.2931
     992      18.3284        32.4451
     993      18.0622        31.5439
     994      18.4068        34.2465
     995      17.8015        32.4720
     996      18.3844        34.0921
     997      18.0602        30.9255
     998      17.8593        31.6270
     999      18.1442        34.2653
    1000      17.8978        31.3494
