#Residue     Extended       Bridge         3-10        Alpha           Pi         Turn         Bend
       1       0.0000       0.0000       0.0000       0.0000       0.0000       0.0000       0.0000
       2       0.1580       0.0000       0.0000       0.0000       0.0000       0.0000       0.0000
       3       1.0000       0.0000       0.0000       0.0000       0.0000       0.0000       0.0000
       4       1.0000       0.0000       0.0000       0.0000       0.0000       0.0000       0.0000
       5       1.0000       0.0000       0.0000       0.0000       0.0000       0.0000       0.0000
       6       1.0000       0.0000       0.0000       0.0000       0.0000       0.0000       0.0000
       7       0.8150       0.0000       0.0000       0.0000       0.0000       0.0000       0.1850
       8       0.8150       0.0010       0.0000       0.0000       0.0000       0.0000       0.1840
       9       0.0000       0.0000       0.0480       0.0000       0.0000       0.8330       0.1190
      10       0.0000       0.0000       0.0480       0.0000       0.0000       0.8800       0.0720
      11       0.0000       0.0000       0.0480       0.0000       0.0000       0.8520       0.1000
      12       0.8150       0.0010       0.0000       0.0000       0.0000       0.0000       0.0000
      13       0.8150       0.0000       0.0000       0.0000       0.0000       0.0000       0.1850
      14       0.8150       0.0000       0.0000       0.0000       0.0000       0.0000       0.0890
      15       0.9990       0.0000       0.0000       0.0000       0.0000       0.0000       0.0000
      16       0.9980       0.0000       0.0000       0.0000       0.0000       0.0000       0.0000
      17       0.9990       0.0000       0.0000       0.0000       0.0000       0.0000       0.0000
      18       0.9990       0.0010       0.0000       0.0000       0.0000       0.0000       0.0000
      19       0.0000       0.0000       0.0000       0.0000       0.0000       0.0000       0.9730
      20       0.0000       0.0000       0.0000       0.0000       0.0000       0.0000       1.0000
      21       0.6600       0.0000       0.0000       0.0000       0.0000       0.0000       0.0000
      22       0.6600       0.3290       0.0000       0.0000       0.0000       0.0000       0.0000
      23       0.0000       0.0000       0.0000       0.0000       0.0000       0.0000       0.9990
      24       0.0000       0.0000       0.0000       0.0000       0.0000       0.0000       0.0000
      25       0.0000       0.0000       0.0000       0.0000       0.0000       0.0000       0.0020
      26       0.0000       0.0000       0.0670       0.0100       0.0000       0.9220       0.0010
      27       0.0000       0.0000       0.0670       0.0100       0.0000       0.9230       0.0000
      28       0.0000       0.0000       0.0670       0.0100       0.0000       0.9230       0.0000
      29       0.0000       0.0000       0.0000       0.0100       0.0000       0.0000       0.0340
      30       0.0000       0.0000       0.0000       0.0000       0.0000       0.0000       0.9770
      31       0.0000       0.0030       0.0000       0.0000       0.0000       0.0000       0.0520
      32       0.0000       0.0070       0.0000       0.0000       0.0000       0.0000       0.0000
      33       0.0000       0.0000       0.0000       0.0000       0.0000       0.0000       0.6830
      34       0.9800       0.0000       0.0000       0.0000       0.0000       0.0000       0.0010
      35       1.0000       0.0000       0.0000       0.0000       0.0000       0.0000       0.0000
      36       1.0000       0.0000       0.0000       0.0000       0.0000       0.0000       0.0000
      37       1.0000       0.0000       0.0000       0.0000       0.0000       0.0000       0.0000
      38       0.9590       0.0000       0.0000       0.0000       0.0000       0.0000       0.0300
      39       0.9590       0.0020       0.0000       0.0000       0.0000       0.0000       0.0390
      40       0.8500       0.0000       0.0000       0.0000       0.0000       0.0000       0.1460
      41       0.9060       0.0000       0.0000       0.0000       0.0000       0.0000       0.0000
      42       1.0000       0.0000       0.0000       0.0000       0.0000       0.0000       0.0000
      43       1.0000       0.0000       0.0000       0.0000       0.0000       0.0000       0.0000
      44       1.0000       0.0000       0.0000       0.0000       0.0000       0.0000       0.0000
      45       1.0000       0.0000       0.0000       0.0000       0.0000       0.0000       0.0000
      46       0.8240       0.0000       0.0000       0.0000       0.0000       0.0000       0.1760
      47       0.8240       0.0010       0.0000       0.0000       0.0000       0.0000       0.1750
      48       0.0000       0.0000       0.0420       0.0000       0.0000       0.8240       0.1340
      49       0.0000       0.0000       0.0420       0.0000       0.0000       0.9150       0.0430
      50       0.0000       0.0000       0.0420       0.0000       0.0000       0.9000       0.0580
      51       0.8240       0.0010       0.0000       0.0000       0.0000       0.0000       0.0000
      52       0.8240       0.0000       0.0000       0.0000       0.0000       0.0000       0.1760
      53       0.8240       0.0000       0.0000       0.0000       0.0000       0.0000       0.1430
      54       0.9990       0.0000       0.0000       0.0000       0.0000       0.0000       0.0000
      55       0.9980       0.0000       0.0000       0.0000       0.0000       0.0000       0.0000
      56       0.9990       0.0000       0.0000       0.0000       0.0000       0.0000       0.0000
      57       0.9990       0.0000       0.0000       0.0000       0.0000       0.0000       0.0000
      58       0.8570       0.0000       0.0000       0.0000       0.0000       0.0000       0.0000
      59       0.8520       0.0000       0.0000       0.0000       0.0000       0.0000       0.1480
      60       0.9930       0.0000       0.0000       0.0000       0.0000       0.0000       0.0070
      61       1.0000       0.0000       0.0000       0.0000       0.0000       0.0000       0.0000
      62       1.0000       0.0000       0.0000       0.0000       0.0000       0.0000       0.0000
      63       0.0000       0.0000       0.0000       0.0000       0.0000       0.0000       0.8820
      64       0.0000       0.0000       0.0000       0.0000       0.0000       0.0000       0.9980
      65       0.0000       0.0000       0.7460       0.0310       0.0000       0.1770       0.0460
      66       0.0000       0.0000       0.7790       0.0310       0.0000       0.1900       0.0000
      67       0.0000       0.0000       0.7790       0.0310       0.0000       0.1900       0.0000
      68       0.0000       0.0000       0.6210       0.0310       0.0000       0.3480       0.0000
      69       0.0000       0.0000       0.0000       0.0000       0.0000       1.0000       0.0000
      70       0.0000       0.0000       0.0000       0.0000       0.0000       0.0000       0.0000
      71       0.0000       0.0000       0.0000       0.0000       0.0000       0.0000       0.9880
      72       0.0000       0.0000       0.0000       0.0000       0.0000       0.0190       0.8730
      73       0.0000       0.0000       0.0000       0.0000       0.0000       0.0190       0.9710
      74       0.0000       0.0100       0.0000       0.0000       0.0000       0.0000       0.0130
      75       0.0000       0.0000       0.0000       0.0000       0.0000       0.0000       0.0000
      76       0.0000       0.0000       0.0000       0.0000       0.0000       0.0000       0.1200
      77       0.9990       0.0000       0.0000       0.0000       0.0000       0.0000       0.0000
      78       1.0000       0.0000       0.0000       0.0000       0.0000       0.0000       0.0000
      79       1.0000       0.0000       0.0000       0.0000       0.0000       0.0000       0.0000
      80       1.0000       0.0000       0.0000       0.0000       0.0000       0.0000       0.0000
      81       0.4340       0.0000       0.0000       0.0000       0.0000       0.0000       0.0000
      82       0.0000       0.0000       0.0000       0.0000       0.0000       0.0000       0.0000
      83       0.0000       0.0000       0.0000       0.0000       0.0000       0.0000       0.0000
      84       0.0000       0.0010       0.0000       0.0000       0.0000       0.0000       0.0600
      85       0.0000       0.0000       0.0000       0.0000       0.0000       0.0000       0.9440
      86       0.0000       0.0000       0.0000       0.0000       0.0000       0.0000       0.2950
      87       0.0150       0.0000       0.0000       0.0000       0.0000       0.0000       0.0000
      88       0.9960       0.0000       0.0000       0.0000       0.0000       0.0000       0.0000
      89       1.0000       0.0000       0.0000       0.0000       0.0000       0.0000       0.0000
      90       1.0000       0.0000       0.0000       0.0000       0.0000       0.0000       0.0000
      91       1.0000       0.0000       0.0000       0.0000       0.0000       0.0000       0.0000
      92       1.0000       0.0000       0.0000       0.0000       0.0000       0.0000       0.0000
      93       0.1540       0.0000       0.0000       0.0000       0.0000       0.0000       0.8460
      94       0.1540       0.0000       0.0000       0.0000       0.0000       0.0000       0.8460
      95       0.0000       0.0000       0.2780       0.0000       0.0000       0.1950       0.5270
      96       0.0000       0.0000       0.2780       0.0000       0.0000       0.6300       0.0920
      97       0.0000       0.0000       0.2780       0.0000       0.0000       0.5770       0.1450
      98       0.1540       0.0000       0.0000       0.0000       0.0000       0.0040       0.0020
      99       0.1540       0.0000       0.0000       0.0000       0.0000       0.0000       0.8460
     100       0.1540       0.0000       0.0000       0.0000       0.0000       0.0000       0.2390
     101       0.9840       0.0000       0.0000       0.0000       0.0000       0.0000       0.0000
     102       1.0000       0.0000       0.0000       0.0000       0.0000       0.0000       0.0000
     103       1.0000       0.0000       0.0000       0.0000       0.0000       0.0000       0.0000
     104       0.9990       0.0000       0.0000       0.0000       0.0000       0.0000       0.0000
     105       0.0000       0.0000       0.0000       0.0000       0.0000       0.0000       0.9960
     106       0.0000       0.0000       0.0000       0.0000       0.0000       0.0000       1.0000
     107       0.0000       0.0000       0.0000       0.0000       0.0000       0.0000       0.0000
     108       0.0000       1.0000       0.0000       0.0000       0.0000       0.0000       0.0000
     109       0.0000       0.0000       0.0000       0.0000       0.0000       0.0020       0.9980
     110       0.0000       0.0000       0.0000       0.0000       0.0000       0.0020       0.0050
     111       0.0000       0.0000       0.3150       0.3870       0.0000       0.0040       0.2690
     112       0.0000       0.0000       0.3400       0.3870       0.0000       0.2730       0.0000
     113       0.0000       0.0000       0.3400       0.3870       0.0000       0.2720       0.0010
     114       0.0000       0.0000       0.0410       0.3870       0.0000       0.5520       0.0200
     115       0.0000       0.0000       0.0000       0.0000       0.0000       0.0010       0.0840
     116       0.0000       0.0000       0.0000       0.0000       0.0000       0.0700       0.8980
     117       0.0000       0.0000       0.0000       0.0000       0.0000       0.0700       0.0030
     118       0.0000       0.0000       0.0000       0.0000       0.0000       0.0000       0.1020
     119       0.0000       0.0640       0.0000       0.0000       0.0000       0.0000       0.0810
     120       0.0000       0.0000       0.0000       0.0000       0.0000       0.0000       0.0000
     121       0.0000       0.0000       0.0000       0.0000       0.0000       0.0000       0.0240
     122       0.9990       0.0000       0.0000       0.0000       0.0000       0.0000       0.0000
     123       1.0000       0.0000       0.0000       0.0000       0.0000       0.0000       0.0000
     124       1.0000       0.0000       0.0000       0.0000       0.0000       0.0000       0.0000
     125       0.9930       0.0000       0.0000       0.0000       0.0000       0.0000       0.0000
     126       0.8310       0.0000       0.0000       0.0000       0.0000       0.0000       0.0790
     127       0.8370       0.1590       0.0000       0.0000       0.0000       0.0000       0.0040
     128       0.0150       0.0000       0.0000       0.0000       0.0000       0.0000       0.9190
     129       0.0020       0.0000       0.0000       0.0000       0.0000       0.0000       0.0000
     130       1.0000       0.0000       0.0000       0.0000       0.0000       0.0000       0.0000
     131       1.0000       0.0000       0.0000       0.0000       0.0000       0.0000       0.0000
     132       1.0000       0.0000       0.0000       0.0000       0.0000       0.0000       0.0000
     133       1.0000       0.0000       0.0000       0.0000       0.0000       0.0000       0.0000
     134       0.0320       0.0000       0.0000       0.0000       0.0000       0.0000       0.9680
     135       0.0320       0.0030       0.0000       0.0000       0.0000       0.0000       0.9650
     136       0.0000       0.0010       0.1200       0.0000       0.0000       0.0710       0.8080
     137       0.0000       0.0000       0.1200       0.0000       0.0000       0.7250       0.1550
     138       0.0000       0.0000       0.1200       0.0000       0.0000       0.6920       0.1880
     139       0.0320       0.0030       0.0000       0.0000       0.0000       0.0000       0.0000
     140       0.0320       0.0000       0.0000       0.0000       0.0000       0.0000       0.9680
     141       0.0320       0.0000       0.0000       0.0000       0.0000       0.0000       0.4390
     142       0.9800       0.0000       0.0000       0.0000       0.0000       0.0000       0.0000
     143       0.9990       0.0000       0.0000       0.0000       0.0000       0.0000       0.0000
     144       1.0000       0.0000       0.0000       0.0000       0.0000       0.0000       0.0000
     145       1.0000       0.0000       0.0000       0.0000       0.0000       0.0000       0.0000
     146       0.0000       0.0000       0.0000       0.0000       0.0000       0.0000       0.0000
     147       0.0000       0.0000       0.0000       0.0000       0.0000       0.0000       1.0000
     148       0.9650       0.0000       0.0000       0.0000       0.0000       0.0000       0.0340
     149       1.0000       0.0000       0.0000       0.0000       0.0000       0.0000       0.0000
     150       1.0000       0.0000       0.0000       0.0000       0.0000       0.0000       0.0000
     151       0.0000       0.0000       0.0000       0.0000       0.0000       0.0000       0.6580
     152       0.0000       0.0000       0.0000       0.0000       0.0000       0.0000       0.9950
     153       0.0000       0.0000       0.7550       0.1400       0.0000       0.1030       0.0020
     154       0.0000       0.0000       0.7570       0.1400       0.0000       0.1030       0.0000
     155       0.0000       0.0000       0.7570       0.1400       0.0000       0.1030       0.0000
     156       0.0000       0.0000       0.3450       0.1400       0.0000       0.5150       0.0000
     157       0.0000       0.0000       0.0000       0.0000       0.0000       0.9960       0.0010
     158       0.0000       0.0000       0.0000       0.0000       0.0000       0.0000       0.0000
     159       0.0000       0.0000       0.0000       0.0000       0.0000       0.0000       0.9910
     160       0.0000       0.0000       0.0000       0.0000       0.0000       0.0000       0.9960
     161       0.0000       0.0000       0.0000       0.0000       0.0000       0.0000       0.8910
     162       0.0000       0.0640       0.0000       0.0000       0.0000       0.0000       0.0000
     163       0.0000       0.0000       0.0000       0.0000       0.0000       0.0000       0.0000
     164       0.0010       0.0000       0.0000       0.0000       0.0000       0.0000       0.1930
     165       0.9990       0.0000       0.0000       0.0000       0.0000       0.0000       0.0000
     166       1.0000       0.0000       0.0000       0.0000       0.0000       0.0000       0.0000
     167       1.0000       0.0000       0.0000       0.0000       0.0000       0.0000       0.0000
     168       1.0000       0.0000       0.0000       0.0000       0.0000       0.0000       0.0000
     169       0.0020       0.0000       0.0000       0.0000       0.0000       0.0000       0.1600
     170       0.0000       0.0010       0.0000       0.0000       0.0000       0.0000       0.0510
     171       0.0000       0.0000       0.0000       0.0000       0.0000       0.0020       0.3670
     172       0.0000       0.0000       0.0000       0.0000       0.0000       0.0020       0.0000
     173       0.0000       0.0000       0.0000       0.0000       0.0000       0.0000       0.0000
