#Frame      RoG_00004 RoG_00004[Max]
       1      17.0243        31.2217
       2      17.0636        30.6519
       3      17.0814        29.2945
       4      17.0828        30.5146
       5      16.8606        30.7785
       6      16.9505        31.0234
       7      16.9802        29.6894
       8      17.0009        30.0543
       9      17.0242        31.2416
      10      17.1095        29.6439
      11      16.9841        30.7651
      12      16.8950        29.6104
      13      17.0805        29.2351
      14      16.9513        30.8607
      15      16.9129        29.2271
      16      17.0668        30.2152
      17      17.0583        30.6689
      18      17.0002        30.9124
      19      16.9397        29.9177
      20      17.1296        29.3631
      21      16.9547        31.6143
      22      16.8969        30.9382
      23      17.0185        31.7675
      24      17.1042        33.7107
      25      17.1459        32.9507
      26      16.9974        30.4865
      27      16.9140        31.0175
      28      17.0435        31.2318
      29      16.9305        29.8249
      30      17.0015        31.0756
      31      16.8395        29.8154
      32      16.9260        30.8286
      33      16.9727        30.2850
      34      17.0437        30.1228
      35      17.0291        29.5949
      36      16.9544        29.2944
      37      16.8098        30.3509
      38      16.9702        31.1744
      39      16.9372        30.1413
      40      16.9327        30.0661
      41      16.7404        29.5958
      42      16.8903        30.0632
      43      16.9619        30.4721
      44      16.9894        29.5389
      45      16.9008        30.0059
      46      16.9184        29.3193
      47      16.8423        29.6259
      48      16.8358        30.4925
      49      17.0431        30.5151
      50      16.9451        30.6841
      51      16.9355        30.4589
      52      16.9673        30.5639
      53      16.9628        29.4567
      54      16.8821        29.2046
      55      16.9502        31.3269
      56      16.9962        30.0422
      57      16.8447        30.2732
      58      16.9488        31.2416
      59      16.8569        31.2795
      60      16.9290        29.9650
      61      16.9350        29.2869
      62      17.0675        31.4674
      63      16.9085        30.5094
      64      17.0860        31.1411
      65      17.0345        31.0395
      66      16.9892        29.5368
      67      16.9391        30.7107
      68      17.0444        30.0002
      69      16.9214        30.0810
      70      17.0905        31.2492
      71      17.0243        32.2733
      72      17.0915        32.6277
      73      17.0994        32.1157
      74      16.9575        30.5171
      75      17.0135        30.4654
      76      17.1271        31.6911
      77      16.9843        30.4310
      78      17.2865        31.7146
      79      16.9447        29.9948
      80      16.9853        31.8152
      81      16.9967        31.8545
      82      17.0120        30.8313
      83      17.0254        31.3849
      84      17.0645        31.6284
      85      16.8441        30.5265
      86      16.9893        29.4944
      87      17.2637        32.7831
      88      17.0474        31.1035
      89      17.0308        31.4543
      90      17.0906        31.3108
      91      17.0004        31.4290
      92      17.1969        31.3967
      93      17.1348        31.0056
      94      17.1211        30.0243
      95      17.0188        30.0852
      96      17.0293        30.2346
      97      17.1063        29.8521
      98      16.9918        30.4755
      99      16.9072        29.9330
     100      16.9849        29.6686
     101      17.0680        29.3593
     102      16.9948        31.5084
     103      16.9644        30.4182
     104      16.9580        31.1232
     105      16.9892        30.7565
     106      16.8966        29.0541
     107      16.9289        31.0196
     108      17.0359        30.8610
     109      17.1639        31.1989
     110      17.0615        30.8803
     111      17.0283        31.2446
     112      17.0086        31.2137
     113      16.9483        32.1911
     114      17.0742        33.7161
     115      16.9519        29.7036
     116      16.9987        28.9826
     117      17.0477        29.7352
     118      17.1609        30.6867
     119      17.0193        31.2391
     120      16.9415        30.9966
     121      17.0769        31.5518
     122      16.9694        30.0521
     123      16.8736        29.8040
     124      17.0835        30.2430
     125      17.0918        29.8773
     126      17.1234        30.7975
     127      17.0662        30.1337
     128      16.9944        30.6784
     129      17.3913        30.4089
     130      17.1333        30.4602
     131      16.9827        30.8525
     132      17.0962        29.2667
     133      17.0872        29.5992
     134      17.1615        30.8092
     135      17.0357        31.4259
     136      17.0393        30.2242
     137      17.0326        30.0608
     138      17.0836        30.4487
     139      17.0025        32.2148
     140      17.1729        32.2623
     141      16.9535        29.3502
     142      17.0792        30.2090
     143      16.9830        30.9717
     144      17.0623        30.9807
     145      17.0570        30.8450
     146      16.9900        29.5087
     147      16.9076        30.9034
     148      16.9854        30.1608
     149      17.0512        32.0086
     150      16.8300        29.0287
     151      17.0476        31.0306
     152      17.1738        30.9489
     153      17.0326        30.4123
     154      17.0917        31.6349
     155      17.1644        30.7328
     156      16.8486        29.4689
     157      17.0558        30.6516
     158      16.9793        29.8663
     159      16.9098        29.8749
     160      16.9045        30.2564
     161      17.0145        30.8747
     162      17.0187        30.3729
     163      16.9001        30.7649
     164      17.0606        31.3653
     165      16.9899        29.8920
     166      16.9692        29.6828
     167      16.8766        29.5379
     168      16.7556        30.4000
     169      16.9472        31.9481
     170      16.8607        30.7484
     171      16.9504        31.5558
     172      16.8900        29.4614
     173      16.8646        30.4158
     174      16.8658        30.8723
     175      16.9500        31.7694
     176      17.0892        31.4827
     177      17.1997        30.3278
     178      16.9499        30.0487
     179      16.9629        31.7048
     180      16.9589        30.9316
     181      17.0379        32.0155
     182      17.0257        30.8552
     183      17.0651        31.4750
     184      16.9794        30.7734
     185      16.8963        30.9502
     186      17.0088        31.3995
     187      16.7606        30.0515
     188      16.8378        29.2962
     189      16.9209        30.6788
     190      17.0009        29.7485
     191      16.9845        29.4138
     192      16.9910        31.0817
     193      16.7778        30.0772
     194      16.8463        30.5278
     195      17.0090        30.3151
     196      16.8556        30.4945
     197      16.9687        29.6841
     198      16.9919        30.4568
     199      16.7921        30.6514
     200      17.0432        30.0408
     201      16.9878        29.5540
     202      16.8773        30.3205
     203      16.9857        29.4070
     204      16.9250        29.8556
     205      16.8924        29.0203
     206      16.9662        30.6721
     207      16.8760        30.5699
     208      16.9305        29.2236
     209      16.8520        29.0209
     210      16.8805        29.1157
     211      16.9534        29.6617
     212      16.9450        29.1333
     213      16.8119        29.9925
     214      16.8698        29.4256
     215      16.7373        30.8881
     216      16.8093        31.2217
     217      16.9243        30.7796
     218      16.9953        31.4905
     219      16.8415        29.8299
     220      16.8602        30.4739
     221      16.8951        30.7191
     222      16.9322        30.7183
     223      16.8389        29.7465
     224      16.9492        31.2494
     225      16.8992        29.7327
     226      16.8594        30.6665
     227      16.8624        30.9398
     228      16.8714        29.0515
     229      16.8793        30.1384
     230      16.9476        30.9127
     231      16.8250        29.8980
     232      16.8274        29.4863
     233      16.9401        30.1008
     234      16.8018        30.0451
     235      16.9274        30.5386
     236      16.9223        29.0264
     237      16.8785        31.2963
     238      16.9363        29.8576
     239      16.9176        30.3616
     240      16.9396        30.0831
     241      16.8407        29.9830
     242      16.8048        31.7360
     243      16.8159        30.5547
     244      16.8808        29.2503
     245      16.8980        29.7228
     246      16.9423        31.0867
     247      16.9368        30.8563
     248      16.8397        30.8463
     249      16.7923        29.5064
     250      16.8521        31.1302
     251      16.7149        30.1861
     252      16.8470        29.6848
     253      16.7320        29.4230
     254      16.8405        32.2220
     255      16.8946        30.1744
     256      16.7883        31.0792
     257      16.8387        30.1967
     258      16.8473        29.6822
     259      16.7928        31.6713
     260      16.8416        30.9123
     261      16.7544        31.1155
     262      16.8514        31.7678
     263      16.7469        30.9612
     264      16.6927        29.9299
     265      16.6938        29.3326
     266      16.8188        29.4568
     267      16.8048        30.2650
     268      16.6940        31.2757
     269      16.7203        30.8741
     270      16.8404        31.5265
     271      16.8634        31.0321
     272      16.7874        31.2530
     273      16.7193        29.4894
     274      16.7606        29.0384
     275      16.8348        30.0949
     276      16.9461        30.8409
     277      16.8004        31.5701
     278      16.8466        31.3795
     279      16.8789        30.5272
     280      16.9199        31.0244
     281      16.9632        29.7897
     282      16.8925        31.2313
     283      16.9519        29.9967
     284      16.9046        30.1842
     285      16.8876        29.5961
     286      16.8335        28.8318
     287      16.8709        31.2537
     288      16.8500        31.4923
     289      16.8424        29.9360
     290      16.8765        30.4219
     291      16.8224        30.3832
     292      16.7421        29.7125
     293      16.9150        29.4821
     294      16.9030        29.6439
     295      16.8978        29.1373
     296      16.8280        30.3465
     297      16.7115        30.5818
     298      16.7863        29.0013
     299      16.8888        29.3259
     300      16.7265        29.3754
     301      16.7947        29.8670
     302      16.9109        30.1656
     303      16.8247        30.3906
     304      16.8947        29.9753
     305      16.8217        29.6078
     306      16.8805        29.3441
     307      16.8510        30.3749
     308      16.8005        31.3252
     309      16.7483        30.1186
     310      16.9592        30.5964
     311      16.9223        31.7082
     312      16.8759        30.5346
     313      16.7511        28.6652
     314      16.7745        29.7684
     315      16.8892        30.0733
     316      16.9596        30.2192
     317      16.8167        31.3597
     318      16.8118        29.0550
     319      16.7385        30.5475
     320      16.6536        30.1379
     321      16.7515        29.7699
     322      16.8134        31.5407
     323      16.8002        30.1703
     324      16.8939        31.1127
     325      16.8752        29.1625
     326      16.7972        29.0176
     327      16.8472        29.6747
     328      16.9472        29.9723
     329      16.9038        29.6099
     330      16.9893        32.3336
     331      16.8775        29.3313
     332      16.7877        31.5767
     333      16.7545        30.3592
     334      16.7275        30.4946
     335      16.7954        29.5056
     336      16.7868        29.7621
     337      17.0359        32.2072
     338      16.9441        31.3357
     339      16.8827        31.0539
     340      16.8277        28.9397
     341      16.7842        29.9179
     342      16.8254        31.2468
     343      16.8714        29.1565
     344      16.8667        30.6987
     345      16.7923        31.8156
     346      16.8560        30.2293
     347      16.9210        30.0641
     348      16.7534        29.3543
     349      16.7923        29.5836
     350      16.8353        30.9217
     351      16.7925        29.0649
     352      16.8247        30.7116
     353      16.9357        31.1787
     354      16.8238        29.7978
     355      16.8284        31.4389
     356      16.7118        29.9023
     357      16.9102        31.7127
     358      16.7544        29.7030
     359      16.8544        31.3748
     360      16.8788        30.2155
     361      16.7588        29.8229
     362      16.7387        28.6610
     363      16.8298        30.6246
     364      16.9270        31.1197
     365      16.7761        30.6350
     366      16.7399        29.2441
     367      16.7825        31.0144
     368      16.8098        29.4784
     369      17.0220        31.0461
     370      16.8266        31.4294
     371      16.8555        30.6902
     372      16.8394        30.2601
     373      16.8809        30.0810
     374      16.8688        31.3759
     375      16.7574        31.3242
     376      16.8273        29.6123
     377      16.8954        31.3403
     378      16.8189        30.1265
     379      16.9019        31.5192
     380      16.8167        31.3985
     381      16.9165        31.3310
     382      16.9811        30.6567
     383      16.8387        31.0366
     384      16.8325        31.1350
     385      16.7107        30.0335
     386      16.8582        31.2185
     387      16.7033        30.5402
     388      16.8009        31.0585
     389      16.7540        29.6070
     390      16.8868        29.4370
     391      16.7909        30.0902
     392      16.8142        30.8652
     393      16.7594        30.2243
     394      16.7540        30.1157
     395      16.8104        31.8296
     396      16.7419        31.1769
     397      16.8966        30.8155
     398      16.7562        30.8532
     399      16.6755        29.4089
     400      16.7762        30.1785
     401      16.8559        30.8412
     402      16.8049        31.0914
     403      16.8311        29.2914
     404      16.8820        31.8442
     405      16.7816        31.7504
     406      16.7706        30.7588
     407      16.8756        30.8650
     408      16.8387        29.8826
     409      16.8075        30.8479
     410      16.7782        30.0191
     411      16.9168        30.5738
     412      16.8276        30.8661
     413      16.8729        30.9424
     414      16.8754        31.9375
     415      16.8727        30.7787
     416      16.7362        30.3904
     417      16.7981        30.4384
     418      16.8170        29.5256
     419      16.8398        30.7308
     420      16.9012        31.9840
     421      16.7276        29.5748
     422      16.7720        30.7975
     423      16.7300        29.7007
     424      16.8467        29.4314
     425      16.7811        29.5819
     426      16.7526        29.2419
     427      16.7967        30.7814
     428      16.8752        30.0898
     429      16.7869        31.4844
     430      16.7247        29.4905
     431      16.8358        29.7294
     432      16.9272        30.3580
     433      16.9261        29.8298
     434      16.7892        30.1757
     435      16.8854        29.2503
     436      16.9580        29.4536
     437      16.8448        29.0701
     438      16.8495        31.2220
     439      16.8363        29.7405
     440      16.8537        29.1420
     441      16.9040        29.5263
     442      16.8725        30.4506
     443      16.9383        29.5396
     444      16.8798        30.1875
     445      16.8616        31.1308
     446      16.9221        29.4878
     447      16.8001        29.7237
     448      16.9051        29.0409
     449      17.0359        31.9172
     450      17.0980        31.4543
     451      17.0916        30.5265
     452      17.0737        32.6026
     453      16.9770        32.7705
     454      16.8510        29.7175
     455      16.9813        30.7621
     456      16.9058        31.2484
     457      17.0947        32.6636
     458      16.9875        29.4627
     459      17.0074        32.1453
     460      16.8104        30.3876
     461      17.2133        30.1998
     462      16.9133        31.4620
     463      16.9698        29.6676
     464      16.8633        30.2121
     465      16.8929        30.8948
     466      16.7283        29.9616
     467      16.8867        30.4160
     468      16.8545        30.7182
     469      16.8844        29.5836
     470      16.8402        29.3959
     471      16.7211        28.8125
     472      16.9843        29.9632
     473      16.9010        29.3330
     474      16.9006        29.8552
     475      16.7219        29.0500
     476      16.7774        29.1516
     477      16.8604        29.3775
     478      16.8777        29.3203
     479      16.7946        30.0807
     480      16.8595        29.5654
     481      16.8968        29.7692
     482      16.8408        29.4465
     483      16.8622        29.8138
     484      16.7634        29.1195
     485      16.8464        29.4186
     486      16.8774        29.6085
     487      16.7527        29.9615
     488      16.8113        30.6041
     489      16.7332        29.5033
     490      16.8691        30.1046
     491      16.6840        30.4880
     492      16.7438        30.4776
     493      16.8853        29.1557
     494      16.7742        29.6926
     495      16.7718        29.9090
     496      16.8529        30.2501
     497      16.8513        29.4691
     498      16.7881        29.9194
     499      16.9037        30.1252
     500      16.8894        30.5448
     501      16.8673        30.4834
     502      16.7924        30.1212
     503      16.7874        30.0460
     504      16.8637        31.1634
     505      16.8036        30.5268
     506      16.6950        30.3612
     507      16.7537        30.0283
     508      16.7399        30.9538
     509      16.6880        28.9555
     510      16.8654        31.1531
     511      16.9079        30.2029
     512      16.9551        31.7501
     513      16.8925        32.0227
     514      16.9863        32.3973
     515      16.8740        30.2451
     516      16.9235        31.7925
     517      16.8719        31.7577
     518      16.9429        30.4908
     519      16.8646        30.9500
     520      16.9045        31.0909
     521      16.8914        30.2179
     522      16.8833        30.8008
     523      16.8369        30.4793
     524      16.8823        30.6921
     525      16.9091        30.4195
     526      16.8125        30.5549
     527      16.8342        30.3510
     528      16.8088        29.6571
     529      16.8160        30.9447
     530      16.9385        30.0346
     531      16.8247        30.1400
     532      16.8434        30.5491
     533      16.8871        31.0081
     534      16.8477        30.4636
     535      16.9384        31.3066
     536      16.8081        30.0488
     537      16.7780        30.7140
     538      16.8344        30.2451
     539      16.8234        30.7099
     540      17.0111        30.0711
     541      16.7483        29.3704
     542      17.0032        30.5583
     543      16.9074        30.8724
     544      17.0920        30.7559
     545      16.9667        30.9613
     546      17.0750        31.1923
     547      16.9467        31.6257
     548      16.9181        32.0919
     549      17.0246        30.8720
     550      16.9969        30.3644
     551      17.0085        31.6542
     552      17.0736        31.3743
     553      17.0014        30.7143
     554      16.9883        31.1588
     555      16.7880        29.9834
     556      16.9161        30.5342
     557      16.8486        29.9069
     558      16.7898        28.8698
     559      16.9731        30.8211
     560      16.9551        29.7677
     561      16.9056        30.2583
     562      16.9587        29.3975
     563      16.8671        29.3517
     564      16.9359        29.6695
     565      16.9287        31.7801
     566      16.8542        29.8159
     567      16.9046        30.8599
     568      16.9842        29.4368
     569      16.9518        30.1940
     570      16.8074        29.6143
     571      16.8808        29.4333
     572      16.8599        32.0339
     573      16.8763        30.9735
     574      16.8738        29.4989
     575      16.8894        31.1754
     576      16.7815        30.7073
     577      16.8385        29.2622
     578      16.8627        29.5199
     579      16.8168        31.7376
     580      16.9300        29.3328
     581      16.9659        30.9765
     582      16.9277        30.3160
     583      16.9608        30.5463
     584      16.9843        30.1730
     585      16.7499        29.4316
     586      16.8987        29.7487
     587      16.8542        30.6813
     588      16.8926        29.9549
     589      16.8505        30.1900
     590      16.8584        30.8451
     591      16.7958        29.2435
     592      16.8491        29.8044
     593      16.6995        29.1351
     594      16.9285        30.2350
     595      16.9877        30.0639
     596      16.9945        29.6096
     597      16.9984        30.4385
     598      16.9598        30.0264
     599      16.9292        29.3406
     600      16.7818        29.9181
     601      16.8526        29.6371
     602      16.8657        30.2127
     603      16.9165        29.6969
     604      16.8607        30.2648
     605      16.8481        31.1173
     606      16.8533        31.2752
     607      16.8511        31.5090
     608      16.9233        30.5593
     609      16.8892        30.3264
     610      16.9763        29.7801
     611      16.9517        32.2353
     612      16.9604        30.0995
     613      16.9208        29.3404
     614      17.0285        30.1727
     615      16.8825        29.0472
     616      17.0025        31.6801
     617      16.9168        29.9927
     618      17.1045        30.4998
     619      16.9282        28.6868
     620      17.0264        31.6026
     621      16.7888        29.9502
     622      16.7571        29.3163
     623      17.0025        31.7623
     624      16.8514        31.2857
     625      16.8845        31.9038
     626      16.8943        30.6448
     627      16.9958        30.2122
     628      16.8253        30.7056
     629      16.8935        31.4177
     630      16.9393        30.0889
     631      17.0250        31.0804
     632      16.8716        30.4066
     633      16.8049        32.1134
     634      16.8552        31.5982
     635      16.8894        31.3041
     636      16.8861        31.5422
     637      16.8473        31.1122
     638      17.0558        30.3504
     639      16.9985        30.8490
     640      16.9825        30.3910
     641      16.8729        31.5323
     642      16.7941        30.3032
     643      16.9038        30.4748
     644      16.9324        29.7511
     645      16.8576        30.9580
     646      16.8040        30.3554
     647      17.0085        31.5867
     648      16.8150        29.4192
     649      16.8211        30.1507
     650      16.9109        29.7908
     651      17.0037        30.8162
     652      16.8549        29.2813
     653      16.8399        30.2431
     654      16.9007        29.7216
     655      16.8631        31.7833
     656      16.7820        28.9989
     657      16.8502        30.1661
     658      16.8633        29.8798
     659      16.8802        30.6303
     660      16.9012        29.1154
     661      16.8691        29.4699
     662      16.9554        31.6360
     663      17.0080        31.9071
     664      16.9224        30.0715
     665      16.9408        30.3098
     666      16.8174        29.0601
     667      16.9562        30.1264
     668      16.8683        31.4726
     669      16.8896        30.1935
     670      16.9756        30.0210
     671      16.9873        30.5929
     672      16.8296        31.8601
     673      16.7670        30.1386
     674      16.9756        30.7254
     675      16.9652        30.5007
     676      16.9388        29.7487
     677      17.0407        31.0886
     678      16.7911        29.9136
     679      16.9541        30.7204
     680      16.7678        29.5225
     681      16.7879        29.1836
     682      16.8215        29.1206
     683      16.9209        29.9714
     684      16.8022        28.9662
     685      16.7408        29.5406
     686      16.8464        29.1728
     687      16.9257        29.8694
     688      16.8835        28.8609
     689      16.7339        29.5770
     690      17.0822        31.4805
     691      16.8166        29.7390
     692      16.9935        29.5967
     693      17.0599        30.9626
     694      16.9340        29.3849
     695      16.9321        30.4273
     696      16.9945        32.3661
     697      16.9288        31.3034
     698      16.9179        32.1780
     699      16.9024        30.0099
     700      17.0326        30.4898
     701      16.7888        30.0630
     702      17.0329        30.6926
     703      16.9905        30.2863
     704      16.9888        30.5008
     705      16.8425        30.3083
     706      16.9713        29.5372
     707      16.9396        29.2267
     708      16.9239        31.7079
     709      16.9743        29.5310
     710      16.8862        29.7855
     711      16.9894        30.4433
     712      16.8979        29.4844
     713      16.9519        29.6655
     714      17.0846        29.6969
     715      17.0550        31.9940
     716      16.8939        30.2095
     717      16.9492        29.2669
     718      16.9567        31.0393
     719      17.0840        30.0529
     720      17.0940        31.1475
     721      17.0461        30.7601
     722      16.9590        28.9732
     723      17.0952        31.8510
     724      16.9866        30.6754
     725      16.9661        31.2967
     726      16.7631        31.2456
     727      16.7675        29.3434
     728      16.8428        29.4602
     729      16.8630        31.5640
     730      16.9814        31.5423
     731      16.8272        31.6436
     732      16.9593        31.7284
     733      16.9489        29.5318
     734      16.8319        29.3040
     735      16.9105        30.7702
     736      16.9424        29.8215
     737      17.0628        29.6783
     738      17.0801        29.8704
     739      16.9798        30.5954
     740      17.0088        30.3531
     741      16.8983        29.7737
     742      16.8690        29.5852
     743      16.9726        29.0529
     744      16.8611        29.0429
     745      16.8896        29.3818
     746      16.8562        30.0440
     747      17.0266        29.4829
     748      17.0282        29.6880
     749      16.9398        29.8808
     750      16.9207        29.4873
     751      16.9920        30.0663
     752      16.9333        29.1449
     753      17.0167        30.9451
     754      16.8547        30.8096
     755      16.8924        28.7784
     756      16.8824        29.9752
     757      17.0121        30.8932
     758      16.9933        30.1294
     759      16.9762        29.6402
     760      16.8540        30.8210
     761      16.9232        31.5438
     762      16.7954        31.2381
     763      16.8874        30.7259
     764      16.8449        30.7367
     765      17.0107        31.6145
     766      16.9474        29.5445
     767      16.8178        30.3441
     768      16.8434        29.4849
     769      16.8326        30.2046
     770      16.8617        30.6649
     771      16.8680        30.9036
     772      16.9497        30.5021
     773      17.0244        31.1200
     774      16.8226        30.4072
     775      16.7891        31.0062
     776      16.8924        30.9289
     777      16.9059        30.5969
     778      16.8741        31.9472
     779      16.8193        31.0433
     780      16.9756        29.6389
     781      16.9698        31.7406
     782      16.6602        30.1017
     783      17.0055        30.4920
     784      17.0094        29.9393
     785      16.9592        30.5881
     786      16.8468        29.3962
     787      16.8771        29.5055
     788      16.9931        30.6215
     789      16.9398        31.1125
     790      16.9006        30.2637
     791      16.9677        30.4336
     792      16.7731        30.1309
     793      16.8179        28.8263
     794      16.8500        30.6699
     795      16.8542        30.3909
     796      16.9903        30.1836
     797      16.9908        31.0819
     798      16.9484        29.8608
     799      16.9089        29.6749
     800      16.9174        30.0800
     801      16.8702        30.6501
     802      16.9608        30.0154
     803      16.8474        31.2149
     804      16.8721        31.4903
     805      16.9600        30.7373
     806      16.7643        30.6524
     807      16.7381        28.8845
     808      16.7590        29.6995
     809      16.9029        30.9948
     810      16.9202        31.1780
     811      16.8265        30.1512
     812      17.0511        30.4488
     813      16.7627        30.0457
     814      16.9972        30.4821
     815      17.0201        32.0979
     816      17.0545        31.2993
     817      16.8630        30.3725
     818      16.9791        30.8931
     819      16.7642        30.6912
     820      16.7824        32.6941
     821      16.8721        32.6361
     822      16.8978        31.5793
     823      16.7697        29.6158
     824      16.8467        29.3835
     825      16.8323        29.7788
     826      16.8662        30.7835
     827      16.8464        29.2177
     828      16.9247        30.5936
     829      17.0265        30.4574
     830      16.9329        30.3519
     831      16.9125        31.7315
     832      17.0662        30.8590
     833      17.0371        30.4798
     834      17.0103        32.4934
     835      17.0579        32.3502
     836      17.0147        32.6282
     837      17.0159        30.9253
     838      16.8404        31.3258
     839      16.7609        30.5524
     840      16.8855        30.8707
     841      16.9743        31.8922
     842      16.8796        31.5929
     843      17.0541        31.2698
     844      17.0102        30.0484
     845      16.9689        30.1682
     846      17.1048        29.4934
     847      16.9781        29.1265
     848      16.9262        29.4459
     849      16.8218        28.7924
     850      16.8339        29.0158
     851      16.9071        30.1042
     852      16.9186        29.9316
     853      16.9385        30.8187
     854      17.0175        32.1598
     855      16.9256        30.9094
     856      16.9515        31.6739
     857      16.8909        29.6421
     858      17.0514        30.0764
     859      16.9223        29.4505
     860      17.0012        30.3986
     861      16.9597        31.2552
     862      16.7609        30.9182
     863      16.7755        31.8186
     864      17.0051        30.4401
     865      16.9284        29.3590
     866      16.8391        29.4709
     867      16.9170        29.2383
     868      16.9130        30.2223
     869      16.8390        30.1467
     870      16.6876        30.4255
     871      16.7534        29.6043
     872      16.6108        28.8816
     873      16.8303        29.4752
     874      16.8918        30.8470
     875      16.9653        31.8551
     876      16.9548        31.2066
     877      16.9647        31.1133
     878      16.8448        30.8841
     879      16.9409        33.3233
     880      16.8391        33.0503
     881      16.8542        29.5247
     882      16.8388        31.3030
     883      16.8445        29.6591
     884      16.9621        29.7514
     885      16.9160        29.6703
     886      16.9746        31.2852
     887      16.8329        29.3024
     888      16.8909        29.9446
     889      16.7913        30.6162
     890      16.8439        32.3880
     891      16.9148        30.2607
     892      16.7631        29.9174
     893      16.8469        29.4593
     894      16.8419        30.3001
     895      17.0828        30.6280
     896      17.0045        30.3769
     897      16.7577        29.7103
     898      16.8415        29.6523
     899      16.8995        30.2902
     900      16.8368        29.1910
     901      16.8330        29.1544
     902      16.7527        29.3089
     903      16.8838        29.3287
     904      16.7594        29.5273
     905      16.8362        30.0081
     906      16.8885        29.6150
     907      16.8696        29.3134
     908      16.6573        28.9227
     909      16.8391        31.1361
     910      16.9282        31.4628
     911      16.8360        30.7280
     912      16.7458        29.5568
     913      16.6775        31.4345
     914      16.8618        31.5687
     915      16.8169        31.3769
     916      16.9171        31.5664
     917      16.8645        29.4933
     918      16.7768        29.7222
     919      16.8423        31.2161
     920      16.8282        30.8604
     921      16.9384        29.9554
     922      16.9350        29.8085
     923      16.9672        31.1954
     924      16.9505        30.4791
     925      16.9069        30.6534
     926      16.8803        31.2922
     927      16.8362        29.7214
     928      16.8583        30.5378
     929      16.8273        32.6799
     930      16.7417        31.4623
     931      16.9556        31.5566
     932      16.9087        33.7097
     933      16.9690        31.5869
     934      16.8338        32.1141
     935      16.9539        30.9230
     936      16.9034        31.0492
     937      17.0470        30.7785
     938      16.8951        31.1030
     939      17.1144        32.1257
     940      17.0577        30.7669
     941      16.9857        32.0866
     942      16.8968        30.5968
     943      17.1758        31.6142
     944      16.9082        32.4006
     945      16.9946        32.4418
     946      16.9377        32.1442
     947      17.0845        32.1961
     948      17.0355        30.9819
     949      16.8714        31.6994
     950      16.8600        31.0315
     951      16.8690        31.2338
     952      16.8997        30.6719
     953      16.9676        31.5365
     954      16.8872        29.7504
     955      16.9269        30.7472
     956      16.8594        29.6330
     957      16.8546        29.7489
     958      16.9556        29.5692
     959      16.9004        29.4922
     960      17.0257        30.6039
     961      16.9748        31.7197
     962      16.9418        29.6690
     963      16.8963        30.5288
     964      16.8293        30.4784
     965      16.8269        30.4775
     966      16.8902        31.5164
     967      16.8894        30.6351
     968      16.8570        29.4118
     969      16.9223        29.8252
     970      16.7291        29.3500
     971      16.8436        29.5508
     972      16.9046        31.8645
     973      16.9496        29.8279
     974      16.8183        29.7827
     975      16.8202        29.7564
     976      16.9648        30.2372
     977      16.9153        29.8020
     978      16.7310        29.2919
     979      16.8147        29.3572
     980      16.9964        29.7482
     981      16.7645        29.7428
     982      16.8489        29.0633
     983      16.7358        31.1131
     984      16.9730        30.3860
     985      16.8426        31.3067
     986      16.8610        30.7140
     987      16.8507        30.0921
     988      16.8886        31.3400
     989      16.9063        30.7490
     990      16.9936        31.3042
     991      16.8102        30.3298
     992      16.7973        30.6867
     993      16.8344        29.3804
     994      16.6213        30.9295
     995      16.7307        30.3863
     996      16.7660        30.4951
     997      16.8278        30.8394
     998      16.7897        30.4712
     999      16.8805        31.6542
    1000      16.9049        29.0578
