#Frame        hh_dist
       1      11.7571
       2      11.5815
       3      10.4470
       4      10.8004
       5      11.2966
       6      10.6733
       7      11.2445
       8      11.5279
       9      10.9729
      10      11.8260
      11      10.7747
      12      11.5227
      13      10.5814
      14      10.8441
      15      11.3499
      16      11.3601
      17      11.2202
      18      10.8508
      19      11.8809
      20      11.2327
      21      11.8861
      22      11.3937
      23      11.8997
      24      12.4646
      25      10.5375
      26      11.6846
      27       9.8416
      28      11.1457
      29      11.3054
      30      10.1683
      31      11.5696
      32      11.1655
      33      10.2654
      34       9.9875
      35      12.5008
      36      11.0256
      37      10.6827
      38      11.5853
      39      11.0262
      40      10.0109
      41      11.5749
      42      12.5474
      43      11.9931
      44      12.4180
      45      11.2877
      46      11.3238
      47       9.8308
      48      11.5658
      49      10.4797
      50      11.6957
      51      11.0480
      52      10.3996
      53      12.1607
      54      11.4967
      55      10.7272
      56      11.2816
      57      10.8040
      58      11.2946
      59      10.9850
      60      10.8809
      61      10.5835
      62      11.0708
      63      10.3391
      64      11.7062
      65      11.0945
      66      11.1764
      67      11.1638
      68      10.5480
      69      10.4056
      70      10.5632
      71      10.0883
      72       9.9956
      73       9.9747
      74       9.4909
      75       8.9259
      76       9.5227
      77      10.3362
      78      10.1210
      79       9.2319
      80       9.4856
      81       8.9018
      82      10.4590
      83       8.7019
      84       9.1383
      85      10.1027
      86       9.3710
      87      10.2575
      88      10.5807
      89      10.5390
      90      10.3125
      91      10.3806
      92       9.4512
      93       9.0179
      94       9.9157
      95       9.6944
      96      10.0072
      97       9.4865
      98       8.6654
      99       7.6655
     100       9.2744
     101      10.2806
     102      10.4824
     103      11.3106
     104      10.8184
     105      11.2872
     106      11.0504
     107       9.4759
     108       9.4903
     109      11.0130
     110       9.3603
     111       8.8401
     112       9.0786
     113       9.2576
     114       9.6945
     115       9.9563
     116       9.5647
     117      10.1409
     118       8.2765
     119       8.7076
     120       7.8804
     121       9.9972
     122       7.6161
     123       9.9858
     124       7.4386
     125      11.4036
     126      10.6009
     127      10.8946
     128      10.7570
     129       9.5713
     130       8.7840
     131       9.4233
     132      10.7757
     133       9.5973
     134       9.2961
     135      10.7974
     136       9.9225
     137       9.2020
     138      10.2561
     139       9.7467
     140       9.6766
     141       9.6029
     142      10.1273
     143       9.8334
     144      10.3736
     145      10.3237
     146       9.5502
     147      10.0070
     148       9.5977
     149       9.9267
     150       9.2782
     151       9.5591
     152       7.7611
     153       7.7969
     154      11.5210
     155      10.9005
     156      10.4538
     157      13.0224
     158      11.0030
     159      11.2213
     160      11.0181
     161      11.0057
     162      10.8606
     163      10.7309
     164      10.2443
     165      10.5463
     166       9.6286
     167       9.8085
     168      12.4285
     169      12.2450
     170      12.6098
     171       9.3653
     172      11.1750
     173      10.8621
     174      11.5958
     175      12.1821
     176      11.3927
     177      11.4783
     178      11.2824
     179      11.5434
     180      10.2008
     181      11.1739
     182      12.0470
     183      10.7892
     184      11.0248
     185      10.7665
     186      12.3449
     187      11.8408
     188      10.6397
     189       9.8858
     190       8.8984
     191       9.0983
     192      10.0376
     193      11.3118
     194      11.9730
     195      11.7932
     196      10.4472
     197      12.1161
     198      11.3935
     199      10.8360
     200      11.3549
     201      10.3895
     202      11.1626
     203       9.9143
     204      11.6601
     205      11.6096
     206      11.7202
     207      10.7928
     208      10.5825
     209       9.5745
     210      11.6586
     211      10.5620
     212      10.8654
     213      11.4901
     214      10.0955
     215      11.7198
     216      10.4856
     217      11.6373
     218      10.2348
     219      11.6377
     220       9.8263
     221      11.9804
     222       9.9759
     223      10.8440
     224      11.7009
     225       8.3064
     226      10.5882
     227       9.8505
     228      11.6911
     229      10.9670
     230      10.7116
     231      11.5241
     232      10.4387
     233      11.2019
     234      11.6739
     235      10.9256
     236      10.4040
     237      10.8979
     238       9.8837
     239       9.6172
     240       8.6001
     241      11.8168
     242      11.9445
     243      11.1146
     244      10.6226
     245       8.2742
     246      10.5527
     247      12.4072
     248      11.0447
     249      10.7428
     250      10.9330
     251      11.5583
     252      10.3544
     253      10.9888
     254       9.7336
     255      10.2504
     256       9.7212
     257       9.9193
     258       9.8866
     259       9.0988
     260       8.7422
     261       9.9557
     262       9.6165
     263      10.4252
     264       8.7039
     265       9.5527
     266       9.1866
     267      10.2310
     268       7.9678
     269       9.1055
     270       9.2228
     271       9.4931
     272       9.7525
     273       9.3891
     274       9.7339
     275       9.1980
     276       9.7367
     277       9.4328
     278       9.1964
     279      10.1327
     280       9.7779
     281       9.0838
     282       9.8233
     283       9.6776
     284       9.5830
     285       9.7616
     286       9.4551
     287       9.2542
     288       9.5276
     289       9.8100
     290       9.7070
     291       8.9457
     292       9.1066
     293       9.5648
     294       9.8980
     295       9.1386
     296      10.1468
     297       9.2684
     298      10.5064
     299      11.6013
     300      10.6161
     301      10.7178
     302      10.8407
     303       9.5447
     304      10.2128
     305      11.3732
     306      11.7059
     307      10.0482
     308       9.4109
     309      10.3105
     310      10.6174
     311      10.4310
     312       9.3766
     313      10.6960
     314      10.5359
     315      10.6677
     316      11.3848
     317      11.0109
     318      11.5207
     319      11.3603
     320      10.6079
     321      10.9803
     322       9.9912
     323       9.2816
     324       9.7785
     325      11.3220
     326       9.6281
     327      10.1937
     328      12.3911
     329      10.5145
     330      11.6700
     331      12.3602
     332      11.2684
     333      11.0048
     334      11.0676
     335      11.0017
     336      11.0644
     337      11.1880
     338      11.8950
     339      11.5756
     340      10.8909
     341      11.1242
     342      10.8365
     343      10.7292
     344      11.1620
     345      11.1237
     346      10.9484
     347      11.0943
     348      11.1805
     349      11.0427
     350      11.0265
     351      11.2864
     352      11.2631
     353      10.8708
     354      10.9644
     355      11.0690
     356      11.9086
     357      11.6987
     358      10.7598
     359      10.7474
     360      11.0818
     361      11.0474
     362      10.3094
     363      10.0512
     364      10.8073
     365      11.0600
     366      10.4639
     367      11.1671
     368      10.6615
     369      11.1944
     370      10.6611
     371      11.4682
     372      10.6971
     373      11.2983
     374      10.6156
     375      11.1988
     376      11.0694
     377      10.6786
     378      11.4862
     379      11.1103
     380      11.1782
     381      10.6546
     382      11.3474
     383      11.7139
     384      10.9586
     385      11.2557
     386      10.8263
     387      10.4072
     388      11.6704
     389      11.0919
     390      10.6212
     391      10.4859
     392      10.7182
     393      11.4101
     394      11.2544
     395      10.9666
     396      10.6348
     397      11.8364
     398      11.2066
     399      10.8744
     400      10.9486
     401      10.4537
     402      10.4001
     403      11.0898
     404      11.0722
     405      11.3687
     406      11.1182
     407      10.3269
     408      11.7630
     409      11.3822
     410      12.1084
     411      10.6407
     412      10.3578
     413      12.1847
     414      11.9432
     415      12.0177
     416      11.6094
     417      12.0667
     418      11.8024
     419      12.3364
     420      11.4865
     421      13.0783
     422      11.4371
     423      12.5803
     424      11.4183
     425      11.8844
     426      10.9438
     427      10.8545
     428      11.6205
     429      11.3215
     430      11.2905
     431      11.6410
     432      11.4291
     433      11.5509
     434      11.1440
     435      11.4450
     436      10.7321
     437      10.0403
     438      11.1272
     439      12.1984
     440      11.5219
     441      11.6945
     442      11.3498
     443      12.2258
     444      11.4357
     445      10.7377
     446      11.3802
     447      10.9599
     448      10.9521
     449      11.7635
     450      10.6149
     451       9.8330
     452      10.6286
     453      10.5108
     454      10.3854
     455      11.1276
     456       9.4886
     457      11.1394
     458      12.0784
     459      10.2317
     460      11.1136
     461      11.0844
     462      11.4262
     463      11.2017
     464      11.4187
     465      11.4030
     466      12.1409
     467      12.0512
     468      11.2788
     469      11.2032
     470      11.4348
     471      11.3103
     472      11.1358
     473      11.5501
     474      11.5648
     475      12.3868
     476      11.5571
     477      11.5448
     478      11.7188
     479      11.8460
     480      11.8641
     481      10.3331
     482      11.2161
     483      10.7929
     484      11.6388
     485      11.2494
     486      10.1380
     487      11.0381
     488      10.7129
     489      10.7958
     490      10.5571
     491      10.9089
     492      10.3274
     493      10.2666
     494      10.0393
     495      11.2495
     496       9.9271
     497      10.8365
     498      10.8145
     499      10.0672
     500      10.1512
     501      11.2909
     502      11.4298
     503      10.8958
     504      11.4020
     505      11.1852
     506      11.6132
     507      11.4281
     508      10.2601
     509      10.0153
     510      10.3609
     511      10.1106
     512      10.5078
     513       9.6992
     514      10.3069
     515      10.4554
     516      10.6003
     517      10.4266
     518       9.4519
     519      10.3016
     520       9.7847
     521      10.0923
     522      10.0206
     523       9.8030
     524       9.5414
     525       9.9263
     526       9.7879
     527       9.0677
     528      11.1417
     529      12.1077
     530      12.5209
     531      13.0010
     532      12.3271
     533      12.8178
     534      12.1532
     535      12.0328
     536      12.4678
     537      11.9909
     538      12.4445
     539      12.3880
     540      10.1036
     541       9.9898
     542      11.7363
     543      10.8283
     544      11.9153
     545      11.6133
     546      11.1106
     547      11.6940
     548      12.2443
     549      13.4852
     550      11.3004
     551       9.4784
     552      10.3728
     553      11.2945
     554      11.5185
     555      11.0961
     556      11.7412
     557      11.8376
     558      11.0551
     559      11.6276
     560      12.0125
     561      10.5330
     562      11.9566
     563      11.6657
     564       9.5027
     565      10.5361
     566      11.8480
     567      11.5612
     568      13.2781
     569      11.7936
     570      12.1951
     571      11.6448
     572      11.4674
     573      11.4240
     574      12.1357
     575      12.1139
     576      11.8458
     577      11.6919
     578      11.2836
     579      12.1508
     580      10.5226
     581      11.3059
     582      10.8832
     583      11.6424
     584      11.6709
     585      11.2115
     586      11.3853
     587      12.1484
     588      11.4906
     589      11.0336
     590      11.6128
     591      12.0881
     592      11.4622
     593      11.2844
     594      11.4099
     595      11.0587
     596      10.8188
     597      10.9315
     598       9.9859
     599      10.2696
     600      10.3808
     601      11.5202
     602      10.4480
     603      10.8139
     604      11.3108
     605      11.6225
     606      10.2244
     607      11.5754
     608      11.5260
     609      11.7718
     610      10.7924
     611      11.5356
     612      11.4882
     613      11.0986
     614      11.3684
     615      12.3871
     616      12.6635
     617      11.8608
     618      13.0285
     619      12.9187
     620      11.5055
     621      12.8756
     622      12.9325
     623      12.0906
     624      13.1834
     625      12.8330
     626      12.7001
     627      13.6623
     628      12.7204
     629      12.7450
     630      12.5098
     631      12.9561
     632      12.7738
     633      11.8157
     634      12.3231
     635      12.6095
     636      12.1628
     637      11.7212
     638      12.8661
     639      11.8594
     640      12.2106
     641      12.1301
     642      11.5969
     643      11.9189
     644      12.3330
     645      12.5432
     646      12.9494
     647      12.5531
     648      12.2307
     649      12.8837
     650      12.8941
     651      12.3964
     652      12.5253
     653      11.8857
     654      12.3122
     655      12.5410
     656      11.5109
     657      12.5604
     658      11.5987
     659      12.3502
     660      11.5072
     661      12.2034
     662      11.2625
     663      11.5287
     664      11.1033
     665      11.5519
     666      11.1588
     667      12.0807
     668      11.6087
     669      11.9493
     670      11.9438
     671      10.6110
     672      10.2124
     673      11.7160
     674      10.5901
     675      10.2420
     676       9.6682
     677      11.0850
     678      10.1628
     679      12.3563
     680      10.8222
     681      10.9144
     682      11.1204
     683       9.9394
     684      10.3337
     685       9.7365
     686      10.0266
     687      10.7511
     688      10.9490
     689      11.7978
     690      10.8622
     691      11.0560
     692       9.9465
     693       9.7686
     694       9.5194
     695       9.5247
     696      10.2822
     697       9.7002
     698       9.7491
     699      10.0170
     700       9.5342
     701       9.4339
     702       9.5592
     703       9.4560
     704       9.9570
     705       9.4164
     706       9.3107
     707       9.7859
     708       9.0760
     709       9.3359
     710       7.8986
     711       9.0612
     712       9.4278
     713       9.6128
     714       9.5455
     715       9.9882
     716       9.6604
     717       9.9283
     718       9.9113
     719       9.4636
     720       9.6372
     721       9.4025
     722       9.9807
     723       9.7272
     724       8.9264
     725       9.8770
     726      10.1743
     727       9.5441
     728       9.8312
     729       9.9876
     730       9.8809
     731       9.6898
     732       9.7806
     733       9.0500
     734       9.6741
     735       9.9608
     736      10.0737
     737      10.0787
     738      10.4046
     739      10.2203
     740       9.3786
     741      10.3888
     742       9.8919
     743       9.9670
     744      10.2941
     745      10.4011
     746      11.0695
     747      10.0508
     748       9.9820
     749       9.7511
     750      10.0185
     751       9.6998
     752       9.3175
     753      10.1578
     754      10.4876
     755       9.9887
     756       9.5869
     757       9.3612
     758       9.5066
     759       9.9727
     760       9.7764
     761       9.4097
     762      10.0317
     763       9.9850
     764      10.0873
     765       9.5939
     766       9.6228
     767       9.7500
     768      10.2119
     769       9.7741
     770       9.4499
     771      10.3130
     772       9.9245
     773       9.6857
     774       9.6193
     775       9.7909
     776       9.8666
     777      10.5173
     778       9.6207
     779       9.8786
     780      10.1899
     781      10.6195
     782      11.4874
     783       9.5594
     784      10.4367
     785       9.0076
     786       9.3266
     787       9.7968
     788       8.7735
     789       9.6465
     790       9.7344
     791       9.3445
     792       9.8210
     793      10.1093
     794       9.4939
     795      10.1590
     796      10.2571
     797       9.3709
     798       9.7401
     799      10.0959
     800       9.4611
     801      10.0868
     802       9.8422
     803       9.5602
     804       9.9722
     805       9.9205
     806       9.4403
     807       9.8243
     808       9.7247
     809       9.9144
     810       9.9123
     811       9.6683
     812       9.8475
     813      10.0130
     814       9.3716
     815       9.9542
     816       9.8993
     817       9.3886
     818       9.5218
     819      10.0376
     820       9.4990
     821       9.8289
     822       9.7062
     823       9.7594
     824       9.8026
     825      10.1272
     826      10.3303
     827       9.6825
     828       9.5467
     829       9.8610
     830       9.8223
     831       9.9908
     832      10.0385
     833      10.1020
     834       9.7820
     835       9.8096
     836      10.1900
     837      10.8350
     838      10.7694
     839      10.1171
     840       9.6564
     841      10.1101
     842      10.2893
     843       9.9314
     844       9.5916
     845       9.0817
     846       9.6387
     847       8.4112
     848      10.2189
     849      10.2072
     850      11.0707
     851      10.3903
     852       9.7777
     853      11.6629
     854      10.1726
     855       9.8727
     856      10.0137
     857      10.0312
     858       9.9376
     859      10.4761
     860      10.2126
     861       9.7211
     862      10.1605
     863       9.9628
     864      10.1566
     865      10.2953
     866      10.1209
     867      10.6094
     868       9.7469
     869      10.0314
     870       9.7694
     871       9.9895
     872      10.1304
     873       9.5068
     874      10.2311
     875       9.7428
     876      10.6273
     877       9.9799
     878      10.2768
     879      10.5144
     880      10.1640
     881      10.1982
     882      10.8301
     883      10.3952
     884      10.4952
     885      10.4154
     886       9.7332
     887      10.3226
     888       9.7075
     889      10.2790
     890       9.9972
     891      10.3932
     892       9.9082
     893       9.5158
     894       9.5994
     895      10.2125
     896       9.5522
     897       9.6742
     898      10.1234
     899       9.9615
     900       9.6156
     901       8.7940
     902       9.2539
     903       9.2692
     904       9.1507
     905       9.4238
     906       9.4112
     907       9.1665
     908       9.5779
     909       9.5213
     910       9.5686
     911       9.2767
     912       9.8488
     913       9.8473
     914       9.0689
     915       8.8077
     916       9.8158
     917       9.6915
     918       9.9898
     919      10.0281
     920      10.2010
     921       9.6291
     922      10.0791
     923       9.2838
     924       9.0832
     925       9.7553
     926       9.6950
     927       9.6329
     928      10.1919
     929      10.6459
     930       9.9547
     931      10.2430
     932       9.7539
     933      10.1482
     934      10.7265
     935       9.9958
     936      10.7024
     937      10.4848
     938       9.8136
     939      10.2940
     940       9.8965
     941      10.7428
     942      10.3089
     943      10.5234
     944       9.4653
     945      10.0875
     946      10.4816
     947      10.3821
     948      10.0982
     949      10.3178
     950      10.2626
     951       9.9816
     952       9.9247
     953      10.5598
     954       9.5962
     955      10.1177
     956       9.6395
     957      10.3769
     958       9.3437
     959      10.3143
     960      10.1682
     961      10.1432
     962      10.2907
     963      10.2955
     964      10.4226
     965      10.1184
     966      10.3246
     967      10.0135
     968      10.2812
     969      10.4856
     970      10.1812
     971      10.2749
     972       9.9032
     973       9.9965
     974       9.7422
     975      10.4027
     976       9.8029
     977      10.4328
     978       9.6236
     979       9.7396
     980      10.0478
     981       9.7201
     982      10.0175
     983       9.5841
     984      10.1997
     985       9.4877
     986       9.9106
     987       9.7603
     988      10.2460
     989       9.7119
     990      10.6695
     991       9.6731
     992       9.9579
     993      10.3022
     994      11.0631
     995      10.4606
     996      10.5062
     997      10.4344
     998      11.0900
     999      10.7272
    1000      10.2287
