#Frame      RoG_00004 RoG_00004[Max]
       1      16.9148        29.8031
       2      16.8767        29.6214
       3      16.8822        29.3322
       4      16.7629        31.5990
       5      16.9237        29.8338
       6      16.9729        31.1755
       7      16.9610        30.5391
       8      17.1750        30.5347
       9      16.9761        30.0187
      10      16.9438        29.0757
      11      16.9622        29.8149
      12      16.9439        30.2793
      13      16.9243        29.7317
      14      16.7919        29.5133
      15      17.0812        29.9387
      16      16.9551        29.8004
      17      16.9702        29.1644
      18      17.0780        29.4829
      19      17.1107        30.4034
      20      17.0695        29.8607
      21      17.0169        30.3337
      22      16.9629        29.4020
      23      17.1587        31.2246
      24      16.9141        29.4344
      25      16.8212        29.0626
      26      17.1499        29.5586
      27      16.9574        29.4966
      28      17.1177        29.3450
      29      16.9140        30.0558
      30      17.0247        29.4627
      31      17.1035        31.4391
      32      17.3510        30.1784
      33      17.1821        31.4819
      34      17.1205        31.0571
      35      16.8729        29.6794
      36      17.0459        30.7820
      37      17.2763        30.3753
      38      17.1142        30.3441
      39      17.0510        30.3848
      40      17.1142        30.1600
      41      17.0124        30.4603
      42      17.1979        31.0549
      43      17.0511        30.0437
      44      17.3344        31.8014
      45      17.0803        31.6264
      46      17.2111        30.4718
      47      16.9419        29.5234
      48      17.2213        30.4468
      49      17.1266        29.7395
      50      16.9438        29.3948
      51      17.1601        30.2503
      52      17.0591        29.7420
      53      17.0716        29.5203
      54      16.9795        30.5892
      55      16.9838        29.9099
      56      16.9971        30.9576
      57      17.0045        31.2618
      58      16.9668        30.8402
      59      17.0437        30.8061
      60      17.1130        30.0416
      61      16.9549        30.0248
      62      17.0424        30.0916
      63      16.9998        28.8298
      64      16.9969        30.0878
      65      16.9235        30.1300
      66      16.9198        29.1023
      67      17.0614        30.3165
      68      17.1421        29.5001
      69      17.0154        29.4129
      70      17.1240        30.9052
      71      17.1391        29.6512
      72      17.0914        29.1931
      73      17.0542        29.3835
      74      16.8587        28.9982
      75      17.1061        29.4818
      76      17.0402        29.3803
      77      17.1902        29.4685
      78      17.1281        29.7846
      79      17.0312        29.1101
      80      17.0628        30.0875
      81      17.0947        31.7166
      82      17.2447        30.8139
      83      17.1775        29.4832
      84      17.1697        29.3825
      85      17.3052        30.5297
      86      16.9912        29.7172
      87      16.8186        32.1117
      88      17.0588        31.1610
      89      16.9797        30.9420
      90      16.8292        29.5954
      91      17.0910        31.1287
      92      16.8887        30.4109
      93      17.0358        31.9279
      94      17.0525        30.8566
      95      16.9380        30.6568
      96      16.7949        30.6514
      97      16.9302        31.5276
      98      16.7567        28.3853
      99      16.9292        29.4300
     100      16.8662        30.4097
     101      16.9590        30.3808
     102      17.0014        30.7045
     103      16.8898        31.7826
     104      16.9656        29.4597
     105      17.0196        30.1712
     106      17.1106        29.2824
     107      17.0929        28.9617
     108      17.1125        29.7355
     109      17.1834        29.3274
     110      17.2194        29.4588
     111      17.0202        29.3120
     112      17.0526        29.4614
     113      17.1441        29.8804
     114      17.0994        29.9442
     115      17.0097        30.5449
     116      16.9862        30.0683
     117      16.9955        30.6270
     118      17.0617        30.5449
     119      16.9400        30.5158
     120      17.1151        29.6274
     121      17.0554        30.9499
     122      17.0496        30.2202
     123      17.0413        29.8535
     124      16.9803        29.7125
     125      17.1836        29.9389
     126      17.1757        29.6605
     127      17.0704        29.3382
     128      16.9135        29.2264
     129      16.8919        29.6971
     130      17.0572        29.3984
     131      16.9662        31.2523
     132      17.0937        30.5213
     133      17.0910        30.7507
     134      17.0822        29.8267
     135      16.9907        30.3368
     136      16.9081        29.3976
     137      17.0419        30.0091
     138      17.0899        30.2529
     139      16.9257        30.7495
     140      17.1226        31.1398
     141      17.1799        30.7551
     142      16.9269        31.5710
     143      16.8283        29.3338
     144      16.9285        29.5348
     145      16.8711        29.5930
     146      16.9629        31.0898
     147      16.9325        30.7372
     148      17.0622        30.8161
     149      17.0669        29.6318
     150      16.9586        30.1511
     151      17.1445        30.5940
     152      17.0640        30.3254
     153      17.3600        30.6563
     154      17.1329        30.3636
     155      17.2413        30.6032
     156      17.2832        32.0762
     157      17.3713        31.5606
     158      17.0886        30.9743
     159      17.0332        30.8759
     160      17.0350        31.0026
     161      17.1069        29.8400
     162      17.1738        29.9088
     163      16.8819        29.7714
     164      17.1470        30.4988
     165      17.0431        30.9515
     166      16.9755        31.7005
     167      16.9560        30.1050
     168      17.1195        29.8210
     169      17.0798        30.7246
     170      16.9582        31.8297
     171      17.1070        30.3331
     172      17.0288        28.9510
     173      17.0082        31.1576
     174      17.2016        31.2007
     175      17.3264        31.0942
     176      17.0739        29.9878
     177      17.0453        30.8326
     178      17.0110        31.3239
     179      16.8254        29.7241
     180      16.9835        30.1525
     181      16.9250        29.4305
     182      16.9476        30.9044
     183      17.0671        29.9871
     184      17.0798        32.0093
     185      16.9970        30.8259
     186      16.9530        31.4153
     187      16.9652        30.0313
     188      16.9223        29.3210
     189      16.8598        29.0038
     190      17.1585        31.5520
     191      17.1353        31.2136
     192      17.0083        30.3016
     193      17.0400        32.0320
     194      17.2433        30.1668
     195      16.9308        30.7659
     196      17.1034        29.8330
     197      17.0659        30.9813
     198      17.1233        30.5001
     199      16.9929        30.0109
     200      17.0448        29.7328
     201      17.0831        30.2967
     202      16.9951        30.0099
     203      17.1590        29.9161
     204      17.0332        29.9258
     205      17.2214        30.8094
     206      17.1373        30.1224
     207      17.1297        31.1425
     208      17.0014        29.8489
     209      17.2618        31.7036
     210      17.1560        30.2588
     211      16.9691        31.3969
     212      16.9726        30.0895
     213      17.0113        29.7162
     214      17.0479        30.7031
     215      17.1321        30.6449
     216      17.0399        31.3315
     217      17.0050        29.9684
     218      17.0758        29.9810
     219      17.1454        30.2735
     220      17.0854        30.4982
     221      17.0283        29.2230
     222      17.0561        29.2469
     223      17.1388        30.5099
     224      16.9234        31.1149
     225      17.1844        31.3592
     226      17.0580        30.3744
     227      17.1991        31.8630
     228      17.2065        30.9863
     229      17.0374        31.8914
     230      17.1056        30.5908
     231      17.1024        31.4537
     232      17.0725        31.3657
     233      17.1316        30.7538
     234      17.0569        29.1741
     235      16.9791        29.4083
     236      17.0639        29.5704
     237      17.1186        31.4893
     238      17.4134        31.8310
     239      17.1341        29.6721
     240      17.2005        30.4591
     241      17.0338        29.8547
     242      17.0214        31.2428
     243      17.1881        31.0857
     244      17.0613        30.6826
     245      17.0619        30.2303
     246      17.1432        32.6824
     247      17.1778        32.4716
     248      17.4361        31.5374
     249      17.2463        30.5998
     250      17.2881        30.8430
     251      17.2005        30.6840
     252      17.3443        30.7092
     253      17.1510        30.3191
     254      17.2221        30.9729
     255      17.3268        30.8903
     256      17.2697        31.9758
     257      17.1726        31.0596
     258      17.3001        31.6563
     259      17.0943        31.1188
     260      17.2229        31.1415
     261      17.2297        30.8885
     262      17.1504        30.6957
     263      17.1611        31.0936
     264      16.9451        29.7434
     265      17.2076        31.2495
     266      17.0434        30.0266
     267      17.1242        31.9324
     268      17.1002        30.1777
     269      17.0239        30.7125
     270      17.2334        30.5513
     271      17.0738        30.2902
     272      17.1348        31.2916
     273      16.9946        30.6334
     274      17.1134        31.9402
     275      17.2150        31.8048
     276      17.0024        31.8115
     277      17.3014        31.0621
     278      17.2550        31.6596
     279      17.0597        31.0618
     280      17.1525        30.0878
     281      17.3331        30.8275
     282      17.0638        30.3939
     283      17.1371        30.3792
     284      17.1714        29.8361
     285      17.3463        32.0623
     286      16.8772        29.7173
     287      17.1001        29.7014
     288      17.0245        29.8952
     289      17.0746        30.6312
     290      17.0781        31.5647
     291      17.0468        29.9325
     292      17.1587        30.9640
     293      17.1728        30.1128
     294      16.9800        29.4230
     295      16.8898        29.9356
     296      16.9758        30.1431
     297      17.1295        30.5516
     298      17.0797        30.8166
     299      17.3018        30.0537
     300      17.1186        30.1001
     301      17.1428        30.3318
     302      16.9608        29.7157
     303      17.0919        30.5250
     304      17.0172        29.7470
     305      17.1755        29.8213
     306      17.0586        31.1101
     307      17.1136        29.8466
     308      17.0772        29.6004
     309      17.0360        29.9514
     310      16.9868        31.4796
     311      17.0901        30.8073
     312      17.1422        29.8030
     313      17.0758        29.5461
     314      17.0860        29.8169
     315      17.0075        30.5825
     316      16.9736        30.3517
     317      17.0060        29.5319
     318      17.1291        30.9385
     319      16.9788        31.1356
     320      17.2619        30.7184
     321      17.1474        31.0962
     322      17.0130        30.0098
     323      16.8841        29.3362
     324      17.0233        30.7209
     325      16.9692        30.4573
     326      17.3197        30.6256
     327      17.1508        31.2318
     328      16.9765        31.1365
     329      17.1739        30.5221
     330      17.3354        31.4197
     331      17.0932        31.0395
     332      16.9276        30.4845
     333      17.3441        32.1215
     334      16.9242        30.5361
     335      17.2854        31.7396
     336      17.0662        31.6981
     337      17.2649        31.4822
     338      17.1292        30.7735
     339      17.1524        30.2620
     340      17.1898        30.0511
     341      17.0575        30.6519
     342      17.0676        30.0482
     343      17.1068        31.1979
     344      17.1193        30.0762
     345      16.9987        30.4269
     346      16.9713        30.7423
     347      17.0359        29.7056
     348      17.0226        29.7486
     349      17.0900        29.9246
     350      17.0843        30.1331
     351      17.1375        29.8069
     352      16.9838        30.6502
     353      17.0198        30.0085
     354      16.9687        29.8782
     355      17.0524        31.3039
     356      17.1497        30.0135
     357      16.9773        29.6816
     358      17.0407        29.6639
     359      16.9956        30.1245
     360      17.1349        31.5736
     361      17.0835        31.4561
     362      17.0182        31.1645
     363      17.0437        31.0323
     364      17.1423        31.5799
     365      17.0658        31.2405
     366      17.0029        30.7072
     367      17.1571        30.7277
     368      17.2376        30.6830
     369      16.9438        32.4613
     370      17.0435        30.5717
     371      16.9351        30.4056
     372      16.9906        30.8326
     373      16.9180        29.2293
     374      17.0204        30.2296
     375      16.9408        29.6365
     376      16.9692        30.3808
     377      16.9036        30.0062
     378      17.1103        30.3821
     379      16.8970        30.8728
     380      17.1519        30.1642
     381      17.0976        31.3780
     382      16.9606        30.2285
     383      17.0659        32.1495
     384      17.0269        31.7979
     385      17.1370        32.3228
     386      17.0647        30.8220
     387      17.2091        31.2188
     388      17.0346        30.8891
     389      17.1484        30.0334
     390      16.9970        30.4163
     391      17.1189        30.3165
     392      16.9514        30.4114
     393      16.8314        29.5637
     394      17.1704        30.1745
     395      16.9929        30.1603
     396      17.1409        30.0179
     397      17.1303        29.8670
     398      16.9055        30.2456
     399      17.0010        30.3130
     400      17.1116        31.1191
     401      17.0738        30.6401
     402      17.0229        31.0477
     403      17.1052        31.9632
     404      17.1936        31.5907
     405      16.9362        29.8851
     406      17.1325        31.7700
     407      16.9070        31.4153
     408      16.9725        29.9996
     409      17.0152        29.7162
     410      16.9443        30.2562
     411      16.9036        30.1100
     412      17.1052        31.3188
     413      17.1734        30.2680
     414      17.1404        29.7159
     415      16.9819        29.6307
     416      17.2669        30.0945
     417      17.1864        31.1744
     418      17.1761        30.2897
     419      16.9717        30.0311
     420      17.0713        30.7066
     421      17.1051        29.9156
     422      17.1364        29.9060
     423      17.3082        30.0493
     424      17.1633        30.2169
     425      17.1861        30.7607
     426      17.0535        30.0508
     427      17.2268        30.6904
     428      16.9977        30.1237
     429      17.0148        30.7751
     430      17.0361        29.9784
     431      17.1286        30.0654
     432      17.2996        30.4218
     433      17.1091        30.0047
     434      17.0671        31.5424
     435      17.1013        30.3305
     436      17.3476        31.9862
     437      17.3185        31.7298
     438      17.3113        31.4138
     439      17.1533        31.0135
     440      17.2791        30.3663
     441      17.1645        30.2530
     442      17.0932        30.3722
     443      17.2312        30.0107
     444      17.1059        30.1143
     445      16.9907        30.0183
     446      17.0064        31.3748
     447      17.2120        31.3503
     448      16.9792        31.0138
     449      17.0394        30.5944
     450      17.1162        30.6274
     451      16.8954        30.4637
     452      16.9929        30.9605
     453      17.2377        31.0105
     454      17.0201        29.1741
     455      17.1198        30.8534
     456      17.0017        31.1218
     457      16.9727        31.6548
     458      17.2895        30.6630
     459      17.4395        32.1250
     460      17.1258        31.8155
     461      17.2783        31.3740
     462      17.1874        30.4773
     463      17.2704        31.4641
     464      17.1527        30.4607
     465      17.0843        31.2624
     466      17.2402        30.3028
     467      17.0288        30.2007
     468      17.2143        30.6077
     469      17.2988        30.3113
     470      16.8519        29.3179
     471      17.3893        32.1499
     472      17.4146        30.6894
     473      17.2053        30.4652
     474      17.0571        31.6359
     475      17.1389        30.2881
     476      17.1816        31.3474
     477      17.2420        31.6120
     478      17.1672        30.7567
     479      17.0887        29.9258
     480      17.2853        30.5725
     481      17.2870        30.4431
     482      17.2350        30.4365
     483      17.1542        30.3442
     484      17.0266        31.3084
     485      17.1405        32.6392
     486      17.1768        31.3780
     487      17.1715        30.3360
     488      17.4580        30.4557
     489      17.0434        29.6690
     490      17.2772        30.9297
     491      17.1368        30.8796
     492      17.1375        31.5196
     493      17.1164        31.0361
     494      16.9804        30.6786
     495      17.0957        30.5916
     496      17.0924        30.8889
     497      17.0583        31.4994
     498      17.3380        31.8180
     499      17.3527        31.6076
     500      17.0786        30.9388
     501      17.2733        31.7607
     502      17.1855        31.6296
     503      17.1403        30.7070
     504      17.0895        31.2985
     505      17.0839        29.6906
     506      17.1433        31.1403
     507      17.1090        31.4282
     508      17.1571        30.0154
     509      17.1600        31.9260
     510      17.2246        31.1492
     511      17.0743        30.6389
     512      16.9782        29.7751
     513      17.2996        30.5358
     514      16.9816        29.7813
     515      17.0214        30.1490
     516      17.0445        31.3181
     517      16.8732        31.7478
     518      17.0157        31.8374
     519      17.1661        30.7542
     520      17.2176        30.5263
     521      17.2989        31.6492
     522      17.2968        31.4926
     523      17.0259        30.6251
     524      17.0468        30.1756
     525      17.1036        31.4209
     526      17.2631        31.7506
     527      17.1247        30.1284
     528      17.1510        30.5108
     529      17.0891        29.3539
     530      16.9428        29.0511
     531      17.1259        31.6737
     532      17.1720        31.6049
     533      17.0486        30.5065
     534      17.1501        30.3360
     535      17.0444        31.1747
     536      17.0963        30.6199
     537      17.2375        30.3045
     538      16.9458        30.9839
     539      17.0750        30.5803
     540      17.2189        32.2353
     541      17.0447        30.9017
     542      17.0202        30.9981
     543      17.0362        30.6270
     544      16.9171        29.3120
     545      16.9915        30.6228
     546      17.0237        30.9218
     547      17.0886        31.0713
     548      17.0867        30.7070
     549      16.9660        29.9685
     550      17.1029        30.0532
     551      17.3693        30.3480
     552      17.0938        30.2113
     553      17.0815        29.7411
     554      16.9891        30.9798
     555      17.1181        30.0137
     556      17.1272        30.3032
     557      17.0997        31.0932
     558      17.2009        32.6353
     559      17.3633        30.9619
     560      17.2211        31.4013
     561      17.5842        31.4657
     562      18.0586        31.3858
     563      17.7005        30.9049
     564      18.2274        31.7106
     565      17.9724        32.9133
     566      17.8880        32.1034
     567      17.8335        32.2026
     568      18.0165        31.6275
     569      18.2009        31.8890
     570      17.6590        32.4451
     571      17.9729        31.5386
     572      17.6206        30.4358
     573      17.7588        31.3494
     574      18.0018        32.2770
     575      17.7228        31.4183
     576      18.1019        32.0231
     577      17.8686        31.4805
     578      17.3422        30.7247
     579      17.1927        31.3758
     580      17.4773        31.4589
     581      17.3692        31.0544
     582      17.5752        31.3060
     583      17.8854        31.6664
     584      17.6954        30.9234
     585      17.6874        32.0174
     586      17.8389        31.6377
     587      17.6399        32.2198
     588      17.8107        30.9571
     589      18.1805        32.0970
     590      17.7482        31.2681
     591      17.6150        31.0671
     592      17.4269        31.5951
     593      18.1637        31.3346
     594      17.8104        32.4261
     595      17.8604        31.4726
     596      17.8286        31.8138
     597      17.6684        30.7587
     598      17.8371        31.2810
     599      17.7288        31.1268
     600      17.6865        30.6415
     601      17.6798        31.0888
     602      17.0032        30.0751
     603      17.6419        31.4522
     604      17.8783        31.0196
     605      17.8216        31.0814
     606      17.8036        30.6553
     607      17.2804        30.2502
     608      17.4887        30.4460
     609      17.3581        30.0818
     610      17.3594        30.4964
     611      17.5861        31.7862
     612      17.6339        30.6632
     613      17.3019        30.0904
     614      17.4487        31.2810
     615      17.3299        30.6149
     616      17.3655        32.2084
     617      17.2491        30.8369
     618      17.5408        32.6266
     619      17.3577        30.4764
     620      17.7059        31.8798
     621      17.4100        30.2337
     622      17.4847        30.1696
     623      17.8780        32.6576
     624      17.7868        31.5782
     625      17.7305        32.1481
     626      17.3065        30.8554
     627      17.3477        31.0511
     628      17.2548        30.4265
     629      17.6070        31.4661
     630      17.3361        30.3843
     631      17.2993        31.3846
     632      17.4727        30.7948
     633      17.3662        30.5932
     634      17.2937        31.0035
     635      17.5044        31.1997
     636      17.3380        30.3015
     637      17.1095        29.5503
     638      17.3998        31.3156
     639      17.2102        30.2090
     640      17.3098        30.6261
     641      17.2065        30.8008
     642      17.1948        30.2463
     643      17.2070        30.2905
     644      17.2221        30.0220
     645      17.1490        30.5065
     646      17.5364        30.8583
     647      17.3679        30.6292
     648      17.2337        30.1715
     649      17.3024        29.7118
     650      17.3804        30.3812
     651      17.2006        30.2937
     652      17.2404        30.2423
     653      17.1955        29.7608
     654      17.2732        30.8509
     655      17.2381        30.2945
     656      17.4072        30.9282
     657      17.5765        31.7265
     658      17.6533        32.3331
     659      17.8105        31.4494
     660      17.7518        30.8702
     661      17.7462        32.5271
     662      17.7781        31.4740
     663      17.3987        31.6367
     664      17.5875        30.6759
     665      17.3805        30.0416
     666      17.4013        30.4658
     667      17.3977        30.1163
     668      17.2766        30.0272
     669      17.4506        32.5603
     670      17.1748        29.4717
     671      17.3975        30.2636
     672      17.0922        30.2850
     673      17.7643        30.7436
     674      17.1704        30.5349
     675      17.3837        30.7312
     676      17.4166        31.5524
     677      17.4344        30.7005
     678      17.4116        30.3616
     679      17.4872        31.2030
     680      17.3989        30.2627
     681      17.7558        30.9818
     682      17.7560        31.0887
     683      18.0410        31.5404
     684      17.7055        31.1223
     685      17.6018        30.6884
     686      17.7911        31.9268
     687      17.9148        31.4529
     688      17.7418        31.0658
     689      18.0721        31.1878
     690      17.9179        30.9324
     691      17.9582        31.0743
     692      17.7241        30.6255
     693      17.7003        30.6431
     694      17.4739        31.8415
     695      17.7264        30.8601
     696      17.7931        30.9969
     697      17.5400        30.6087
     698      17.5636        30.8305
     699      17.6885        30.5966
     700      17.5897        32.0652
     701      17.6151        30.3073
     702      17.6598        30.4834
     703      17.8860        31.7979
     704      17.6068        31.5991
     705      17.8330        33.2296
     706      17.7870        32.5220
     707      17.8342        32.3389
     708      17.7322        31.5085
     709      17.6614        32.6138
     710      18.0872        33.1140
     711      18.1683        31.7914
     712      17.8379        30.9999
     713      17.7678        31.1838
     714      17.8996        32.6529
     715      18.0157        31.1347
     716      17.8748        32.4469
     717      17.7944        31.6661
     718      17.9048        32.1290
     719      17.8728        33.1974
     720      17.5829        31.9962
     721      17.5302        32.9496
     722      17.8371        33.1545
     723      17.5697        30.6322
     724      17.6482        30.8777
     725      17.8361        33.0107
     726      17.6102        30.7596
     727      17.8959        32.9993
     728      17.6844        31.8206
     729      17.6380        31.0252
     730      18.1328        31.5289
     731      18.1479        32.3184
     732      17.8671        31.1646
     733      18.2292        32.7763
     734      17.7976        32.3253
     735      17.8689        31.4655
     736      17.6614        32.0653
     737      17.6076        30.5434
     738      18.1472        31.3046
     739      17.8304        30.6235
     740      17.7932        31.1835
     741      17.7782        32.4298
     742      17.8733        31.7111
     743      17.6461        30.5441
     744      17.4235        30.3777
     745      17.7627        32.0041
     746      17.6995        31.0610
     747      17.9044        30.8836
     748      17.7294        31.3364
     749      17.7282        31.5259
     750      17.7744        31.7941
     751      17.5171        30.8301
     752      17.7045        30.5238
     753      17.8037        31.4932
     754      17.7603        31.1529
     755      17.9760        31.0717
     756      17.9282        32.3797
     757      17.7096        31.2289
     758      17.7711        31.0567
     759      17.6534        31.2482
     760      17.7159        30.7085
     761      18.1380        31.5828
     762      17.8035        30.8868
     763      17.6810        31.0494
     764      17.5575        31.0919
     765      18.0796        31.9469
     766      18.1623        31.6340
     767      17.6538        31.4057
     768      17.9807        32.4894
     769      17.5645        31.5635
     770      17.8703        30.7142
     771      17.4042        30.5310
     772      18.2667        31.6275
     773      17.4242        30.1467
     774      17.7652        30.9257
     775      17.4928        30.8850
     776      17.9634        31.5192
     777      17.4721        30.3034
     778      17.4760        30.1639
     779      17.8344        32.2223
     780      17.5632        31.5084
     781      17.5781        30.9139
     782      17.6017        30.9975
     783      17.6120        31.9222
     784      17.7843        31.5619
     785      17.5496        30.8697
     786      17.5332        30.2946
     787      17.6295        30.5478
     788      17.8148        30.7469
     789      17.7507        32.1655
     790      17.8544        32.2504
     791      17.5268        30.5787
     792      17.4864        31.0643
     793      17.5176        30.4421
     794      17.4251        32.0007
     795      17.9560        31.2688
     796      17.7659        31.4391
     797      17.6011        30.9347
     798      17.6365        30.8609
     799      17.7460        30.5398
     800      17.8581        32.3598
     801      17.6057        32.0395
     802      17.5898        30.6332
     803      17.4338        30.8827
     804      17.3774        29.8086
     805      17.6768        31.4115
     806      17.7763        31.3676
     807      17.6085        31.6419
     808      17.6125        32.6388
     809      17.4683        31.4873
     810      17.7724        30.9693
     811      17.8272        33.0206
     812      17.7392        32.0592
     813      17.9788        33.3744
     814      17.8493        32.2580
     815      17.8441        33.0697
     816      17.5957        32.3873
     817      17.7154        32.4513
     818      17.6776        30.8236
     819      17.7452        31.5160
     820      17.7863        31.5092
     821      17.7643        31.8393
     822      17.7016        31.8448
     823      17.5719        30.6993
     824      17.5826        31.4219
     825      17.4730        30.0789
     826      17.6875        31.5478
     827      17.6719        31.1199
     828      17.7055        31.0812
     829      17.7172        31.7862
     830      17.7386        31.7977
     831      17.8473        30.9798
     832      17.8141        31.1671
     833      17.7774        31.9856
     834      17.7398        32.0005
     835      17.7267        31.2268
     836      17.4731        30.8318
     837      17.6007        32.9009
     838      17.5286        31.0678
     839      17.5750        30.9012
     840      17.6152        31.0175
     841      17.9148        31.7544
     842      17.7733        32.3885
     843      17.6583        31.1036
     844      17.7505        31.8849
     845      17.9172        31.0360
     846      17.8969        31.4186
     847      18.0523        31.9765
     848      17.7443        31.6486
     849      17.4321        30.6362
     850      17.3895        31.2352
     851      18.0954        31.4554
     852      17.9775        31.6323
     853      18.0824        31.3061
     854      18.0043        31.6759
     855      17.9179        31.0941
     856      17.6720        30.6954
     857      17.4686        30.6329
     858      17.5400        30.7378
     859      17.6759        30.5525
     860      17.6303        30.6165
     861      17.6669        30.5354
     862      17.6363        30.6611
     863      17.6024        30.2337
     864      17.5199        30.6838
     865      17.4235        30.1365
     866      17.2769        30.7132
     867      17.2720        30.2874
     868      17.5903        30.5220
     869      17.6751        32.0268
     870      17.6418        32.3183
     871      17.7534        31.2863
     872      17.5541        31.8206
     873      17.6712        29.8978
     874      17.5413        30.4701
     875      17.5756        31.4535
     876      17.6591        29.8413
     877      17.5819        30.3625
     878      17.4254        29.7006
     879      17.2662        30.0167
     880      17.3351        31.5312
     881      17.0775        30.7649
     882      17.1834        29.8494
     883      17.0427        29.7813
     884      17.2071        29.7865
     885      17.3081        31.5967
     886      17.0652        29.6137
     887      17.1346        29.5970
     888      17.2974        30.2523
     889      17.1062        29.5160
     890      17.4491        30.7927
     891      17.0285        29.8121
     892      17.3866        30.2623
     893      17.3490        30.6783
     894      17.5638        30.5799
     895      17.1656        30.6581
     896      17.1935        30.6044
     897      17.3434        30.5321
     898      17.3515        29.9650
     899      17.4345        29.8732
     900      17.3297        29.9887
     901      17.3021        30.5896
     902      17.5225        30.1257
     903      17.2988        30.0237
     904      17.4201        30.9453
     905      17.3116        30.1365
     906      17.4462        30.6880
     907      17.1792        30.5893
     908      17.3564        30.5999
     909      17.5643        31.8479
     910      17.1224        31.1042
     911      17.4191        30.2449
     912      17.2545        30.8826
     913      17.2387        31.0752
     914      17.3330        30.5395
     915      17.4005        30.4277
     916      17.1719        29.9189
     917      17.4019        29.8240
     918      17.1469        31.3759
     919      17.3960        33.0322
     920      17.3651        31.7938
     921      17.3603        31.9123
     922      17.5064        32.6345
     923      17.3572        31.7151
     924      17.2514        30.6492
     925      17.3029        30.3069
     926      17.2645        30.7661
     927      17.2471        30.2673
     928      17.4539        30.4591
     929      17.1696        30.4487
     930      17.3214        30.5564
     931      17.1558        30.2022
     932      17.4060        30.0167
     933      17.1747        30.9517
     934      17.2631        30.8752
     935      17.1673        30.1827
     936      17.3332        30.4773
     937      17.3393        31.6879
     938      17.2252        29.9323
     939      17.1906        30.6834
     940      17.2321        32.0468
     941      17.4086        32.1592
     942      17.3977        29.8636
     943      17.3710        29.9976
     944      17.3110        31.2715
     945      17.4063        30.6363
     946      17.2236        30.1917
     947      17.4048        30.1305
     948      17.3332        29.8971
     949      17.1587        31.4038
     950      17.3058        30.8909
     951      17.2691        29.9765
     952      17.3984        32.2715
     953      17.8270        32.2015
     954      17.5142        30.1621
     955      17.5921        31.5260
     956      18.0079        31.6657
     957      17.6755        31.5999
     958      18.1393        31.2841
     959      17.5649        30.4546
     960      17.3176        29.8891
     961      17.7639        30.4582
     962      17.6585        30.0322
     963      17.7592        30.7079
     964      17.8186        30.8808
     965      17.7033        31.4331
     966      17.5286        31.1017
     967      17.5318        32.0114
     968      17.6819        30.1888
     969      17.7290        30.8957
     970      17.5814        31.6897
     971      17.7445        30.9879
     972      17.6535        31.2583
     973      17.6755        30.4986
     974      17.6437        31.6424
     975      17.7861        30.9551
     976      17.7415        30.3890
     977      17.4578        30.4603
     978      17.5427        29.9280
     979      17.8548        30.4128
     980      17.7262        29.8216
     981      17.4135        31.9551
     982      17.8647        30.3995
     983      17.9697        31.1841
     984      17.7551        31.6028
     985      17.7851        30.6778
     986      17.7444        30.8884
     987      18.0831        31.8607
     988      17.7478        30.6617
     989      17.9308        31.1464
     990      17.7584        31.2367
     991      17.6438        31.5537
     992      17.8401        32.9101
     993      17.7531        31.4152
     994      17.7478        32.7396
     995      17.5461        30.7012
     996      17.5026        32.3591
     997      17.2851        30.8427
     998      17.2633        30.5658
     999      17.3762        30.7533
    1000      17.4984        32.5648
