#Frame        phi:121      psi:121
       1     -98.3746      -2.8896
       2    -119.0444       5.3094
       3    -122.8022       3.6055
       4    -103.3787       1.5359
       5     -96.4603       0.1131
       6    -114.8389      -2.8903
       7    -100.0367     -11.2353
       8    -105.7181      -2.8219
       9     -98.9375      -7.0082
      10    -104.2933      -8.2678
      11     -98.8363      -5.3450
      12     -95.6928      -6.3031
      13     -94.5938      -0.0014
      14    -110.6477       8.9952
      15    -109.1374      -9.7053
      16     -97.8618     -11.3018
      17    -106.6381      -1.7222
      18    -115.5800      -8.9249
      19    -110.2692      -2.7241
      20     -77.9224     -12.1077
      21     -98.9477       6.6304
      22    -102.7809     -14.0153
      23    -131.0223      -9.8753
      24    -102.2270      -1.8567
      25    -106.0909       1.8143
      26    -113.1971      -1.9439
      27    -105.4400      -4.8011
      28    -109.2494     -14.9925
      29     -87.9264     -20.0169
      30    -114.8417       0.5027
      31     -97.6305     -18.5895
      32    -113.6573      -5.9029
      33    -131.1240      -4.5231
      34    -109.2889      -8.8442
      35    -128.6028     -15.5390
      36    -102.2917      -8.8027
      37    -112.2116      -9.1298
      38    -105.1071      -6.5185
      39    -114.8301      -4.5511
      40     -99.4772     -16.1129
      41    -115.6944     -10.7346
      42     -93.7925     -20.7055
      43    -101.2954     -16.2364
      44     -87.0639     -22.9140
      45    -108.9662      -9.2486
      46    -107.7350     -13.7846
      47    -108.1250     -19.4872
      48    -111.9281      -5.1330
      49    -104.9026     -14.0162
      50    -114.6874      -9.5416
      51     -99.9815      -3.2630
      52    -112.9223     -20.9914
      53     -99.0346     -20.2679
      54    -117.0393      -5.4214
      55    -124.1515      -0.8027
      56    -108.2772       0.1025
      57    -120.1323      -3.1494
      58    -109.7846      -7.4168
      59    -105.5850      -9.9759
      60     -94.7277     -25.4842
      61     -96.1918      -7.6140
      62    -120.4932      -9.1221
      63    -105.9266       3.8463
      64    -105.9062      -5.3279
      65    -112.4446     -22.3173
      66    -117.0660     -21.0902
      67    -113.2876     -21.1735
      68     -88.9540     -16.6254
      69    -106.4071     -13.6860
      70    -106.0042     -15.5411
      71    -112.2690     -10.8714
      72     -97.4107     -13.4772
      73     -97.9134     -11.5332
      74    -116.9948     -16.2055
      75    -107.3695     -13.2437
      76     -94.5029     -14.5028
      77     -88.9924     -35.0038
      78     -94.1926     -12.3063
      79     -95.5377      -8.9173
      80     -92.6133      -5.8425
      81    -111.0015      -3.2710
      82     -96.3132     -22.2721
      83     -93.8435      -2.9226
      84    -101.8113     -15.9933
      85     -82.5810     -18.6640
      86     -89.5897     -18.6666
      87     -84.0175     -32.4054
      88    -118.0741      -4.1657
      89    -106.7951     -18.7493
      90    -104.1516     -32.4625
      91    -131.1862     -14.9089
      92    -107.8300     -22.6557
      93    -113.2502      -3.1271
      94     -98.5125     -10.1928
      95    -105.6436     -11.4351
      96    -105.9909     -23.6336
      97    -111.6704     -31.6803
      98    -106.7649     -23.2304
      99    -108.8161     -19.3796
     100     -96.4620     -13.5720
     101    -101.4575     -32.4130
     102    -118.1393     -23.0546
     103     -98.3918     -11.1944
     104    -107.3979     -13.7491
     105    -116.5544      -9.0334
     106    -113.4704     -10.5944
     107    -107.0015     -21.2851
     108    -105.7246      -8.7769
     109     -87.8906     -21.7338
     110    -110.8272     -33.9494
     111     -87.5534     -10.9162
     112     -93.8899     -10.5494
     113     -98.6889     -14.4095
     114     -80.7535     -10.4563
     115     -98.1540     -10.4151
     116    -111.9301     -24.1030
     117     -97.9338     -17.0065
     118     -81.3962     -32.0248
     119    -108.3970     -13.8703
     120     -96.6735     -19.1161
     121    -107.1355      -9.4665
     122     -90.7927     -14.8770
     123    -106.5228      -6.9201
     124     -83.1135     -27.1474
     125     -94.0963     -10.4985
     126    -107.0065     -24.9601
     127    -108.7156     -25.5712
     128    -123.2693     -22.4286
     129    -100.1326     -13.1146
     130     -96.3618     -14.4790
     131     -99.0293     -33.5226
     132    -117.9122      -7.7429
     133    -110.2111       7.4148
     134    -102.4040     -20.6136
     135    -103.0856     -12.4170
     136     -97.7206     -22.2931
     137    -101.0201     -17.9760
     138    -113.6644      -7.4181
     139    -110.5214     -23.3269
     140     -96.5642     -15.6429
     141     -98.9583      -9.2669
     142    -124.7921      -0.4391
     143    -108.9914     -26.8739
     144    -100.7460      -8.8700
     145    -102.8466      -7.6699
     146    -107.7209     -18.4844
     147    -109.0830      -7.4703
     148    -117.4939      -6.5256
     149    -119.0858     -19.1587
     150     -88.9851     -21.3164
     151    -105.1964      -2.1919
     152    -111.8871     -19.4489
     153     -85.2823     -33.8797
     154    -109.6952     -13.8553
     155    -110.9253     -14.2954
     156    -101.2435     -28.4563
     157    -107.5885     -15.4722
     158     -92.9520     -17.7349
     159    -116.6319     -32.7246
     160    -103.2845     -12.0571
     161    -105.8802     -12.4139
     162     -99.3608     -36.0695
     163    -112.8663     -22.8014
     164    -103.4712     -26.4545
     165    -103.5651     -23.8122
     166    -104.4584      -6.6730
     167    -118.3908     -16.2261
     168     -90.4128     -15.0492
     169    -128.2130     -26.1687
     170    -105.9937     -14.6389
     171     -95.5744     -15.6969
     172    -103.6694     -19.8460
     173    -112.6577     -21.0447
     174     -98.2594      -8.3783
     175     -81.0937     -24.4788
     176     -95.7347     -24.4576
     177    -100.2952     -28.9353
     178    -103.6501      -5.6443
     179    -123.2106     -13.4518
     180    -100.4006     -10.3017
     181     -96.4518     -13.0582
     182    -112.8106      -9.4742
     183    -107.7504     -27.1748
     184     -90.6183     -11.6690
     185    -110.3732     -12.3481
     186    -114.0879     -17.3727
     187    -101.0954       6.0558
     188    -100.6243     -18.2485
     189    -104.4288     -17.4393
     190     -98.0882     -22.0282
     191    -100.5341     -17.2487
     192    -109.4051     -12.6092
     193    -112.0993     -16.0257
     194     -92.9262      -9.6729
     195    -119.7358     -24.9212
     196     -93.8196     -24.8728
     197     -97.9651     -22.0480
     198    -101.8099     -12.3666
     199    -115.2497      -4.3286
     200     -89.0061      -7.6598
     201    -113.0619     -28.1262
     202    -120.2427     -14.9978
     203    -118.2817     -19.4528
     204    -109.6934      -4.2084
     205    -118.4661     -10.3635
     206     -90.1894     -12.7519
     207    -103.4900     -10.7828
     208     -92.9292     -20.2119
     209    -124.6522       0.5597
     210    -109.5991      -5.8547
     211    -126.6501     -23.5510
     212    -101.3639     -15.7061
     213    -118.7448     -10.0327
     214     -96.4642     -22.1087
     215     -98.7483     -19.8533
     216     -91.1204     -25.1904
     217    -110.5103     -13.9040
     218    -102.4877     -28.4655
     219    -101.6996     -19.9907
     220    -111.3355       0.6845
     221    -102.7786     -22.1073
     222     -97.2636     -18.1988
     223    -114.3880      -0.6062
     224    -102.9606     -17.6406
     225    -105.1183     -22.4340
     226    -105.9311     -15.0459
     227    -118.0521     -21.8329
     228    -105.6705     -16.8550
     229     -83.4530     -32.1880
     230    -114.4724     -17.7052
     231    -106.2854     -13.1250
     232    -110.9337     -19.4507
     233    -110.9745     -21.7760
     234    -117.9966     -19.0410
     235    -108.4900     -13.3443
     236     -93.6020     -25.9203
     237     -94.4165     -28.0736
     238    -118.3564     -26.2721
     239     -99.0399     -25.7420
     240     -99.9021     -28.7503
     241    -124.8459     -15.9296
     242    -115.5826     -20.0138
     243    -104.7172     -13.5475
     244    -108.2376     -17.9150
     245     -83.5373     -33.1602
     246    -109.3518      -5.6723
     247     -85.7471     -30.0367
     248    -105.9844     -19.1171
     249     -94.5439     -16.6348
     250    -118.9727      -9.1501
     251    -101.9013     -12.9017
     252    -102.7480      -3.8281
     253    -102.4379     -10.0905
     254    -114.6681     -17.3885
     255    -110.1478     -15.8357
     256    -100.1548     -19.5440
     257    -103.7436     -17.5709
     258    -102.8728     -17.3590
     259    -115.3965     -12.0317
     260    -110.1077      -2.6598
     261    -103.9769     -13.1795
     262    -111.6384     -17.3543
     263    -111.9367      -2.4984
     264    -103.4061     -16.5353
     265    -119.4586      -2.1626
     266    -113.0926     -15.5821
     267    -106.9612     -16.1992
     268     -80.2506     -16.7030
     269    -103.8568      -9.4185
     270    -111.8395     -32.8667
     271    -113.1378      -4.7094
     272    -103.4708     -42.8707
     273     -98.5397     -20.7565
     274    -104.4239     -19.6001
     275    -116.8157     -32.6256
     276    -101.2457     -28.9935
     277     -87.7347     -23.6639
     278     -99.1683     -27.7056
     279     -86.2582     -30.2862
     280    -107.1704     -10.3088
     281     -98.1132     -19.1004
     282    -108.0402     -13.5089
     283     -93.8744     -11.6500
     284    -102.3334     -21.5451
     285    -103.5584     -26.4157
     286     -95.9025     -27.1065
     287    -115.0240     -11.7542
     288    -119.8535     -20.2598
     289     -92.1605     -36.6630
     290     -87.3959     -24.9527
     291     -97.8619     -20.5436
     292     -82.7386     -17.7412
     293    -100.5419     -18.9612
     294    -108.5248     -17.2628
     295     -89.6091     -17.9855
     296    -101.6553     -15.4639
     297     -90.5047     -14.9391
     298    -104.4270      -7.2165
     299    -126.4173     -10.7312
     300    -107.6156     -22.3681
     301    -101.0560      -5.4836
     302    -106.8059       0.4438
     303    -104.8898     -11.4407
     304     -83.8718     -10.7110
     305    -118.2110     -10.1503
     306     -94.5897     -13.5301
     307    -101.7734     -19.3094
     308    -107.5955     -11.3761
     309    -112.1778     -16.6799
     310    -105.1908     -12.5950
     311    -116.2106      -6.4028
     312     -97.2642     -18.1642
     313    -112.5748     -21.2316
     314     -99.5781     -26.0921
     315    -108.9338      -3.3336
     316     -96.9148     -26.5811
     317     -97.0562     -18.9110
     318    -105.8153     -14.5017
     319    -106.1638     -22.5673
     320    -111.8549      -6.5529
     321     -93.9495     -14.8768
     322     -96.0001     -12.4405
     323    -116.9987     -16.4462
     324    -107.4115     -29.6544
     325    -111.0136      -8.5378
     326     -99.0612     -10.2652
     327     -82.6782     -18.3843
     328    -115.1909      -9.9394
     329    -112.1963      -8.0007
     330     -98.0478     -36.8115
     331    -107.7804     -25.4069
     332    -103.2869     -35.9611
     333    -108.8114     -19.4717
     334    -123.2369       2.2439
     335     -98.4632     -13.6924
     336    -104.8027     -12.6314
     337    -111.8496     -23.0732
     338    -107.4208      -1.5425
     339     -92.7343     -17.4433
     340     -98.8509     -39.0461
     341     -94.5994     -34.3881
     342     -99.6530     -41.1098
     343    -115.6098     -21.3183
     344    -121.4826     -13.4704
     345    -101.2941     -18.2073
     346    -106.0809     -24.8495
     347     -89.4329     -30.6858
     348    -128.0716      -0.7481
     349    -126.2783     -11.4962
     350     -94.9929     -34.4409
     351    -111.8167      -9.2678
     352    -120.9727     -10.1095
     353    -116.9742       1.8510
     354    -127.7947      -8.2055
     355    -110.9238      -1.2456
     356    -115.5762      -8.9440
     357    -104.8960     -11.5152
     358    -108.1149     -24.5581
     359    -109.2810      -6.9510
     360    -112.8575     -22.7382
     361     -82.7717     -14.2985
     362    -100.1538      -9.5683
     363     -97.8476     -22.8497
     364    -101.8326     -14.7456
     365    -111.3411      -0.0249
     366    -100.5462     -11.0836
     367     -98.4998      -8.5346
     368     -99.7877     -11.9653
     369     -96.8565     -21.9787
     370     -93.9696      -5.2824
     371    -120.2292     -18.7938
     372    -110.8962     -11.4496
     373    -103.6617      -7.0950
     374    -102.5283      -7.9350
     375    -113.4256      -4.1299
     376    -110.0772      -4.3561
     377    -108.4147       5.4174
     378    -120.3216       0.3234
     379     -94.3945     -15.0790
     380    -103.8303     -23.9001
     381    -113.2473     -24.0870
     382     -89.7889      -9.5314
     383    -101.3266     -13.4613
     384     -97.7399     -11.4479
     385     -89.6076     -17.0781
     386    -100.8373     -12.5839
     387     -91.0879     -13.5528
     388     -98.7821     -24.7763
     389    -112.0591       1.5627
     390    -109.9179      -6.1281
     391     -95.2465     -13.2952
     392     -94.9601     -24.3233
     393    -107.9354     -14.4919
     394    -108.5454      -9.3393
     395    -122.8863     -16.3275
     396     -77.4695     -13.8965
     397    -115.4221     -20.7197
     398    -105.2564     -22.9298
     399    -122.6615      -8.2314
     400     -92.0122     -13.2426
     401    -113.7650      -0.5391
     402     -81.0859     -21.4124
     403     -99.5818     -14.0725
     404     -93.0330     -11.8333
     405    -101.5651      -6.3749
     406    -120.0530      -2.0614
     407    -106.1215       3.6719
     408    -121.5444      -2.9667
     409     -94.5500     -26.1393
     410    -100.9773     -13.1369
     411    -102.0196     -16.2719
     412    -103.2280     -18.0360
     413    -113.3677     -23.1817
     414     -90.4219     -21.3640
     415    -108.7425      -2.9269
     416    -106.2419     -20.4663
     417    -108.8904     -16.3897
     418    -109.0497      -5.8813
     419    -120.2127       1.4882
     420     -90.7592      -9.7867
     421    -100.0200     -15.5429
     422    -103.2546     -23.0446
     423    -109.2104     -16.3750
     424    -104.0432      -2.0914
     425    -105.5253     -13.4344
     426    -105.2577      -5.5474
     427    -109.0346     -25.2449
     428    -110.0151       2.2610
     429     -81.4605      -5.8352
     430    -100.6734     -18.4228
     431     -89.4429     -11.1113
     432    -110.0088     -18.7414
     433    -119.6344     -14.5581
     434    -100.2142     -22.9425
     435    -122.9484     -18.2245
     436    -108.1387      -0.6153
     437    -100.2756     -19.6189
     438     -91.0592     -13.3781
     439     -98.8976     -13.3500
     440    -113.5925     -16.6480
     441    -104.0228     -22.5855
     442    -110.9561     -11.4082
     443    -116.2097       0.4629
     444    -101.6168     -21.8286
     445     -91.2862     -17.8366
     446    -134.5324      -6.7439
     447     -92.3976     -13.1816
     448    -108.7150     -20.3992
     449     -91.2329      -5.0412
     450    -112.2802      -2.0876
     451     -95.1321     -17.6465
     452    -101.6426     -10.1458
     453     -84.8428     -28.2983
     454    -117.5089      -7.8090
     455    -129.3450     -20.4761
     456    -113.7683      -1.4090
     457     -93.0417     -36.7611
     458    -100.7907     -22.6816
     459    -104.7088     -20.6092
     460     -87.6034     -14.0987
     461     -95.7367     -24.5180
     462    -100.0948     -10.6604
     463    -104.0682       1.8109
     464    -109.6031     -25.4766
     465    -103.3701      -2.5149
     466    -102.3333      -2.9207
     467    -102.1704     -12.9398
     468     -95.2228     -37.6601
     469     -97.5002     -19.2598
     470    -118.8582     -16.2435
     471    -112.7157     -12.0814
     472     -84.9661     -16.1233
     473     -87.4105     -10.4468
     474    -108.5026     -14.3214
     475    -113.4223      -4.3434
     476    -111.8988      -1.1772
     477    -111.2110     -11.2645
     478     -84.8455      -5.8314
     479    -111.7230     -22.7031
     480    -103.7194     -15.1621
     481    -117.7701     -11.5589
     482     -94.3165     -28.6650
     483    -102.3958     -26.3397
     484    -116.8193     -20.1168
     485    -114.9199     -21.7203
     486    -111.0364     -11.4181
     487    -102.3131     -17.2761
     488     -99.9845     -13.2190
     489     -97.0476     -41.8014
     490     -93.6743     -27.3421
     491     -98.2414     -28.4714
     492    -122.2771      -7.6119
     493    -116.8690     -16.5049
     494    -105.6400     -16.9991
     495     -93.3454      -6.6235
     496    -125.4492      -9.4606
     497    -106.7644      -0.8360
     498    -102.5512     -18.8461
     499     -97.6667     -20.4306
     500    -106.8884     -34.0451
     501    -114.1166       3.6143
     502    -102.7902     -16.7545
     503    -121.4829     -11.7009
     504     -73.5077     -14.4003
     505    -129.6798      -9.4574
     506     -99.4969     -17.7859
     507    -104.9579     -16.9692
     508    -121.5040     -21.0586
     509    -113.8938     -26.4628
     510    -121.4651      -7.0587
     511    -100.2051     -17.8184
     512     -84.3539     -13.0750
     513    -105.1828      -3.2145
     514     -94.7030     -21.8149
     515     -87.8557     -18.5734
     516    -108.0887     -10.0099
     517     -98.6160     -24.3439
     518    -110.1414      -8.1042
     519    -113.3946     -23.3890
     520     -84.0540     -12.7894
     521    -112.7613      -1.1031
     522    -100.2024      -4.1524
     523    -104.1921     -20.3188
     524     -83.6292     -22.3604
     525    -109.0880     -13.0008
     526     -97.1340     -11.6444
     527     -91.8724     -30.4350
     528    -107.2943     -28.9998
     529     -86.4407     -18.4394
     530    -106.8806     -17.2841
     531     -99.1989     -19.6016
     532    -100.0841      -7.5077
     533    -121.9135     -18.3210
     534     -96.1691     -27.5170
     535    -113.5027     -13.0237
     536    -108.8472       9.6662
     537    -100.6525     -15.4034
     538     -93.1277     -20.3349
     539    -120.1955     -37.3331
     540    -110.2420     -30.3060
     541    -118.4154     -11.8079
     542     -96.8461     -14.3038
     543     -85.5955     -15.2826
     544    -112.4382     -28.8881
     545    -112.4158     -16.3978
     546     -94.6748     -17.7991
     547    -108.0391     -29.8464
     548    -101.7274     -20.4619
     549    -100.1122     -11.0670
     550    -105.1289     -17.3225
     551    -102.9896     -11.3921
     552     -90.9490     -34.1318
     553     -96.1248     -26.0600
     554    -114.0400      -6.1661
     555    -132.0961      -2.8845
     556    -113.4795     -25.8732
     557    -102.3855     -13.7978
     558    -104.8861     -29.6069
     559    -115.6793      -7.7731
     560     -98.7831     -29.6192
     561    -112.9524     -26.7352
     562     -99.8762      -6.7752
     563    -103.9015     -10.7061
     564     -99.1719     -19.7819
     565    -103.3110     -13.6545
     566    -116.9792     -18.5737
     567    -108.5862     -31.8083
     568    -102.2619     -14.2529
     569    -114.9624     -16.5768
     570    -109.7887     -31.5512
     571    -109.8137     -28.0030
     572    -107.1219     -26.2163
     573    -113.8964      -4.0572
     574    -108.7416     -16.7404
     575    -121.8310     -10.2380
     576    -100.7688     -17.3265
     577    -110.7424     -22.4414
     578    -115.5196      -4.4677
     579    -110.3551      -9.6968
     580    -114.9355      -9.6908
     581     -88.3972     -26.6911
     582    -114.5440      -6.7335
     583     -94.8001     -21.0425
     584    -108.3188     -18.5793
     585    -117.3986     -13.9591
     586    -106.8656     -17.6882
     587    -108.5783     -21.4532
     588    -107.8640     -18.5603
     589     -99.8704     -10.2420
     590     -87.4650     -18.4626
     591    -105.3165      -7.0059
     592     -93.9496     -33.1406
     593     -91.1888      -6.9408
     594     -86.0932     -12.0408
     595    -120.2065     -14.0565
     596    -122.4697      -4.8483
     597    -103.3351     -18.4834
     598    -119.2521     -35.6142
     599    -104.7285     -28.4458
     600    -116.9289     -12.7121
     601    -108.9743     -19.6196
     602     -90.5896     -35.7903
     603    -103.3791     -15.5691
     604     -92.9634     -33.5101
     605    -106.1976     -17.8324
     606    -100.6573     -10.9106
     607    -111.7690     -19.7724
     608    -118.2912     -16.7933
     609     -89.3591     -24.4023
     610    -121.8874      -9.1894
     611    -109.2618     -30.4245
     612    -111.1403     -30.4279
     613    -107.0100     -34.9190
     614     -96.1336     -18.2200
     615    -110.4629     -19.2029
     616     -97.0776     -24.5070
     617    -104.6078     -29.7150
     618    -109.0092     -30.4677
     619    -115.4487      -9.7728
     620     -88.7644     -17.6121
     621    -112.6904     -16.1910
     622     -86.6287     -13.5730
     623    -104.1921     -25.2609
     624    -115.0209     -20.1467
     625    -100.8110     -23.8795
     626    -110.4665     -24.9396
     627     -87.4380     -39.6051
     628    -103.0189     -23.7522
     629    -106.8022     -30.0939
     630     -94.7134     -11.5447
     631     -93.1319      -8.3864
     632    -103.7954       8.9439
     633    -111.4232     -23.9279
     634    -117.7691       1.1405
     635    -110.8394     -37.4544
     636    -107.0173     -27.4120
     637    -111.0211     -13.6261
     638     -90.8983     -30.5621
     639     -85.7875     -19.7465
     640    -115.1676     -14.8718
     641    -102.0739      17.8306
     642    -104.9482     -20.1200
     643     -98.3699     -14.9782
     644    -124.8738     -27.4372
     645    -113.4267     -30.0999
     646    -110.0589     -15.3157
     647     -96.3227     -14.0247
     648     -92.3677     -22.5210
     649     -91.3028       0.6294
     650    -101.6472      -5.5337
     651    -121.5233      -0.2899
     652    -111.8348     -19.6222
     653    -109.8069      -8.1662
     654    -110.2763      -3.6104
     655    -112.8622       0.5372
     656    -103.6783     -26.2262
     657    -120.5453     -19.7628
     658    -100.0090     -28.8027
     659    -105.3335     -28.1735
     660    -108.1993     -26.1419
     661    -108.4073      -9.4588
     662    -101.8763     -18.6996
     663    -110.3505     -24.6608
     664    -115.8703      -4.7934
     665    -112.7308     -12.9364
     666    -117.6720     -11.4109
     667    -117.2413     -14.6121
     668    -100.1299     -20.6242
     669     -89.5203     -22.8950
     670    -106.7966      -8.6410
     671    -109.7603     -13.8377
     672    -108.0794     -15.6227
     673     -96.4367      -8.5092
     674    -108.7218     -26.8404
     675    -113.6561     -18.8486
     676     -97.3392     -25.4869
     677    -105.4097     -14.5677
     678     -98.6531     -29.4630
     679    -109.3633      -1.0902
     680    -109.0329     -13.9271
     681    -103.0725      -5.9765
     682    -108.6925     -27.0035
     683     -97.5485     -28.6037
     684    -117.1776      -3.8493
     685    -105.7377     -17.6301
     686    -108.4549     -26.3458
     687    -106.7970     -12.7841
     688     -86.8192     -24.9820
     689     -97.4383     -16.1987
     690    -115.2148      -7.2012
     691    -106.8696     -18.5031
     692    -104.3516     -17.6416
     693     -98.1078      -3.9433
     694     -92.0565     -28.8254
     695     -94.4825     -32.6961
     696     -96.9775     -18.2756
     697    -101.4266     -15.3596
     698    -104.2082     -53.4142
     699    -108.2944     -14.6073
     700     -82.7641     -13.7945
     701    -115.5115     -12.2588
     702    -129.3372     -18.3668
     703    -120.3835      -7.5984
     704     -91.3392     -24.7536
     705     -96.5030     -19.1659
     706     -95.1052     -23.8698
     707    -107.5287       9.0971
     708    -107.8676     -32.9168
     709     -88.4542     -15.3241
     710     -92.7167     -11.1407
     711    -100.9697     -13.5752
     712    -110.9373      11.9527
     713    -124.6940     -19.1070
     714    -106.6556     -15.0730
     715     -83.4098     -10.0103
     716    -112.5357      -0.5035
     717    -129.8826     -18.3556
     718    -113.0254     -17.3092
     719     -96.3063      -1.2994
     720    -117.8044      -4.5670
     721    -106.6102     -17.4910
     722     -91.7484      -5.1316
     723    -100.2768      -0.8932
     724     -98.9643     -19.7318
     725    -113.2408      -9.4994
     726     -95.9636     -32.5569
     727     -97.9720     -26.5736
     728    -122.5204     -22.8405
     729     -98.8201      -6.0830
     730    -125.9246     -10.6984
     731    -114.0664     -15.0200
     732    -111.3204     -18.3583
     733    -110.5878      -9.9143
     734    -118.1091     -22.2881
     735    -103.4093      -9.6868
     736    -100.4194     -21.2782
     737     -99.0069     -11.3174
     738     -98.4531     -23.9216
     739    -116.5701      -9.1582
     740     -98.9629     -24.6242
     741    -117.7627     -24.1803
     742    -108.3098      -1.3620
     743     -98.2939     -22.3247
     744     -94.8829     -15.2101
     745     -79.2002     -22.4911
     746     -99.4259     -34.2948
     747     -96.3154     -13.6436
     748     -89.4898     -30.8509
     749     -94.6883     -10.8390
     750    -109.1503     -12.4308
     751    -110.3525     -10.9891
     752     -97.9335     -16.1820
     753     -95.3278     -11.8549
     754     -98.1613     -21.0721
     755    -100.2746     -16.4629
     756     -96.4754     -17.1399
     757     -91.9360     -19.7625
     758    -101.2945     -21.7204
     759    -113.8004     -22.5277
     760     -91.8163     -19.4277
     761    -105.9512     -21.9994
     762    -101.9402     -12.3231
     763    -120.4001     -10.6702
     764    -116.3955     -26.0744
     765    -108.8706     -23.6699
     766    -109.6917      -4.3878
     767     -97.8674     -10.2957
     768    -106.8731     -24.2852
     769    -116.7973     -13.5168
     770    -109.3683     -37.5789
     771    -113.1396     -14.1860
     772    -106.1688     -18.0188
     773    -119.8729     -21.9766
     774    -104.3316     -18.0486
     775    -117.4025     -24.9015
     776    -100.0773     -14.9927
     777    -101.0497     -25.9148
     778    -105.4919     -11.6415
     779    -105.7578      -9.2897
     780     -96.7756     -11.0373
     781    -105.5016     -28.6325
     782    -106.1035     -20.1149
     783    -100.3340     -19.1156
     784    -104.8050     -17.6358
     785    -116.6226     -35.3919
     786     -93.6837     -31.0524
     787    -106.6776     -14.1065
     788    -105.9145     -10.3412
     789    -100.3348     -22.9475
     790    -103.9063      -1.6145
     791    -123.9099      -8.1012
     792    -112.8251     -25.6327
     793    -119.6142     -38.4414
     794    -111.7996     -15.1897
     795     -95.5769      -8.9058
     796     -85.8261     -34.9126
     797    -101.9590      -6.7415
     798     -92.3283     -13.5532
     799    -124.0847      -5.4906
     800    -113.0159     -17.9983
     801     -92.4575     -50.3476
     802    -100.1960     -10.4591
     803    -123.2036      -7.4426
     804    -104.6105      -2.6740
     805    -111.6450     -25.2134
     806     -92.8337     -11.3641
     807    -100.8738     -24.0470
     808    -104.7679     -30.0964
     809    -113.4403     -18.5739
     810    -119.4545     -16.3348
     811     -95.3837     -31.7068
     812     -96.7165     -15.6426
     813     -94.8324     -20.1803
     814    -110.9513     -16.7890
     815     -86.2262     -20.4844
     816    -101.4955     -10.2436
     817    -114.7354     -12.5870
     818     -90.7240     -33.8523
     819    -100.9333     -17.2856
     820    -114.1346     -29.8964
     821    -107.4941     -24.3124
     822    -109.7482      -7.9722
     823    -100.0364       4.5930
     824    -108.3212     -19.9696
     825    -107.8596     -22.0018
     826    -102.8771     -14.2413
     827    -111.4446      -8.8683
     828    -119.6190     -16.8231
     829     -91.2882     -25.9227
     830    -119.3450       8.9068
     831    -112.1906     -19.4491
     832    -111.3397     -34.9061
     833    -110.4366     -10.0354
     834    -103.1935      -8.4123
     835    -103.3545     -24.6465
     836    -111.1897      -3.9123
     837     -98.8042     -14.0101
     838     -94.7216      -4.8173
     839    -101.1465     -26.5047
     840    -101.3629     -16.7375
     841    -115.1458     -11.9011
     842     -97.6479     -10.9976
     843    -119.7814      -7.0070
     844    -104.1471     -11.9741
     845    -104.5833     -34.1434
     846    -112.0283      -4.0479
     847    -118.5080      -6.0324
     848    -118.4770     -14.5645
     849    -111.1981      -4.4438
     850     -95.4621     -36.5112
     851     -96.5221      -3.4364
     852     -92.7418     -16.7169
     853    -101.7634     -14.7712
     854     -93.8983     -19.7555
     855    -101.1324     -24.6339
     856    -114.9432     -17.9124
     857    -119.0325     -12.3633
     858    -101.6648      -8.5721
     859    -109.0050     -18.2918
     860    -123.2530      -5.9919
     861    -103.0032     -12.6889
     862     -93.9969     -19.9557
     863     -98.2398     -22.3402
     864     -96.8911     -23.7021
     865    -114.2900      -5.4635
     866    -121.4558     -20.5076
     867    -116.4386     -10.7227
     868    -104.2211      -7.0022
     869    -105.2791     -18.0828
     870     -92.7766     -26.2471
     871    -129.4754      -5.2408
     872    -109.0626     -11.0590
     873     -95.4282     -25.6910
     874    -105.7803     -17.4092
     875    -116.7374     -23.9261
     876     -95.6355     -11.6547
     877    -126.6609       3.6061
     878     -96.7785     -20.8307
     879    -106.5074     -11.8117
     880    -117.2878     -15.8672
     881     -87.0366     -17.8230
     882    -109.3126      -6.6553
     883    -116.5955      -7.1122
     884     -84.8734     -13.5863
     885     -88.4059     -27.0773
     886    -108.5992     -12.7061
     887     -89.9569     -11.3321
     888    -110.5988     -21.5311
     889    -107.6802      -8.9487
     890    -107.5438      -2.7919
     891    -101.0072      -7.2539
     892    -110.5356     -13.0066
     893    -121.3448     -16.9797
     894    -105.4812     -16.4321
     895    -109.4053     -16.7482
     896    -105.7726     -10.6984
     897     -94.0589      -3.4092
     898    -106.8676       0.6807
     899    -119.3486      -0.4792
     900    -111.3750     -16.0480
     901     -93.3286     -23.1254
     902    -102.4980     -11.0236
     903    -110.2936     -19.8091
     904    -109.8977      -2.9423
     905    -110.0552     -11.1880
     906     -99.1292     -16.3360
     907    -108.6709      -8.9858
     908     -93.6812     -20.2075
     909    -111.7180     -22.4988
     910     -93.1386     -21.9106
     911    -102.8896      -8.5262
     912    -111.3602      -6.8888
     913    -109.1771      -6.0236
     914    -115.0758     -15.5635
     915    -112.9852      -1.7311
     916    -106.9792       1.0622
     917    -116.4899     -28.5120
     918    -113.0534      -7.2973
     919     -96.2965     -15.4317
     920    -116.7860     -23.2739
     921    -106.5534     -29.1421
     922    -108.4606     -15.2287
     923    -126.4229      -7.6263
     924    -112.9673      -0.3081
     925    -100.0266      -3.1445
     926    -107.7582      -7.6967
     927    -107.1130      -0.2164
     928    -109.7616     -14.5751
     929    -117.4488     -22.1934
     930    -104.1902     -23.7829
     931     -92.6890     -25.1342
     932    -103.2587     -18.2272
     933    -107.4292     -17.8974
     934    -118.8543       3.7663
     935    -110.9047      -0.3470
     936    -106.7428      -2.6813
     937    -121.2918      -5.5730
     938     -98.4298     -23.9369
     939    -102.7932      -8.8288
     940    -119.4821      -5.7828
     941    -103.6595      -2.8928
     942    -113.2511      -4.1554
     943    -100.8876     -17.8365
     944    -110.7819     -11.5429
     945    -115.8643       2.6048
     946    -102.4557       7.0459
     947    -115.3497     -20.3031
     948    -112.8209      -6.2174
     949    -109.9978     -24.4804
     950    -116.5490     -13.1828
     951    -108.9123       5.9020
     952    -103.0711     -12.5222
     953    -106.1597     -22.3124
     954    -107.1955      -4.2806
     955    -122.0567     -16.9615
     956    -110.9144      11.4497
     957    -104.8759     -21.6720
     958    -107.3167       2.4700
     959    -108.2835     -27.5037
     960    -123.9375      -0.0625
     961    -114.5075     -18.3359
     962    -113.4828     -24.3559
     963    -100.9365     -14.0855
     964    -117.4200     -11.4995
     965     -94.1416     -34.0052
     966     -87.0340     -17.1719
     967    -105.6972     -17.0706
     968    -123.6311     -23.9383
     969     -94.1702     -13.8747
     970    -105.2941     -29.1909
     971    -108.8235     -25.0088
     972    -112.1423     -17.1163
     973     -99.7898      -5.5919
     974    -114.0728      -1.7743
     975    -112.2034      -2.5207
     976     -98.8151     -28.6256
     977    -100.2437      -8.4932
     978    -113.1319      -9.0336
     979    -107.8756     -22.7357
     980    -114.1224     -19.1986
     981     -92.7898     -26.0800
     982    -106.7696     -21.6763
     983    -112.2015      -7.0435
     984    -107.1421     -38.7291
     985    -125.0970     -13.3718
     986     -96.9132     -26.1410
     987    -100.2681     -22.3445
     988     -92.6291     -24.4021
     989    -107.1387     -10.7811
     990    -103.3502     -16.4407
     991    -114.1105     -17.2763
     992    -125.0554     -22.9363
     993    -118.4379     -20.5303
     994    -107.9963     -19.2950
     995    -102.5029      -2.7523
     996    -112.9505     -12.9279
     997     -89.2725     -23.6143
     998    -103.8333     -13.3650
     999    -111.0583      -7.3857
    1000    -114.8270      -6.0022
