#Frame        phi:121      psi:121
       1    -112.7410      -5.3579
       2    -114.2903     -10.5501
       3    -101.8039     -21.1247
       4    -104.0002       0.0578
       5    -107.5744       4.1905
       6    -108.3051     -21.6026
       7     -94.3227       3.0905
       8    -117.4091      13.8363
       9    -123.6039       3.6976
      10    -115.1280      -1.2533
      11    -106.7114     -25.9982
      12    -130.5258      -4.1333
      13    -101.1781     -11.5231
      14    -114.8961     -15.6698
      15     -96.7546       9.4238
      16    -122.3120       4.4650
      17    -122.7933     -13.0950
      18    -113.0781     -11.6744
      19    -107.8644     -14.9515
      20    -118.3280     -14.9516
      21     -90.1082       8.2690
      22    -130.9083     -10.3167
      23    -119.9416      -5.6342
      24    -107.4997      -2.2323
      25    -115.8479     -14.1870
      26    -119.1417     -12.9416
      27    -131.4213     -17.2851
      28    -115.1158      -4.9788
      29    -115.8562      -7.4578
      30    -113.3545      10.4544
      31    -128.1178       1.7419
      32    -115.2179      -4.9137
      33    -120.5375      -6.6948
      34    -121.6444      -6.9165
      35    -126.0148     -10.9290
      36    -120.2824     -10.5064
      37    -122.7999      -6.8911
      38    -134.7469     -14.7152
      39    -115.7280      -7.6012
      40    -128.3884     -16.7981
      41    -117.1537     -15.3684
      42    -116.3743      -5.5033
      43    -115.7867      -2.0390
      44    -123.2899      -2.8338
      45    -130.2944      -6.3878
      46    -100.8591     -32.7262
      47    -134.9512      -4.0008
      48    -139.9833     -21.2987
      49    -115.9845     -15.0870
      50    -132.7756     -10.1264
      51    -116.3677     -18.3019
      52    -112.7411      -4.7606
      53    -127.9616      -4.8927
      54    -126.2906      -8.7505
      55    -116.9792      -6.6045
      56    -117.0997       5.2011
      57    -115.2570      -2.8719
      58    -127.8504      -6.0532
      59    -110.6244     -17.1498
      60    -136.1166      -8.5689
      61    -128.6892     -26.8081
      62    -117.0598      -8.8393
      63    -126.9174       1.5363
      64    -117.5785      -1.1587
      65    -132.2451     -16.7724
      66    -121.1923     -10.7414
      67    -121.1132       0.7389
      68    -101.8937     -11.4037
      69    -108.3553     -18.8413
      70    -131.9954      14.5393
      71    -135.2431       1.4558
      72    -130.4120     -22.1045
      73    -111.7897     -14.7000
      74    -111.7304     -21.6307
      75    -139.8598      -5.0633
      76    -121.0605     -10.3379
      77     -99.1678     -11.2669
      78    -135.0781      -5.0360
      79    -128.4799      13.2663
      80    -135.2880      -7.4040
      81    -116.1753     -26.8773
      82     -98.9273     -15.0802
      83    -111.4366      -1.3544
      84    -111.2682      -6.0018
      85    -138.4065       8.2009
      86    -117.5458       1.0517
      87    -147.1443      14.0985
      88    -128.7058     -14.1130
      89    -133.3125     -11.8892
      90     -73.2926     -27.6536
      91    -127.2463     -14.0616
      92    -123.7615      -6.4092
      93    -114.5106      -2.9640
      94    -117.7579     -27.0138
      95    -131.5928      -7.6845
      96    -128.1979       4.9789
      97    -135.3480       1.7549
      98    -113.2934      -0.0293
      99    -117.3185       2.6685
     100    -120.1247      -6.8570
     101    -127.1828      -9.6050
     102    -127.9421      -0.6735
     103    -128.4117       3.0241
     104    -130.0161       2.6477
     105    -124.2872       3.0711
     106    -123.6641       4.3060
     107    -126.5435       1.7708
     108    -109.3568      -0.7066
     109    -139.5902     -10.1539
     110    -132.3493      -1.3903
     111    -136.2441      -1.6870
     112    -146.4644      -0.2809
     113    -135.7853     -11.2651
     114    -128.5046      -5.9549
     115    -111.9470      -0.3058
     116    -123.3500     -17.5269
     117    -139.1107      12.0324
     118    -122.0671       4.5367
     119    -109.4266      -1.3694
     120    -115.2854     -18.6148
     121    -131.4046      -0.8089
     122    -117.6622       6.5146
     123    -120.3684      -8.0374
     124    -109.6045     -12.1023
     125    -135.7803     -19.7076
     126    -132.7062     -16.6675
     127    -125.8447     -23.8357
     128    -126.0552      -5.4859
     129    -144.2901       7.7894
     130    -145.4968     -10.9654
     131    -109.7651     -12.9107
     132    -120.8977      -4.6574
     133    -137.1575      -2.9524
     134    -114.7388     -20.9989
     135    -128.6369       0.2790
     136    -120.1509     -13.3353
     137    -112.9991      -9.0436
     138    -144.9025       2.5583
     139    -105.2492      -9.9737
     140    -144.2864     -11.9848
     141    -130.9829       8.0484
     142    -122.8189      -3.6406
     143    -136.6724      -8.4491
     144    -129.7367       3.9752
     145    -127.2420       6.8730
     146    -130.9240      -3.6602
     147    -129.2075      -1.6970
     148    -129.1204       2.6711
     149    -112.7767      -0.1868
     150    -126.0560      -7.2260
     151    -130.7199       5.4883
     152    -123.9039      -2.4598
     153    -130.8573      -7.3651
     154    -130.4704      -5.0096
     155    -119.5884       5.8792
     156    -122.6459     -14.8997
     157    -109.8096      -2.5022
     158    -131.2932      -9.0703
     159    -133.0390      -0.2617
     160    -120.4169     -15.7408
     161    -125.5659      -4.6639
     162    -134.8754      17.2471
     163    -123.2517      -4.5852
     164    -129.8074      -2.0392
     165    -113.7421      -4.4637
     166    -124.9224       1.5011
     167    -122.9866     -10.5832
     168    -106.8359       0.0276
     169    -122.7825     -13.2787
     170    -136.5578     -13.1744
     171    -121.9085     -14.1392
     172    -124.6308      -7.0245
     173    -118.2513      -4.5784
     174    -128.2215      -6.1421
     175    -119.1704     -25.4793
     176    -130.6623      10.4813
     177    -115.4004     -15.8646
     178    -139.1736      -4.2601
     179    -114.2090      -1.7909
     180    -124.1144       0.4448
     181    -135.1189       1.1617
     182    -130.4441      15.7081
     183    -121.7286       1.9617
     184    -113.4826     -11.2010
     185    -129.2875     -14.8303
     186    -126.5979       3.9317
     187    -115.4696      -7.4246
     188    -115.8329      -4.7365
     189    -144.6721       7.2896
     190    -123.2901      -4.9320
     191    -115.4192      -6.9292
     192    -145.2367     -11.5951
     193    -133.0289       6.5863
     194    -119.4064      -8.0229
     195    -131.9164       6.3407
     196    -143.3286      -5.1717
     197    -133.6089       5.2494
     198    -138.1263       0.2638
     199    -109.9967     -11.6624
     200    -134.0315       2.7166
     201    -126.7292      -5.2356
     202    -116.4514       4.7437
     203    -119.1402     -24.8639
     204    -131.0711       6.1952
     205    -114.3385     -13.1719
     206    -147.9622      -7.4151
     207    -118.5726     -17.0331
     208    -135.8089      -1.7652
     209    -125.2460      -4.2492
     210    -130.7305      13.1425
     211    -141.2405      -3.9240
     212    -105.9288     -11.3003
     213    -115.8558     -21.7978
     214    -109.4325     -14.1386
     215    -126.1899     -15.6695
     216    -123.5656     -16.2120
     217    -115.3965      -0.6060
     218    -134.6990      13.4688
     219    -122.7478      -6.2597
     220    -123.6421     -12.5235
     221    -125.2887       3.3960
     222    -118.9081     -10.1532
     223    -124.8211       3.7367
     224    -110.9885     -12.0188
     225    -120.5163      -4.9936
     226    -107.8243      -4.2575
     227    -116.3377      12.4820
     228    -131.1671      -1.7774
     229    -135.2029       8.5688
     230    -132.7978       3.6478
     231    -116.4295      10.7355
     232    -116.7060      -3.8171
     233    -123.8791      -7.2334
     234    -122.9657      12.3827
     235    -126.0870     -14.8486
     236    -131.5239      -3.5324
     237    -116.1335       5.7251
     238    -126.7361      -2.7808
     239    -134.1535     -19.4707
     240    -118.9084     -16.2347
     241    -121.4126      -3.2180
     242    -150.1187     -14.6103
     243    -123.7712     -15.8748
     244    -102.6221     -22.8356
     245    -130.2314     -14.8506
     246    -120.6292     -25.1140
     247    -111.5479      -6.7052
     248     -97.1013     -22.1493
     249    -102.2627     -15.7777
     250    -126.5696      -7.5661
     251    -111.1281     -12.8159
     252    -125.4369     -12.4450
     253    -133.6319     -27.1848
     254    -108.1107      -8.8262
     255    -120.0508     -15.4525
     256    -148.9349       7.9375
     257    -119.2392     -18.1092
     258    -114.1839       8.2424
     259    -126.7113     -15.9871
     260    -114.1674     -12.7018
     261    -120.4677     -17.8997
     262    -126.2292     -10.4587
     263    -112.2466     -18.7679
     264    -134.1528      -0.5098
     265    -140.4109     -15.1928
     266    -123.0601     -24.3860
     267    -113.4040     -20.2124
     268    -123.0984     -20.0425
     269    -117.9699       2.7191
     270    -113.7679     -12.3821
     271    -122.2684     -16.5251
     272    -132.3304       0.2137
     273    -132.7569       5.4608
     274    -116.2447      -4.5709
     275    -132.0938      -9.3019
     276    -127.6717      -6.3173
     277    -113.9123     -16.8675
     278    -116.4321     -21.4518
     279    -115.1175      -1.7137
     280    -135.5160      -2.6083
     281    -124.9019     -17.8855
     282    -127.8111       2.4872
     283    -142.3897      -3.8055
     284    -131.0864     -16.2108
     285    -134.2616       1.0240
     286    -124.5624       1.1725
     287    -129.7627       1.6567
     288    -106.4293      -4.7204
     289    -136.6969      -1.9654
     290    -131.1179       6.7226
     291    -131.9184      -3.4653
     292    -147.6783      -6.3521
     293    -144.4439      -3.2625
     294    -114.5228     -18.1065
     295    -118.8462     -24.2548
     296    -117.7386      -5.2292
     297    -104.5659     -11.9364
     298    -110.9732     -19.5482
     299    -131.3575     -13.7076
     300    -129.0533      -1.1686
     301    -141.1646      13.3744
     302    -122.9947       0.6116
     303    -126.7504       3.8445
     304    -121.0776       5.4905
     305    -131.7595     -18.8485
     306    -126.5026      10.2688
     307    -126.5393      -3.9646
     308    -138.6292      -4.2279
     309    -137.6566       5.3582
     310    -138.0997      12.7313
     311    -132.2813       4.3919
     312    -125.6350     -35.6366
     313    -115.4346      -7.1013
     314    -106.9156     -18.3089
     315    -121.5929      -8.8748
     316    -134.2005     -20.9053
     317    -119.7590      -9.9765
     318    -135.3779      18.8867
     319    -127.7755      13.5980
     320    -133.0173      -5.5596
     321    -120.7326       0.1049
     322    -124.5206      -3.5708
     323    -124.7368      -1.4223
     324    -134.7913      -2.4143
     325    -133.6672       2.1297
     326    -126.0021       0.5781
     327    -103.1732     -20.5649
     328    -128.5455      -3.4590
     329    -136.5035     -15.2947
     330     -99.9062     -11.0417
     331    -124.4218     -12.2494
     332    -121.5742      -2.8223
     333    -135.8120      25.7738
     334    -128.0700     -14.2584
     335    -143.8170      -6.2819
     336    -112.8132      -8.6106
     337    -118.1137      -6.4610
     338    -131.3357      -6.8888
     339    -116.2966     -26.2391
     340    -124.1896     -20.1690
     341    -113.3621       3.3576
     342    -123.5581       2.8181
     343    -133.7564      -7.9904
     344    -114.9095       0.1683
     345    -137.7989     -18.4861
     346    -138.2387     -12.8315
     347    -141.1700      -2.2916
     348    -136.2773       8.9618
     349    -113.9917      -6.3228
     350     -99.0367     -14.8448
     351    -131.3695      -1.5795
     352    -125.8862       0.5926
     353    -120.0695      -6.9700
     354    -127.3727       1.4857
     355    -134.9217       0.2123
     356    -125.4803      -1.9544
     357    -118.1770      -2.1836
     358    -110.8638     -14.4947
     359    -104.7812     -25.9794
     360    -121.2503      -8.7830
     361    -116.7809     -15.7197
     362    -134.4534      -9.4938
     363    -112.3839     -14.0364
     364    -122.5906     -11.5802
     365    -129.6518      -3.5031
     366    -123.9620      -8.0128
     367    -112.6308      -1.3533
     368    -125.1333     -11.6510
     369    -129.5010      -1.8914
     370    -138.1872      -9.9267
     371    -119.3884      -4.6480
     372    -132.5712     -17.7618
     373    -103.9212     -27.2394
     374    -118.8104      -7.0976
     375    -116.8825      -8.7086
     376    -104.0729      -7.6557
     377    -124.4192       8.6281
     378    -115.3052      -8.1383
     379    -112.5917      -3.9269
     380    -142.3283       7.9267
     381    -123.0943      12.5131
     382    -121.1915       8.5834
     383    -121.4559      11.6556
     384    -127.8334      -6.0570
     385    -138.7178      10.7317
     386    -114.0838     -10.6399
     387    -109.0311       7.7096
     388    -105.4308     -14.4610
     389    -111.9023      -6.0539
     390    -112.6534     -15.9119
     391    -122.2260      -7.1768
     392    -107.5627      -8.8814
     393    -109.1684      12.0992
     394    -126.7316       5.6858
     395    -106.9304      -1.7971
     396    -127.0476     -14.2747
     397    -118.2523      -7.9900
     398    -115.6103     -23.7968
     399    -129.3446       1.2508
     400    -122.5235      -2.4513
     401    -122.4582      -9.6600
     402    -119.9469      -8.1352
     403    -128.4722       2.9133
     404    -122.7791      -5.8375
     405    -124.2303       2.3690
     406    -132.5012       3.8741
     407    -114.7005       3.4327
     408    -117.4656       0.9197
     409    -112.3397     -16.0682
     410    -115.9604      -6.1114
     411    -124.5776      -5.8429
     412    -109.9315      -6.5345
     413    -132.6862     -17.2869
     414    -107.4096      -4.8466
     415    -121.3412      -6.0877
     416    -125.8487       0.5422
     417    -109.5577     -13.4028
     418    -116.4264     -12.3343
     419    -119.8864       5.8946
     420    -131.2046       5.9198
     421    -107.5404      -7.4454
     422    -101.6951      -4.2024
     423    -123.5303      -4.9326
     424    -104.9664      -6.3107
     425    -117.8014       0.3537
     426    -132.5018      -2.0096
     427    -107.2736     -16.1508
     428    -143.7542     -21.9324
     429    -101.4870     -27.7669
     430    -127.1942     -16.7361
     431    -120.1906       8.5050
     432    -123.8597     -20.7738
     433    -117.6584      -4.4600
     434    -114.6253      -3.0635
     435    -113.8114     -19.1702
     436    -120.3033     -15.2294
     437    -117.0326     -13.7329
     438    -114.3702      -2.2068
     439    -121.9759     -11.7109
     440    -137.5981      -6.8957
     441    -134.7843      -5.3604
     442    -122.6254      11.3700
     443    -129.5161      -6.6662
     444    -132.2177      -1.8157
     445    -114.5921     -15.5738
     446    -122.2767       3.2315
     447    -108.4556     -18.4065
     448    -101.2843     -13.4414
     449    -137.5401       5.6977
     450    -116.1482      -5.1617
     451    -122.4997     -14.9739
     452    -134.2427      11.5274
     453    -116.7066      -7.9866
     454    -124.7563      -9.4348
     455    -128.2407       1.8454
     456    -121.9781      -9.8908
     457    -102.1662       4.4998
     458    -115.0619      12.7164
     459    -120.5866      -0.3351
     460    -111.5340       5.7861
     461    -100.6891     -15.1014
     462    -144.5377       6.9628
     463    -139.7902      -5.6365
     464    -126.8083      13.6285
     465    -120.7677      14.6471
     466    -110.5009      -9.1399
     467    -117.0678       0.7596
     468    -129.6960     -10.2088
     469    -117.5412      -2.8330
     470    -109.6250      -1.3641
     471    -125.7971      -1.5611
     472    -125.7643      -6.2501
     473    -113.9729      -7.4435
     474    -111.5475      -7.2121
     475    -108.2218       1.8327
     476    -139.2630     -10.9495
     477    -128.3454      14.5706
     478    -130.9908      17.1955
     479    -122.4592      -4.8152
     480    -126.6615      -5.7037
     481    -122.7318      -7.4877
     482    -125.9082       0.8245
     483    -127.3040       6.1970
     484    -112.5480      -6.0095
     485    -142.2876       5.5246
     486    -121.0949      -3.6819
     487    -141.3294      -4.3905
     488    -125.6997       8.7145
     489    -135.8547       0.7788
     490     -93.3905      -8.6623
     491    -130.5454      23.2751
     492    -102.0056      10.1468
     493    -120.2688      -1.4857
     494    -106.2968       9.7817
     495    -103.4738      -6.1846
     496    -117.6454       0.2332
     497    -143.9125       0.2215
     498    -108.3876      -1.4430
     499    -111.3653      -0.0496
     500    -123.7580      -5.4343
     501     -98.8932      -9.8786
     502    -114.9842      -9.0260
     503    -133.1121      -0.1077
     504    -120.4865     -13.2786
     505    -107.9440     -11.3695
     506    -117.4583      -9.0984
     507    -112.0791      -0.7184
     508    -125.4348       1.3435
     509    -100.2161     -14.6717
     510    -126.1538      -8.5531
     511    -119.8808     -11.5769
     512    -138.1290      -5.5280
     513    -117.2166     -17.4976
     514    -120.3312     -18.6398
     515    -122.1181       0.9374
     516    -131.5187       9.4469
     517    -110.4795     -20.2681
     518    -116.4906       6.0439
     519    -119.7745       0.3553
     520    -112.5154       1.3858
     521    -137.1591      -4.3941
     522    -117.0158       1.7559
     523    -111.1187       2.5915
     524    -145.2816      -4.8624
     525    -124.3762      -4.7826
     526    -129.0324       5.3822
     527    -115.3903      -8.1212
     528    -133.5300      -1.0886
     529    -127.1012     -10.0418
     530    -109.2149     -21.3798
     531    -125.1292      12.2463
     532    -121.0779      -2.4408
     533    -130.6876     -12.1839
     534    -120.2280      -3.7973
     535    -117.5964     -14.6248
     536    -113.1326      -5.5869
     537    -125.5293       4.9691
     538    -124.7033      -9.0710
     539    -125.7671     -13.1648
     540    -130.8641      -2.0602
     541    -131.1350      -5.4416
     542    -111.9339       3.4737
     543    -109.1028     -13.7078
     544    -133.7401     -10.7801
     545    -146.5009     -13.0366
     546    -121.7959     -28.9819
     547    -129.1797      -0.4646
     548    -127.6163      -8.0601
     549    -132.6582     -23.2098
     550    -115.7543     -13.6240
     551    -136.5363     -13.3310
     552    -126.8980      12.1151
     553    -144.2808     -11.0765
     554    -144.7714      -5.0008
     555    -130.9731       5.5566
     556    -124.1292      -3.6610
     557    -127.7036     -22.3014
     558    -112.9106     -11.4548
     559    -131.2297     -10.3160
     560    -128.9184       5.9863
     561    -119.4823      -8.0583
     562    -136.4149      -2.3247
     563    -106.2576      -5.2155
     564    -146.3146       2.0865
     565    -106.8156       3.8788
     566    -118.3470      -7.1663
     567    -122.9243      -1.1910
     568    -110.8021     -17.9988
     569    -106.1032      -9.7124
     570    -129.4224      -8.9224
     571    -126.3384     -11.5702
     572    -124.2831     -16.9796
     573    -124.2377      10.5711
     574    -106.9854      15.0756
     575    -124.1138      -7.3349
     576    -136.3713     -14.0478
     577    -122.3242       0.8880
     578    -111.5788     -29.2946
     579    -127.8160     -15.2728
     580    -116.3517     -16.5291
     581    -130.3576      -1.9358
     582    -117.7079      -4.7660
     583    -148.0300     -17.4165
     584    -152.7190      18.0931
     585    -118.9496     -24.8506
     586    -130.6578      -2.0678
     587    -119.2256       6.3351
     588    -122.0929       5.1977
     589    -139.3341     -12.3240
     590    -120.6679      -9.8220
     591    -108.5068       5.8169
     592    -136.1091      -5.8014
     593    -131.9213     -16.1832
     594    -106.6538     -10.5570
     595    -136.1596       4.7946
     596    -122.9068      -5.0754
     597    -127.9536      -9.5357
     598    -111.7089      -0.3411
     599    -136.1373     -10.9753
     600    -138.6928       8.9400
     601    -109.2050     -10.2242
     602    -131.7925     -24.4737
     603    -122.3623      -5.9064
     604    -126.9928       1.6376
     605    -141.2651       0.6987
     606    -139.7305      -9.3811
     607    -107.2870     -13.4023
     608    -115.8272      -2.4765
     609    -146.3994      -3.6119
     610    -139.8152      -0.9927
     611    -142.4159      -6.7088
     612    -122.9281     -25.7011
     613    -101.9325      -0.7142
     614    -141.6151      -1.3082
     615    -120.3381     -10.8281
     616    -140.1949      10.7324
     617    -130.9993      -2.0447
     618    -124.4539     -16.6616
     619    -117.9163     -19.5747
     620    -113.3474     -11.4858
     621    -119.1066       0.9203
     622    -138.2455     -10.8271
     623    -128.7428       3.9411
     624    -129.3169      -6.3749
     625    -126.9955      14.9366
     626    -143.7153       2.9956
     627    -123.0974      -0.1269
     628    -129.2516       6.6530
     629    -115.9892     -16.6307
     630    -128.4488      -6.8371
     631    -141.8421       4.4424
     632    -120.4323      16.3737
     633    -116.6749      -7.8008
     634    -109.4254     -10.7208
     635    -113.4182     -13.6607
     636    -137.8287     -10.7429
     637    -132.1629      -8.2754
     638    -144.9281     -14.2267
     639    -119.3610     -10.4734
     640    -110.7060      -6.5686
     641    -141.7692     -29.0442
     642    -117.5788     -15.8644
     643    -134.1319       8.0462
     644    -140.1615      -3.1653
     645    -135.2410     -11.9387
     646    -111.6964     -21.3836
     647    -114.8007      -6.5441
     648    -126.0721     -12.2286
     649    -115.7977     -10.5868
     650    -121.2167      -5.5533
     651    -133.3937      -5.2568
     652    -125.8392      12.9304
     653    -114.5924     -18.0604
     654    -129.8397       9.3980
     655    -127.9871     -10.2920
     656    -145.1567      14.2561
     657    -127.6644     -10.1002
     658    -128.6347     -14.1402
     659    -121.8670      -4.2665
     660    -123.2226       8.2597
     661    -129.1912       1.1751
     662    -117.3650     -19.2593
     663    -130.3364     -11.7539
     664    -124.6552      -9.8191
     665     -90.2745     -23.9396
     666    -120.2191     -32.2279
     667    -121.4215       0.2175
     668    -116.0849       5.3684
     669    -132.8811       4.7255
     670    -105.7288      -7.6167
     671    -126.0890      -4.5042
     672    -111.1225      -9.0207
     673    -128.7198     -13.4473
     674    -119.4947     -13.7015
     675    -147.4808      -8.7876
     676    -127.3342      -1.2571
     677    -123.6044      -3.9332
     678    -120.8981     -41.6469
     679    -109.2256      -4.5713
     680    -130.5672      -5.8965
     681    -113.1276     -18.6562
     682    -141.1055      10.3527
     683    -117.8360       4.7269
     684    -108.7802     -30.0531
     685    -103.9171     -12.3447
     686    -134.5602     -25.1696
     687    -110.1335      -2.7650
     688    -110.9748      -9.0743
     689    -130.9187     -10.4530
     690    -139.6347      10.1811
     691    -112.5572     -11.4872
     692    -126.5595      -4.9241
     693    -101.4899     -15.8112
     694    -125.7314     -11.5144
     695    -121.8259      -7.0642
     696    -122.5682     -20.0041
     697    -130.0683       7.2856
     698    -127.1488      -3.3096
     699    -136.7808     -18.0153
     700     -96.2174      -9.8967
     701    -110.0559     -14.6136
     702    -132.0266      13.2855
     703    -126.4041      -2.3175
     704    -138.5962     -36.0832
     705    -128.3927     -20.9958
     706    -122.9690      -5.7863
     707    -134.0571      -5.3649
     708    -128.9893       0.0931
     709    -132.5555      -3.4723
     710    -141.8812       0.9063
     711    -121.5666     -14.8587
     712    -114.3613       9.6123
     713    -121.8146      -8.0619
     714    -118.0195       6.0238
     715    -124.6347      -7.8728
     716    -138.7077     -16.3012
     717    -121.3277      -8.5623
     718    -123.6316      -7.7272
     719    -118.0284       5.3006
     720    -121.8517     -12.5118
     721    -136.7532      -9.6680
     722    -120.8810      -1.3070
     723     -99.0201      -7.0056
     724    -118.0980     -18.1603
     725    -138.1900       6.9120
     726    -131.4083      -4.5759
     727    -118.6894     -16.7549
     728    -125.8823      -7.3314
     729    -114.0736     -12.6232
     730    -120.8996     -16.9787
     731    -105.6169     -17.8549
     732    -121.2165       0.7385
     733    -136.2801      -6.5883
     734    -118.2574     -21.7626
     735    -117.0932      -3.0559
     736    -112.6993     -11.9076
     737    -128.8090     -10.2083
     738    -106.6139      -1.2632
     739    -121.1323       5.0016
     740    -119.8478      -0.5442
     741    -125.9904       6.0207
     742    -123.4273       0.9090
     743    -125.2706     -13.3254
     744    -127.1342       3.7741
     745    -132.7809      -0.6906
     746    -149.8761       6.0590
     747    -130.5007     -12.7023
     748    -123.8154      10.8389
     749    -125.0959     -18.8884
     750    -119.2040      -6.5273
     751    -127.5707     -27.5197
     752    -124.9330      -8.1074
     753    -116.9402     -25.2691
     754     -99.0767      -3.5898
     755    -146.9671      -1.4706
     756    -124.0016      -9.5328
     757    -112.2597      -0.2548
     758    -123.2222     -13.2081
     759    -133.0421      -4.7658
     760    -127.9765      -9.3492
     761    -132.9933       2.7288
     762    -130.4405      -8.1439
     763    -120.0545      -0.6616
     764    -137.3605       8.9589
     765    -135.5039      -3.4754
     766    -119.5265      -1.4420
     767    -110.0686     -13.0522
     768    -126.0950       5.0183
     769    -116.1461      -9.9087
     770    -124.8654     -12.5072
     771    -125.5103      -2.8123
     772    -121.0383       5.5544
     773    -133.3123      -2.3252
     774    -119.8800      -5.1734
     775    -118.0640      -3.8019
     776    -121.6913     -33.4098
     777    -112.4857     -10.0885
     778    -132.0380       3.2642
     779    -122.0290     -13.8303
     780    -120.4556      -8.3411
     781    -129.8472       7.8742
     782    -133.0182       3.9795
     783    -151.1259      -8.8358
     784    -113.5501     -14.7549
     785    -139.0478     -14.0043
     786    -119.0742      -7.5167
     787    -107.2299     -10.9398
     788    -126.4077      10.3512
     789    -132.5359      -3.8624
     790    -119.6991     -13.1029
     791    -126.7223      -7.5428
     792    -127.3197      -1.7185
     793    -127.2029     -17.1700
     794    -103.1885     -15.6729
     795    -117.6413     -19.9279
     796    -124.2210     -10.2622
     797    -126.0351     -13.1544
     798    -119.4553     -29.1347
     799    -106.9361     -29.7071
     800    -121.3268       0.3513
     801    -116.5435      -8.9080
     802    -111.4339       0.9356
     803    -109.3536     -17.7262
     804    -135.1732     -17.3573
     805    -119.2017       6.3569
     806    -139.9228      -4.2601
     807    -115.4734     -31.2267
     808    -120.5296       6.3313
     809    -125.7782      16.1152
     810    -113.7754      -8.4486
     811    -124.0168      -5.9543
     812     -99.9324      -1.4500
     813    -115.2378      -1.6747
     814    -136.7180      16.1265
     815    -105.9645     -15.7164
     816    -132.3892       7.3861
     817     -99.2985     -16.2205
     818    -129.3772      -9.9310
     819    -139.2685      -6.8420
     820    -131.8186       0.6054
     821    -122.8771      -3.3204
     822    -110.0376     -16.6538
     823    -138.4225       2.5341
     824    -115.2007      -3.1236
     825    -119.4795     -13.6337
     826    -114.3816      -9.1700
     827    -128.8335     -13.7234
     828     -91.1602     -12.8823
     829    -118.0518      -4.0718
     830    -110.8543     -15.3174
     831    -112.4862      -0.7967
     832    -110.4135     -16.2274
     833    -111.8670     -24.3801
     834    -112.7293     -14.3872
     835    -117.6992       2.9966
     836    -142.0408     -10.0218
     837    -102.1207      -3.2650
     838    -115.3105     -24.9262
     839    -109.7779     -21.9862
     840     -90.5217     -16.1996
     841    -124.5489     -28.0032
     842    -121.3177      -3.2061
     843    -110.8872     -17.9269
     844     -91.8874     -12.5196
     845    -120.6764       1.2828
     846    -108.4716      -8.8138
     847    -106.6096     -11.3570
     848     -97.1623     -10.6993
     849    -123.2451     -28.1761
     850    -102.2982     -25.8515
     851    -115.4340     -17.4889
     852    -106.2363     -21.2361
     853    -112.5134      -7.7397
     854     -94.6547     -20.1613
     855    -111.9546     -14.2468
     856    -133.6904      -3.4490
     857    -100.1641     -12.3977
     858    -126.1135      -5.7015
     859    -145.9247      19.2171
     860    -112.3775      12.8776
     861    -115.1931      -9.9175
     862    -123.7102      -6.2001
     863    -123.5590     -17.2023
     864    -129.5704      -8.7641
     865    -118.2933      -2.4593
     866    -115.5899     -16.7363
     867    -136.9658     -13.1652
     868    -120.7552       0.3606
     869    -116.7454     -16.9370
     870    -114.6505      -4.2410
     871    -109.5398     -12.6824
     872    -120.0921     -13.9662
     873    -121.4269     -32.8624
     874    -130.4594     -25.0613
     875    -102.6256       2.1225
     876     -87.5241      -9.4746
     877    -116.8147     -28.1551
     878    -128.0844      11.5420
     879    -119.8660       2.6858
     880    -117.5886     -15.3934
     881    -121.3017      -6.0723
     882    -122.8339      -0.6782
     883    -126.5850     -11.6069
     884    -107.8239      -3.9596
     885    -119.0418       7.1007
     886    -118.4913       3.7754
     887    -112.4935       2.4465
     888     -93.3000     -10.7398
     889    -127.2617       2.9241
     890    -133.4279      -2.3102
     891    -121.1841       3.8717
     892    -124.3543      -1.0177
     893    -110.3182      -2.1193
     894    -115.5260      -1.0808
     895    -125.2989      -0.5343
     896    -141.5876       9.8216
     897    -125.7267      -6.7851
     898     -97.7049      -6.8120
     899    -110.7151      -6.0206
     900    -124.5895      -8.3589
     901    -117.1977       6.2150
     902    -136.8800     -19.2802
     903    -104.4168     -19.6438
     904    -138.9473     -15.9836
     905    -138.3261       3.0703
     906     -98.8396      -4.8530
     907    -132.9833      -9.0350
     908    -131.8671     -13.4556
     909    -138.1414       7.8934
     910    -127.9684       5.5225
     911    -114.9612      -6.2596
     912    -136.5563       0.1335
     913    -136.1694       2.4715
     914    -125.6898       4.9680
     915    -124.1623      -8.3515
     916    -131.2980     -10.6906
     917    -119.2206     -11.2613
     918    -112.0582     -11.4999
     919    -134.2731     -25.3958
     920    -142.1128      -8.0341
     921    -101.5888      -8.9125
     922    -115.3979      -2.4530
     923    -118.0970       2.5329
     924    -109.1883     -16.8415
     925    -136.1191     -11.6735
     926    -126.1288     -29.8032
     927    -121.9255      -9.6146
     928    -137.7602       4.6302
     929    -120.0027       7.3507
     930    -122.7090      13.2290
     931    -144.2189      23.0232
     932    -122.1155      -5.0964
     933    -133.9648      25.4369
     934    -127.2628       5.7754
     935    -126.0963       4.6949
     936    -132.0258      23.6667
     937    -110.7207      10.1214
     938    -131.9629       5.3644
     939    -115.0226     -16.7921
     940    -119.0770     -11.8706
     941     -98.1324       0.5017
     942    -120.5324     -10.6076
     943    -137.4097      -6.9761
     944    -130.1616      -2.0269
     945    -129.0469      -6.1679
     946    -122.7051      -6.0428
     947    -122.0246      -0.8554
     948    -120.7178       7.1046
     949    -126.6370      -5.5803
     950    -121.2302       2.3917
     951    -115.7715     -13.8773
     952    -128.4833      -0.8894
     953    -129.0532     -15.4548
     954    -116.6135       1.5071
     955    -110.1193      20.6690
     956    -128.6336       3.5536
     957    -130.7315      -4.1009
     958    -131.8754       5.0440
     959    -105.6864       7.2799
     960    -144.5236     -13.1529
     961    -114.5279     -23.2133
     962    -135.2701     -15.7656
     963    -132.3784      -8.4737
     964    -141.0803       0.4772
     965    -135.1193      -4.9206
     966    -128.1612      -2.5355
     967    -112.5870      -4.3945
     968    -128.7987      10.9668
     969    -124.3018      -0.5780
     970    -120.8755      -7.9495
     971    -135.4024       1.2554
     972    -115.7962     -10.1711
     973    -117.3657     -15.1989
     974    -136.5483      -8.4935
     975    -119.7905      -5.4988
     976    -126.8779       1.0029
     977    -136.2993       7.7210
     978    -122.6361     -15.9581
     979    -138.7016      -1.4096
     980    -118.8190      -4.1343
     981    -106.5844     -12.3286
     982    -112.6515      -6.1178
     983    -133.6232       1.3815
     984    -125.9410      10.4884
     985    -126.5527      15.4159
     986    -135.6196      -6.9447
     987    -114.9002      -9.8466
     988     -99.8507     -17.5695
     989    -131.5180       7.8358
     990    -117.7975      -9.8763
     991    -113.3943       3.9145
     992    -131.3450       0.2870
     993    -136.2993      14.0076
     994    -106.2669      -0.6326
     995    -122.8882      -9.2180
     996    -123.7458      -7.3906
     997    -111.3224     -14.0899
     998    -141.1723       1.6347
     999    -131.6477     -12.1757
    1000    -112.7614     -13.8079
