#Frame   domain_distance
       1         24.8879
       2         25.2462
       3         24.7611
       4         25.2063
       5         25.1096
       6         25.6558
       7         24.9480
       8         25.3531
       9         25.4653
      10         25.1244
      11         25.1573
      12         25.9493
      13         25.0538
      14         24.9680
      15         25.1836
      16         25.2144
      17         25.5176
      18         25.2868
      19         25.6057
      20         25.4740
      21         25.5467
      22         25.2919
      23         25.5372
      24         25.4053
      25         25.0932
      26         25.3272
      27         25.5546
      28         25.1937
      29         25.6889
      30         25.4609
      31         25.8198
      32         25.6769
      33         25.4845
      34         25.6456
      35         25.6263
      36         25.5497
      37         25.0691
      38         25.3877
      39         25.2012
      40         24.9809
      41         25.1126
      42         25.3409
      43         24.9761
      44         25.5330
      45         25.0557
      46         25.7401
      47         25.3341
      48         25.2572
      49         25.6115
      50         25.1842
      51         25.3018
      52         25.1537
      53         25.1769
      54         24.9634
      55         25.0261
      56         25.2640
      57         25.5302
      58         25.3825
      59         25.4073
      60         25.4305
      61         25.1557
      62         25.1847
      63         25.4169
      64         25.1941
      65         25.0185
      66         25.4053
      67         25.5790
      68         25.5836
      69         25.7974
      70         25.2577
      71         25.1264
      72         24.9458
      73         24.7022
      74         25.3019
      75         25.2456
      76         25.0451
      77         24.9936
      78         25.0143
      79         24.8549
      80         25.1633
      81         24.8906
      82         25.0054
      83         25.4437
      84         25.3520
      85         25.0782
      86         25.2811
      87         25.5036
      88         25.7197
      89         25.7709
      90         26.2809
      91         25.4022
      92         25.3532
      93         25.8208
      94         25.5823
      95         25.6390
      96         25.3747
      97         25.2125
      98         25.6440
      99         25.1642
     100         25.0875
     101         25.2892
     102         25.3233
     103         25.1282
     104         25.1113
     105         24.5714
     106         24.8401
     107         25.1793
     108         24.8524
     109         25.3920
     110         25.4142
     111         25.0011
     112         25.0026
     113         25.2267
     114         25.1565
     115         25.0167
     116         25.3471
     117         25.2569
     118         25.8481
     119         25.2057
     120         25.1540
     121         25.5148
     122         25.5813
     123         25.4380
     124         25.5737
     125         25.0247
     126         25.5762
     127         25.2167
     128         25.3301
     129         25.0308
     130         24.9480
     131         25.3799
     132         25.2580
     133         25.1501
     134         25.2523
     135         25.5084
     136         25.8973
     137         25.4793
     138         25.4426
     139         25.6005
     140         25.0103
     141         25.2849
     142         25.7142
     143         25.3397
     144         25.0446
     145         25.6165
     146         26.1557
     147         25.2862
     148         25.1881
     149         25.1681
     150         25.3985
     151         25.1779
     152         26.1151
     153         25.6547
     154         25.3861
     155         25.2626
     156         25.6401
     157         25.3612
     158         25.2460
     159         25.1973
     160         25.3501
     161         25.3479
     162         25.2752
     163         24.7544
     164         25.2590
     165         25.1362
     166         25.0242
     167         24.7547
     168         24.8793
     169         25.5338
     170         25.2488
     171         25.0729
     172         25.1981
     173         25.0023
     174         25.2155
     175         25.2512
     176         25.2410
     177         25.5514
     178         24.9423
     179         25.3047
     180         25.2250
     181         25.3630
     182         25.4544
     183         25.0132
     184         25.9099
     185         25.2221
     186         25.3595
     187         25.3672
     188         25.6112
     189         25.6241
     190         25.3622
     191         25.5745
     192         25.9297
     193         25.7263
     194         25.4173
     195         24.9980
     196         25.1839
     197         25.2429
     198         25.4993
     199         25.5247
     200         25.2847
     201         25.2044
     202         25.2238
     203         25.6066
     204         25.0380
     205         25.1883
     206         25.5327
     207         24.7943
     208         25.3907
     209         25.2411
     210         25.1378
     211         25.6022
     212         25.7901
     213         25.5235
     214         25.5620
     215         25.3652
     216         25.5212
     217         25.9384
     218         25.2526
     219         25.4649
     220         25.4197
     221         25.4495
     222         25.8109
     223         25.5322
     224         25.5183
     225         25.6029
     226         26.0896
     227         25.5437
     228         25.2066
     229         25.4556
     230         25.7166
     231         25.4020
     232         25.2604
     233         25.7993
     234         25.1631
     235         25.9652
     236         25.6491
     237         25.7226
     238         25.8174
     239         25.7496
     240         25.3621
     241         25.3846
     242         25.8546
     243         25.4755
     244         25.6936
     245         25.2708
     246         26.0758
     247         25.4922
     248         25.7083
     249         25.5350
     250         25.3965
     251         25.4312
     252         25.7298
     253         25.6901
     254         25.7999
     255         25.6719
     256         25.6937
     257         25.8106
     258         26.0921
     259         25.9279
     260         25.5599
     261         25.1895
     262         25.5829
     263         25.5422
     264         25.6510
     265         25.3819
     266         25.8230
     267         25.3265
     268         25.6703
     269         25.2419
     270         25.3463
     271         25.5218
     272         25.4325
     273         25.6204
     274         25.4672
     275         25.2288
     276         25.6614
     277         25.7232
     278         25.7216
     279         25.9125
     280         25.7030
     281         25.8182
     282         25.5926
     283         25.7736
     284         25.7436
     285         25.5849
     286         25.3018
     287         25.4498
     288         25.7229
     289         25.6296
     290         25.4194
     291         25.7228
     292         25.4406
     293         25.3633
     294         25.3670
     295         25.0775
     296         25.7394
     297         25.2468
     298         25.2466
     299         25.0259
     300         25.1087
     301         24.9554
     302         25.3684
     303         25.0217
     304         25.5281
     305         25.6867
     306         26.2179
     307         26.0791
     308         25.7011
     309         26.3958
     310         26.0611
     311         25.8052
     312         25.9609
     313         26.2718
     314         25.3888
     315         25.7528
     316         25.7478
     317         26.1259
     318         25.4623
     319         25.8667
     320         25.5863
     321         26.3771
     322         25.5520
     323         25.0798
     324         25.9049
     325         25.5881
     326         26.0216
     327         25.7967
     328         25.9723
     329         26.0901
     330         25.9493
     331         25.5999
     332         26.0094
     333         25.7887
     334         25.9600
     335         25.3880
     336         25.7169
     337         26.1072
     338         25.1933
     339         25.6547
     340         25.6259
     341         25.3136
     342         25.6916
     343         25.8724
     344         25.9522
     345         25.7036
     346         25.9315
     347         25.6872
     348         25.6934
     349         25.4950
     350         25.8993
     351         26.0097
     352         26.0227
     353         25.9713
     354         25.6440
     355         25.5162
     356         25.1928
     357         25.0858
     358         25.1005
     359         25.1212
     360         24.9811
     361         24.9526
     362         24.8518
     363         24.4854
     364         24.7808
     365         24.8152
     366         24.8787
     367         24.7624
     368         24.9003
     369         24.4438
     370         24.5671
     371         24.6367
     372         25.2839
     373         24.9656
     374         24.5908
     375         24.7004
     376         24.8814
     377         25.1220
     378         24.8802
     379         24.8193
     380         25.2503
     381         25.3912
     382         25.8382
     383         25.4866
     384         25.1272
     385         25.5452
     386         24.7448
     387         25.0935
     388         25.3755
     389         25.5242
     390         25.1953
     391         25.0432
     392         24.8756
     393         24.9649
     394         25.0403
     395         25.0773
     396         25.0563
     397         24.9210
     398         24.9774
     399         25.3578
     400         25.2158
     401         25.1386
     402         24.9465
     403         25.4735
     404         25.4030
     405         25.1561
     406         25.2330
     407         25.4663
     408         25.7061
     409         25.6839
     410         25.4680
     411         25.3648
     412         25.5051
     413         26.2771
     414         25.7535
     415         25.3446
     416         25.6610
     417         25.9083
     418         25.4196
     419         24.8162
     420         25.3750
     421         24.7977
     422         24.8079
     423         24.9963
     424         24.8707
     425         25.0286
     426         24.4784
     427         24.7580
     428         24.6803
     429         24.7393
     430         24.4673
     431         24.7615
     432         25.3618
     433         25.1308
     434         24.4167
     435         24.9122
     436         24.9041
     437         24.7188
     438         24.9275
     439         25.1230
     440         25.0233
     441         25.5241
     442         25.2605
     443         25.0653
     444         25.4217
     445         25.5145
     446         24.8717
     447         25.1145
     448         24.9895
     449         24.9955
     450         25.6749
     451         25.2887
     452         25.5786
     453         25.6249
     454         25.6754
     455         25.3291
     456         25.4512
     457         25.4633
     458         25.5773
     459         25.4030
     460         25.8570
     461         25.4627
     462         25.8103
     463         25.7541
     464         25.8089
     465         25.6896
     466         25.4985
     467         25.3631
     468         25.9149
     469         25.4768
     470         25.4180
     471         25.6363
     472         25.8682
     473         25.5484
     474         25.5367
     475         25.4836
     476         24.6071
     477         25.4169
     478         25.1761
     479         25.2175
     480         24.7724
     481         24.7239
     482         24.6516
     483         25.2284
     484         25.3577
     485         24.9362
     486         25.3139
     487         24.8218
     488         24.7937
     489         24.9740
     490         24.7113
     491         24.7715
     492         24.7321
     493         24.5876
     494         24.5475
     495         24.9624
     496         24.8095
     497         24.6408
     498         24.8367
     499         24.7677
     500         24.4290
     501         24.8680
     502         25.5959
     503         25.4852
     504         25.7409
     505         25.9648
     506         25.5339
     507         25.6681
     508         25.1795
     509         25.1546
     510         25.0196
     511         24.6981
     512         25.2385
     513         24.6542
     514         24.7821
     515         24.8205
     516         25.1214
     517         24.8141
     518         25.2751
     519         25.0560
     520         24.9362
     521         25.0142
     522         25.0541
     523         25.3173
     524         25.6341
     525         25.5049
     526         25.3933
     527         25.4076
     528         25.2664
     529         25.7013
     530         24.9489
     531         24.9741
     532         25.1361
     533         24.8600
     534         25.2424
     535         25.3509
     536         25.4281
     537         25.3499
     538         25.2052
     539         25.5443
     540         25.3241
     541         25.6101
     542         25.1965
     543         25.4253
     544         25.1087
     545         25.0399
     546         25.1024
     547         24.8501
     548         24.9207
     549         24.5970
     550         25.0027
     551         25.1112
     552         24.7554
     553         24.6210
     554         24.7154
     555         24.7402
     556         24.8021
     557         24.6325
     558         24.8959
     559         24.7507
     560         24.7020
     561         24.5353
     562         24.7243
     563         24.9261
     564         24.7146
     565         24.5704
     566         24.8428
     567         24.7382
     568         25.4086
     569         24.8838
     570         25.1497
     571         25.0361
     572         25.0012
     573         25.2885
     574         24.9536
     575         24.8969
     576         24.9410
     577         24.6017
     578         24.7826
     579         25.1173
     580         24.9610
     581         24.8769
     582         25.1740
     583         24.9931
     584         24.8089
     585         24.8591
     586         25.3363
     587         24.6945
     588         25.2527
     589         25.0028
     590         24.9661
     591         25.5611
     592         24.9876
     593         24.7503
     594         24.9895
     595         25.2535
     596         25.1929
     597         24.9428
     598         24.6230
     599         25.1082
     600         24.6969
     601         24.6242
     602         24.9192
     603         24.8833
     604         25.2230
     605         25.0872
     606         24.9014
     607         24.6795
     608         24.8190
     609         24.6209
     610         24.7466
     611         24.6743
     612         24.8222
     613         24.7590
     614         25.2017
     615         24.8244
     616         24.6763
     617         24.7872
     618         24.9237
     619         24.6071
     620         24.4649
     621         25.0605
     622         25.0229
     623         24.9862
     624         24.8072
     625         24.8517
     626         24.8097
     627         24.6027
     628         24.6789
     629         25.1455
     630         25.1885
     631         24.8440
     632         24.8548
     633         24.8420
     634         24.6044
     635         25.0831
     636         24.8325
     637         24.9002
     638         25.0367
     639         24.2546
     640         24.7031
     641         24.9108
     642         24.8335
     643         24.6624
     644         25.2718
     645         24.5680
     646         24.7572
     647         24.4711
     648         24.4677
     649         24.4215
     650         24.5972
     651         24.9536
     652         24.8076
     653         24.7917
     654         25.0300
     655         25.0085
     656         25.3434
     657         25.0894
     658         24.6941
     659         25.1255
     660         24.8753
     661         25.0759
     662         24.9444
     663         25.0275
     664         24.9381
     665         24.9280
     666         25.0479
     667         25.0687
     668         24.9764
     669         24.5667
     670         24.9642
     671         25.2976
     672         25.3782
     673         24.9693
     674         25.2382
     675         25.0629
     676         25.1230
     677         24.8006
     678         24.9298
     679         25.0599
     680         24.8890
     681         24.8010
     682         25.5392
     683         24.8998
     684         24.8612
     685         24.9227
     686         24.9142
     687         24.8918
     688         24.9602
     689         24.8534
     690         25.1754
     691         24.9745
     692         25.3382
     693         25.2657
     694         25.3789
     695         25.1000
     696         25.0545
     697         25.1022
     698         25.1190
     699         25.1535
     700         24.9997
     701         25.2164
     702         24.8374
     703         24.8359
     704         24.9156
     705         25.1212
     706         25.0188
     707         24.8459
     708         25.2016
     709         24.9672
     710         24.8827
     711         25.4184
     712         25.1872
     713         25.0679
     714         24.9119
     715         25.0909
     716         24.6932
     717         25.1200
     718         24.6163
     719         24.9164
     720         25.4639
     721         24.9130
     722         25.1293
     723         24.3820
     724         24.9586
     725         24.7534
     726         24.8958
     727         24.6948
     728         24.7702
     729         24.7824
     730         24.8814
     731         24.9252
     732         24.6985
     733         25.0546
     734         24.8579
     735         25.0875
     736         25.1703
     737         24.8945
     738         24.8149
     739         25.1116
     740         24.6815
     741         25.0138
     742         25.1159
     743         25.1368
     744         25.3927
     745         24.9566
     746         25.0830
     747         24.8373
     748         25.0204
     749         25.0935
     750         24.9376
     751         24.9301
     752         24.5909
     753         24.9259
     754         24.3020
     755         25.0938
     756         25.1948
     757         25.0394
     758         24.4977
     759         24.8790
     760         24.6627
     761         24.9717
     762         24.9341
     763         24.8078
     764         24.6615
     765         24.5689
     766         25.2101
     767         25.0167
     768         24.8702
     769         24.8791
     770         25.0254
     771         25.2067
     772         24.9785
     773         24.9926
     774         24.7999
     775         24.8261
     776         24.6333
     777         24.8189
     778         24.9139
     779         24.6624
     780         24.7873
     781         24.6856
     782         24.7236
     783         25.1547
     784         25.2535
     785         24.8285
     786         24.8767
     787         25.0922
     788         25.2384
     789         24.8663
     790         24.9280
     791         25.0112
     792         24.8601
     793         25.2799
     794         25.0262
     795         25.1944
     796         25.0218
     797         25.1881
     798         25.1921
     799         24.8235
     800         24.8830
     801         25.2578
     802         25.0290
     803         24.7641
     804         25.2489
     805         24.9630
     806         24.9656
     807         24.9459
     808         24.7397
     809         24.9844
     810         25.1024
     811         24.9622
     812         24.8949
     813         25.1116
     814         25.0622
     815         24.8937
     816         24.8879
     817         24.7816
     818         24.7947
     819         24.8958
     820         25.0227
     821         24.5302
     822         24.9528
     823         24.6369
     824         24.7977
     825         24.8171
     826         25.0639
     827         24.8695
     828         24.7696
     829         24.6699
     830         24.7067
     831         25.0073
     832         24.8042
     833         24.7339
     834         24.6737
     835         24.8497
     836         24.4974
     837         24.6228
     838         24.4737
     839         24.9066
     840         24.6854
     841         24.7302
     842         24.9508
     843         25.3298
     844         25.0519
     845         25.5602
     846         25.1645
     847         25.2413
     848         25.0754
     849         25.1537
     850         24.8979
     851         25.2489
     852         25.4818
     853         25.3589
     854         25.0202
     855         24.9692
     856         25.1902
     857         25.1478
     858         25.3244
     859         25.0521
     860         25.3516
     861         25.3166
     862         25.2209
     863         25.0366
     864         24.5445
     865         24.8374
     866         24.7550
     867         24.4134
     868         25.3123
     869         24.9946
     870         25.0124
     871         24.6440
     872         25.2515
     873         24.9223
     874         24.8555
     875         25.1434
     876         25.1419
     877         25.0380
     878         25.0401
     879         25.5048
     880         24.9512
     881         25.7432
     882         25.1151
     883         25.4056
     884         25.8065
     885         25.4039
     886         25.8429
     887         25.8842
     888         25.9473
     889         25.3521
     890         25.6331
     891         25.5780
     892         25.5547
     893         25.3916
     894         25.1493
     895         25.2976
     896         25.3262
     897         24.9080
     898         25.5828
     899         25.4252
     900         25.4600
     901         25.2674
     902         24.9438
     903         25.2435
     904         25.1703
     905         25.2143
     906         25.8854
     907         25.3179
     908         25.2964
     909         25.2721
     910         25.1433
     911         25.1045
     912         25.0447
     913         25.1766
     914         24.9425
     915         25.6750
     916         25.1743
     917         25.6811
     918         25.1357
     919         25.1483
     920         25.0178
     921         25.3964
     922         25.4641
     923         24.7128
     924         24.9490
     925         25.2518
     926         25.4243
     927         25.0404
     928         25.1097
     929         25.3903
     930         25.0850
     931         24.8846
     932         24.9022
     933         24.9381
     934         25.3270
     935         24.8264
     936         24.8681
     937         25.2023
     938         24.9257
     939         25.2633
     940         24.6952
     941         24.7767
     942         24.2872
     943         24.5997
     944         24.4870
     945         24.8524
     946         24.7615
     947         24.6943
     948         24.9582
     949         25.0082
     950         24.7488
     951         24.8087
     952         24.7648
     953         24.2363
     954         24.7146
     955         24.7653
     956         24.9031
     957         24.5241
     958         24.5850
     959         24.3339
     960         24.2981
     961         24.9364
     962         24.7714
     963         24.6838
     964         24.7412
     965         24.6142
     966         24.3058
     967         24.9424
     968         24.8596
     969         24.6405
     970         24.9671
     971         24.6582
     972         24.9013
     973         24.8049
     974         25.1288
     975         25.2333
     976         25.0724
     977         24.8379
     978         24.7416
     979         24.6870
     980         24.7910
     981         24.7718
     982         24.6731
     983         24.6814
     984         24.6795
     985         24.8237
     986         24.8333
     987         24.8953
     988         25.1305
     989         24.6382
     990         25.0781
     991         25.1959
     992         25.3867
     993         25.7606
     994         25.3424
     995         25.7316
     996         25.6375
     997         25.8953
     998         24.5119
     999         25.3759
    1000         25.3244
