#Frame      RoG_00004 RoG_00004[Max]
       1      16.8200        29.9972
       2      16.9092        29.9206
       3      16.7407        30.0502
       4      16.9207        30.2179
       5      16.8834        29.6101
       6      17.0606        29.5286
       7      16.8371        30.0540
       8      16.9089        29.5053
       9      16.9526        29.4097
      10      16.8447        28.8663
      11      16.8694        29.3450
      12      17.1492        29.4487
      13      16.8571        30.5436
      14      16.7841        29.7494
      15      16.8655        29.5240
      16      16.8904        29.0675
      17      17.0455        31.4488
      18      16.9659        29.2884
      19      17.0290        29.1057
      20      16.9805        30.3965
      21      17.0108        31.8068
      22      16.9962        31.6931
      23      17.0525        31.9955
      24      17.0142        32.0293
      25      16.9363        30.3308
      26      16.9702        31.1008
      27      17.0552        31.4480
      28      16.9341        31.5067
      29      17.0785        30.4885
      30      17.0267        30.7977
      31      17.1281        30.2225
      32      17.0658        30.9952
      33      17.0302        31.0587
      34      17.0819        31.2174
      35      17.0603        30.7112
      36      17.0499        31.0444
      37      16.8401        30.8058
      38      16.9962        30.1417
      39      16.9449        30.3524
      40      16.8567        31.2579
      41      16.9022        30.2956
      42      16.9418        31.2622
      43      16.8676        31.4594
      44      17.0362        31.0922
      45      16.9246        29.6323
      46      17.1307        30.7948
      47      16.9878        31.9000
      48      16.9248        29.4705
      49      17.0825        31.1543
      50      16.9326        31.6145
      51      16.9730        31.1022
      52      16.8698        30.0764
      53      16.8974        30.6755
      54      16.8599        31.4512
      55      16.8973        29.4401
      56      16.9490        31.2048
      57      16.9993        30.9586
      58      16.9552        29.3952
      59      16.9980        30.8240
      60      17.0032        31.1498
      61      16.9305        30.1612
      62      16.9043        30.1130
      63      17.0398        32.1835
      64      16.9517        30.5838
      65      16.9094        29.6222
      66      17.0566        31.7302
      67      17.1334        31.8737
      68      17.1217        31.4527
      69      17.1339        31.1183
      70      16.9655        30.7299
      71      16.9341        31.2644
      72      16.8540        31.1721
      73      16.7624        31.0140
      74      16.9827        30.9371
      75      16.9884        29.2464
      76      16.9406        29.2062
      77      16.8827        30.3663
      78      16.8727        30.6560
      79      16.8277        30.6403
      80      16.8745        30.8414
      81      16.7761        29.4941
      82      16.8109        28.9614
      83      16.9763        30.5790
      84      16.9754        29.7738
      85      16.9062        31.4491
      86      16.9250        31.3498
      87      17.0569        31.1076
      88      17.1074        31.7483
      89      17.1025        30.3789
      90      17.2631        30.1834
      91      16.9655        29.6662
      92      17.0225        30.0519
      93      17.1760        31.1799
      94      17.0733        30.7059
      95      17.1215        31.5925
      96      17.0197        30.7543
      97      16.9627        31.7510
      98      17.0848        30.6818
      99      16.9801        30.3492
     100      16.9045        30.4785
     101      16.9843        29.2858
     102      17.0063        29.2559
     103      16.9318        29.2685
     104      16.9303        29.5467
     105      16.6927        29.9562
     106      16.8144        29.9293
     107      16.9300        31.9510
     108      16.8640        31.1384
     109      17.0638        31.4391
     110      17.0357        30.9263
     111      16.8635        29.1984
     112      16.8562        30.8592
     113      16.9609        31.6487
     114      16.9225        30.9275
     115      16.8380        30.2737
     116      16.9768        31.3297
     117      16.9428        30.9871
     118      17.1136        30.2603
     119      16.8867        28.9908
     120      16.8956        29.7363
     121      17.0179        30.5429
     122      17.0570        29.4686
     123      16.9915        31.5324
     124      17.0678        31.3785
     125      16.8117        30.1010
     126      17.0363        30.9729
     127      16.9426        31.4277
     128      16.9595        30.2853
     129      16.8397        29.8725
     130      16.8672        31.8678
     131      17.0207        30.0908
     132      16.9463        29.7595
     133      16.9293        30.0803
     134      16.9708        31.1713
     135      17.0999        30.5637
     136      17.1618        30.4457
     137      16.9840        30.1031
     138      17.0112        30.2178
     139      17.0686        31.3307
     140      16.8426        30.1522
     141      16.9780        30.7059
     142      17.0890        32.0344
     143      16.9949        30.9852
     144      16.9059        31.8390
     145      17.0853        30.7924
     146      17.2520        29.7077
     147      16.9708        29.8666
     148      16.9260        29.0527
     149      16.8938        29.3457
     150      17.0003        30.5607
     151      16.9299        30.0009
     152      17.2452        31.1810
     153      17.1246        30.6344
     154      17.0188        30.2832
     155      16.9623        29.9200
     156      17.1142        31.7197
     157      16.9842        30.7817
     158      16.9365        30.5413
     159      16.9466        29.0890
     160      16.9803        29.4162
     161      17.0018        29.6062
     162      16.9484        29.2521
     163      16.7816        31.2941
     164      16.9346        29.2130
     165      16.8925        30.2589
     166      16.8704        29.2270
     167      16.8095        29.3390
     168      16.8554        30.4490
     169      17.0497        29.5887
     170      16.9238        29.1848
     171      16.8450        30.2969
     172      16.9130        30.1886
     173      16.8450        31.5142
     174      16.9393        30.7556
     175      16.9042        30.6551
     176      16.9091        30.1123
     177      17.0123        30.8535
     178      16.7938        30.6130
     179      16.9031        29.3566
     180      16.9319        29.8154
     181      16.9345        29.7842
     182      16.9943        29.3328
     183      16.8491        29.9258
     184      17.1280        29.8389
     185      16.9397        29.5258
     186      16.9742        30.7829
     187      16.9587        30.1078
     188      17.0116        29.6942
     189      17.0212        30.1189
     190      16.9321        30.2442
     191      17.0207        29.9647
     192      17.1478        29.8225
     193      17.0835        29.9952
     194      16.9285        29.2399
     195      16.8787        29.4627
     196      16.9571        30.1890
     197      16.9893        30.1597
     198      17.0103        29.3822
     199      17.0435        29.3685
     200      16.9646        30.8001
     201      16.9256        29.4353
     202      16.9300        29.6283
     203      17.0304        29.0995
     204      16.8341        30.7544
     205      16.9459        30.9725
     206      17.0172        30.7576
     207      16.7692        29.5804
     208      16.9962        29.6193
     209      16.9353        29.0844
     210      16.8777        29.1856
     211      17.0276        30.4078
     212      17.0642        29.6797
     213      16.9918        29.6725
     214      17.0222        29.3660
     215      16.9364        30.9320
     216      17.0016        31.0283
     217      17.1645        31.3232
     218      16.9065        31.0822
     219      16.9974        29.6379
     220      16.9655        29.3277
     221      16.9458        29.3729
     222      17.0338        30.4177
     223      16.9352        29.7235
     224      16.9387        29.1665
     225      17.0152        30.4745
     226      17.1697        31.0301
     227      17.0020        30.6890
     228      16.8749        30.7863
     229      16.9852        30.1847
     230      17.0664        29.8824
     231      16.9357        29.4517
     232      16.8609        29.6627
     233      17.1129        30.6347
     234      16.8814        29.6690
     235      17.1465        30.3244
     236      17.0307        29.4529
     237      17.0564        30.5763
     238      17.0841        29.6260
     239      17.0691        29.3739
     240      16.9418        29.8613
     241      16.9431        29.8651
     242      17.1107        30.3938
     243      17.0564        30.1363
     244      17.0819        31.2968
     245      16.9660        30.7104
     246      17.2489        31.2265
     247      17.0194        31.1867
     248      17.0599        29.6325
     249      17.0051        29.3757
     250      16.9477        30.9714
     251      16.9538        30.7693
     252      17.1011        30.0729
     253      17.0397        31.4559
     254      17.1173        31.5989
     255      17.0236        30.8685
     256      17.0686        30.1903
     257      17.1451        30.3169
     258      17.2162        31.1586
     259      17.1374        30.6259
     260      17.0551        30.4123
     261      16.8848        30.3428
     262      17.0475        30.2491
     263      17.0191        29.8255
     264      17.1027        30.2301
     265      16.9779        29.6088
     266      17.1149        29.8127
     267      16.9454        30.1689
     268      17.0995        31.7228
     269      16.9159        29.8161
     270      17.0275        30.0070
     271      17.0740        29.5871
     272      17.0040        30.0684
     273      17.0652        29.6890
     274      17.0135        31.3427
     275      16.9698        29.0712
     276      17.1117        29.5657
     277      17.1050        29.1851
     278      17.0968        31.6154
     279      17.1497        29.3613
     280      17.0963        29.3076
     281      17.1071        29.5715
     282      17.0292        30.0242
     283      17.1189        29.8133
     284      17.0969        29.8346
     285      17.0476        30.1488
     286      16.9570        29.1394
     287      17.0255        29.4426
     288      17.0768        29.9388
     289      17.0729        29.2211
     290      16.9604        29.0730
     291      17.1020        30.7732
     292      17.0409        31.1944
     293      16.9731        31.2316
     294      16.9727        30.0408
     295      16.8739        31.8712
     296      17.1133        30.4734
     297      16.8991        31.0222
     298      16.9276        30.9270
     299      16.8747        29.3607
     300      16.8746        31.0088
     301      16.8629        31.0854
     302      16.9883        30.6309
     303      16.8534        30.7301
     304      17.0655        31.2660
     305      17.1145        30.3277
     306      17.3177        29.9429
     307      17.2363        30.7249
     308      17.0832        31.5870
     309      17.3479        30.7233
     310      17.2612        30.7423
     311      17.1840        31.1929
     312      17.1989        31.0474
     313      17.2730        31.1702
     314      16.9710        31.1850
     315      17.1182        30.9548
     316      17.1328        31.4417
     317      17.2742        31.2214
     318      17.0068        31.0224
     319      17.1640        30.8080
     320      17.0399        30.2029
     321      17.3234        29.8013
     322      17.0564        29.9472
     323      16.9620        29.6729
     324      17.1779        30.5915
     325      17.1079        30.4624
     326      17.2180        30.1439
     327      17.1093        30.0661
     328      17.2587        29.7733
     329      17.2786        30.9337
     330      17.2061        29.8260
     331      17.0719        30.6433
     332      17.2066        30.7219
     333      17.0766        29.7188
     334      17.1920        31.2277
     335      16.9518        29.0506
     336      17.0900        32.1560
     337      17.1770        30.2726
     338      16.9351        29.3954
     339      17.0775        29.3863
     340      17.1066        29.6229
     341      16.9612        29.4721
     342      17.1014        29.7546
     343      17.1551        31.2431
     344      17.1879        30.0254
     345      17.0823        30.0860
     346      17.1866        31.5934
     347      17.1032        30.3768
     348      17.1038        30.6746
     349      16.9939        30.9862
     350      17.1520        31.0960
     351      17.1943        31.4896
     352      17.1679        29.9231
     353      17.2189        29.9579
     354      17.0944        29.9665
     355      17.0860        29.7778
     356      16.9542        29.4832
     357      16.8762        29.6567
     358      16.9019        29.4504
     359      16.9159        29.3063
     360      16.8529        30.7371
     361      16.8355        31.8167
     362      16.8666        31.0588
     363      16.7106        30.0283
     364      16.8134        32.0109
     365      16.8262        29.5954
     366      16.8329        29.2784
     367      16.7904        31.0527
     368      16.8318        30.4598
     369      16.6550        28.5506
     370      16.7349        29.8347
     371      16.7306        28.7734
     372      16.9297        29.3428
     373      16.8781        31.8055
     374      16.7127        30.0165
     375      16.7767        30.2682
     376      16.8462        29.0390
     377      16.9173        29.5710
     378      16.8347        30.6645
     379      16.7869        29.7321
     380      16.9610        30.2942
     381      17.0287        29.5847
     382      17.1518        29.5825
     383      17.0561        29.8315
     384      16.9601        29.6477
     385      17.0521        31.3554
     386      16.7878        29.1692
     387      16.9401        30.4592
     388      17.0158        31.5463
     389      17.0625        31.9446
     390      17.0047        30.1588
     391      16.8895        29.9906
     392      16.8430        29.0449
     393      16.8880        31.4733
     394      16.8755        29.4597
     395      16.8768        29.3134
     396      16.8852        29.3889
     397      16.8574        29.7985
     398      16.8604        29.8070
     399      16.9827        29.2196
     400      16.9297        30.3759
     401      16.8894        30.0616
     402      16.9012        31.3408
     403      17.0244        29.1182
     404      16.9648        29.4155
     405      16.9466        29.3643
     406      16.9615        30.6855
     407      17.0476        29.2559
     408      17.1581        31.1153
     409      17.0942        29.5257
     410      17.0892        29.9882
     411      17.0406        30.8569
     412      17.0565        31.3048
     413      17.3308        30.3944
     414      17.1317        30.1642
     415      16.9664        29.2415
     416      17.0594        29.4526
     417      17.1769        30.1180
     418      17.0130        29.5906
     419      16.8342        29.0267
     420      16.9531        29.5312
     421      16.7536        29.3311
     422      16.7905        28.9083
     423      16.8495        29.0259
     424      16.8667        30.2917
     425      16.8496        30.5315
     426      16.6769        29.4365
     427      16.7700        29.3040
     428      16.7399        29.7457
     429      16.7661        28.9242
     430      16.6555        29.0249
     431      16.7661        29.4705
     432      16.9845        29.4891
     433      16.8775        29.3717
     434      16.6519        31.2433
     435      16.8283        29.2113
     436      16.7993        30.5614
     437      16.7666        29.0644
     438      16.8450        30.3495
     439      16.9260        30.7021
     440      16.8585        29.5940
     441      17.0168        29.4129
     442      16.9336        30.2328
     443      16.8401        29.7466
     444      17.0069        30.1092
     445      16.9925        29.7532
     446      16.8282        28.8694
     447      16.8941        30.6509
     448      16.8803        29.3853
     449      16.8732        31.9399
     450      17.0589        30.7684
     451      16.9604        30.9537
     452      17.0412        31.4397
     453      17.0981        31.4417
     454      17.0784        30.8960
     455      16.9806        30.8518
     456      17.0203        30.5459
     457      16.9598        30.6910
     458      17.0420        30.4312
     459      16.9635        29.4884
     460      17.1616        31.4591
     461      17.0429        31.3252
     462      17.1137        29.7194
     463      17.1177        29.9070
     464      17.0991        31.4286
     465      17.0721        30.8914
     466      16.9919        29.9549
     467      16.9479        29.1516
     468      17.1802        29.7503
     469      16.9941        29.3187
     470      16.9635        29.1994
     471      17.0369        29.9735
     472      17.1331        30.5425
     473      17.0225        31.1360
     474      16.9939        30.9736
     475      16.9943        30.9426
     476      16.7238        31.5452
     477      16.9546        30.0663
     478      16.8971        30.2484
     479      16.8779        29.0743
     480      16.7344        28.7810
     481      16.7715        31.7304
     482      16.7238        28.9837
     483      16.9104        31.3034
     484      16.9083        30.4398
     485      16.8095        30.4250
     486      16.9444        30.3734
     487      16.7693        30.0019
     488      16.7774        31.0074
     489      16.8476        30.3711
     490      16.7089        29.3102
     491      16.7357        30.5878
     492      16.7611        28.8648
     493      16.7288        30.1961
     494      16.7135        30.7598
     495      16.8599        30.1220
     496      16.7990        30.3527
     497      16.7663        30.5710
     498      16.8124        30.8400
     499      16.8029        29.8892
     500      16.6671        29.0745
     501      16.7902        30.1181
     502      17.0611        30.1693
     503      17.0710        30.5732
     504      17.0839        30.8663
     505      17.1563        30.0903
     506      17.0291        31.4632
     507      17.0450        29.6807
     508      16.8811        30.5245
     509      16.9389        30.9610
     510      16.8291        30.0109
     511      16.7173        29.1748
     512      16.8946        29.1964
     513      16.7438        28.9000
     514      16.7613        31.1468
     515      16.8012        29.7326
     516      16.9120        31.1518
     517      16.7923        30.1961
     518      16.9290        31.6295
     519      16.8697        29.8956
     520      16.8067        29.9511
     521      16.8755        31.2429
     522      16.8377        30.0579
     523      16.9498        31.2472
     524      17.0400        31.2374
     525      17.0164        31.2873
     526      17.0013        30.6073
     527      16.9937        30.2130
     528      16.9632        30.0791
     529      17.1251        32.0719
     530      16.8288        30.2138
     531      16.8383        29.5218
     532      16.8744        29.5295
     533      16.8149        29.6592
     534      16.9610        31.7097
     535      16.9333        29.4128
     536      17.0107        30.2436
     537      17.0530        30.7357
     538      16.9633        30.1170
     539      17.0969        29.0381
     540      17.0130        29.9613
     541      17.0570        30.3131
     542      16.9435        29.6429
     543      17.0410        30.4348
     544      16.8836        29.9185
     545      16.8506        31.6227
     546      16.8969        30.2263
     547      16.7755        30.0714
     548      16.7673        30.9689
     549      16.6687        29.7673
     550      16.8313        30.4962
     551      16.8638        29.6120
     552      16.7867        29.7121
     553      16.7227        29.5594
     554      16.7457        29.3407
     555      16.7594        29.5357
     556      16.8239        29.7324
     557      16.7494        29.3875
     558      16.8260        30.2164
     559      16.7968        30.1942
     560      16.7642        31.6371
     561      16.6781        31.0252
     562      16.7099        29.2095
     563      16.8136        31.2074
     564      16.7511        30.8807
     565      16.7475        30.4879
     566      16.8433        31.7646
     567      16.7878        29.9601
     568      16.9976        31.4007
     569      16.8093        30.1335
     570      16.8821        30.0666
     571      16.8716        29.7221
     572      16.8177        29.6982
     573      16.9172        31.8513
     574      16.8223        33.1007
     575      16.7890        30.1960
     576      16.8235        30.4624
     577      16.7521        30.4335
     578      16.7497        29.9075
     579      16.8896        30.1256
     580      16.8134        29.7711
     581      16.7849        29.4728
     582      16.8794        29.7145
     583      16.8442        29.6080
     584      16.8063        30.4530
     585      16.8137        31.0089
     586      16.9765        31.0839
     587      16.7673        31.5415
     588      16.9327        31.4766
     589      16.8475        31.6503
     590      16.8382        31.0358
     591      17.0746        32.0001
     592      16.8671        31.3560
     593      16.7774        30.9022
     594      16.8723        30.6150
     595      16.9250        29.8627
     596      16.9508        30.8584
     597      16.8459        31.1389
     598      16.7117        30.4835
     599      16.9128        31.1357
     600      16.7971        29.7303
     601      16.7276        28.9595
     602      16.8576        29.3410
     603      16.8283        29.2678
     604      16.9092        29.2364
     605      16.8661        31.0187
     606      16.8326        31.3182
     607      16.7763        29.3649
     608      16.8493        30.1481
     609      16.7964        30.0754
     610      16.8475        29.9520
     611      16.7619        30.4076
     612      16.7622        29.6410
     613      16.7733        30.0813
     614      16.9308        30.7618
     615      16.7781        29.7806
     616      16.7414        30.6254
     617      16.7947        32.1885
     618      16.8449        29.6635
     619      16.7425        30.6806
     620      16.7058        29.8789
     621      16.8422        29.9523
     622      16.8576        29.8129
     623      16.8349        29.9955
     624      16.7656        30.3347
     625      16.8073        29.5741
     626      16.7787        30.3555
     627      16.6805        28.8298
     628      16.7212        32.2018
     629      16.8564        31.2043
     630      16.8934        30.6925
     631      16.7437        30.4168
     632      16.7789        30.6331
     633      16.7268        29.5153
     634      16.6745        30.5273
     635      16.7915        29.8281
     636      16.8017        30.7324
     637      16.7838        29.3425
     638      16.8312        29.5376
     639      16.5700        28.8553
     640      16.7059        30.7206
     641      16.8070        30.4813
     642      16.7279        29.3564
     643      16.7794        28.9778
     644      16.9376        31.5026
     645      16.7102        31.7678
     646      16.7640        31.7779
     647      16.6894        31.0034
     648      16.6976        29.5418
     649      16.6581        30.3686
     650      16.6999        30.1989
     651      16.8366        30.6635
     652      16.7414        30.4818
     653      16.7311        30.0256
     654      16.8429        30.8058
     655      16.8484        30.1359
     656      16.8878        29.4774
     657      16.8327        29.7944
     658      16.7062        30.4389
     659      16.8494        31.4064
     660      16.7696        30.4404
     661      16.8408        30.9381
     662      16.7893        30.0760
     663      16.8602        31.7436
     664      16.7668        30.5264
     665      16.7924        29.8794
     666      16.8658        31.8639
     667      16.8378        29.4966
     668      16.8436        30.3156
     669      16.6823        28.8284
     670      16.8087        30.4114
     671      16.8965        31.1127
     672      16.9380        31.4632
     673      16.7715        30.6939
     674      16.8951        30.5184
     675      16.7687        30.0479
     676      16.8413        30.4053
     677      16.7196        31.7039
     678      16.7778        31.2997
     679      16.8308        30.9276
     680      16.8004        31.8155
     681      16.7733        30.9107
     682      17.0050        31.0690
     683      16.8461        30.8018
     684      16.7688        28.8387
     685      16.7838        30.5386
     686      16.8086        30.4548
     687      16.8036        30.0539
     688      16.8551        30.3632
     689      16.8251        31.8154
     690      16.9032        30.0861
     691      16.7792        30.5856
     692      16.9196        29.6088
     693      16.8819        30.0245
     694      16.9081        31.6804
     695      16.8281        30.1060
     696      16.8117        29.3865
     697      16.8196        28.8918
     698      16.8694        30.1622
     699      16.8652        29.6419
     700      16.8351        29.9139
     701      16.9155        31.0799
     702      16.7814        29.6721
     703      16.7722        30.6755
     704      16.7892        29.2852
     705      16.8767        29.7773
     706      16.8403        30.9196
     707      16.8130        29.3384
     708      16.8846        28.9911
     709      16.8417        30.5244
     710      16.7942        30.2903
     711      16.9730        30.0900
     712      16.9053        30.2112
     713      16.8565        30.2021
     714      16.7836        32.0639
     715      16.8734        31.2948
     716      16.7122        30.4465
     717      16.8490        31.3058
     718      16.6811        29.9834
     719      16.7681        29.4849
     720      16.9922        31.6885
     721      16.7861        30.5381
     722      16.8390        29.8734
     723      16.6211        30.5011
     724      16.7584        30.9469
     725      16.7521        31.2092
     726      16.8104        29.7537
     727      16.6650        30.5947
     728      16.7198        30.1680
     729      16.7527        30.7768
     730      16.7605        29.5555
     731      16.7551        30.0941
     732      16.7756        28.7157
     733      16.8813        31.5883
     734      16.7787        31.1410
     735      16.8817        29.8404
     736      16.8500        29.3435
     737      16.7872        30.2556
     738      16.7549        29.9861
     739      16.8433        29.4410
     740      16.6712        28.8352
     741      16.8284        29.6242
     742      16.8592        30.8408
     743      16.8870        31.5039
     744      16.9446        30.3700
     745      16.7884        29.9195
     746      16.8463        30.0334
     747      16.7722        29.9699
     748      16.8177        29.0072
     749      16.8399        30.7166
     750      16.7998        30.1765
     751      16.7976        29.3793
     752      16.6775        30.9033
     753      16.8051        30.7019
     754      16.5747        30.1530
     755      16.8509        31.0700
     756      16.9137        29.8312
     757      16.8652        31.6873
     758      16.6982        30.5322
     759      16.7823        30.0843
     760      16.7165        29.4541
     761      16.7962        31.3342
     762      16.8161        29.9792
     763      16.7846        30.5563
     764      16.7027        31.1336
     765      16.6893        29.8157
     766      16.8848        30.8820
     767      16.8294        30.7489
     768      16.7805        30.6123
     769      16.7945        29.1932
     770      16.8394        29.2970
     771      16.9057        28.8130
     772      16.8495        29.3732
     773      16.7956        29.6188
     774      16.6971        29.1300
     775      16.7596        29.2044
     776      16.6964        29.1186
     777      16.8006        29.8710
     778      16.7822        29.4680
     779      16.6899        29.8727
     780      16.7881        29.6955
     781      16.7233        31.4400
     782      16.7503        30.5197
     783      16.8993        31.4774
     784      16.9120        30.2207
     785      16.8173        30.3915
     786      16.8383        30.2511
     787      16.8319        30.8498
     788      16.9302        31.3671
     789      16.7816        28.9411
     790      16.8166        29.5852
     791      16.8206        29.0831
     792      16.8194        30.0006
     793      16.9083        29.7997
     794      16.8219        29.8310
     795      16.8874        30.0255
     796      16.8522        30.2044
     797      16.8929        31.7324
     798      16.9113        31.0385
     799      16.7876        29.9511
     800      16.8394        31.0664
     801      16.9495        31.2202
     802      16.8200        30.9385
     803      16.7643        31.3028
     804      16.9310        31.2631
     805      16.8251        31.8610
     806      16.8556        31.0908
     807      16.8680        30.0555
     808      16.7749        28.9298
     809      16.9033        31.5047
     810      16.9458        31.8229
     811      16.8804        29.4842
     812      16.8231        31.6559
     813      16.9295        31.3607
     814      16.9244        30.8355
     815      16.8582        30.7447
     816      16.8176        30.2752
     817      16.8307        31.5975
     818      16.7861        31.9467
     819      16.7451        30.6853
     820      16.8582        30.2356
     821      16.6618        29.0926
     822      16.8037        30.1431
     823      16.6769        29.2744
     824      16.7673        31.0922
     825      16.7470        29.4535
     826      16.8826        29.8519
     827      16.8278        29.9732
     828      16.8042        29.2145
     829      16.7689        30.3520
     830      16.7508        29.0961
     831      16.8507        29.7337
     832      16.7851        30.4835
     833      16.7435        29.9142
     834      16.7800        29.1092
     835      16.7742        29.4625
     836      16.6529        30.4461
     837      16.7243        31.2844
     838      16.6415        29.5021
     839      16.8455        29.0565
     840      16.7707        29.6722
     841      16.7282        30.1106
     842      16.8329        29.4806
     843      16.9844        32.0142
     844      16.8497        30.1663
     845      17.0925        31.2002
     846      16.9308        30.8966
     847      16.8997        29.9220
     848      16.8985        30.7342
     849      16.8837        30.1322
     850      16.8286        29.7672
     851      16.9751        29.4409
     852      17.0426        32.1804
     853      16.9428        30.3189
     854      16.8863        29.8491
     855      16.8052        32.8929
     856      16.8750        29.5777
     857      16.8840        30.2977
     858      16.9572        31.4369
     859      16.8806        30.2536
     860      17.0028        31.1643
     861      16.9934        30.4424
     862      16.9956        30.4884
     863      16.8960        30.5813
     864      16.7357        29.0340
     865      16.8254        30.1783
     866      16.7983        29.6646
     867      16.6690        29.2590
     868      16.9766        30.7427
     869      16.8298        30.6148
     870      16.8326        30.8947
     871      16.7007        31.0560
     872      16.9202        30.9893
     873      16.8153        31.4588
     874      16.8400        31.0647
     875      16.9316        32.4231
     876      16.9307        30.5100
     877      16.8403        31.2940
     878      16.8412        29.9735
     879      17.0082        30.8128
     880      16.7973        28.9105
     881      17.0954        30.9780
     882      16.9371        31.5287
     883      16.9929        31.1926
     884      17.1482        31.2873
     885      16.9954        31.6490
     886      17.0980        30.9931
     887      17.1418        31.0839
     888      17.1879        31.4772
     889      16.9480        30.5411
     890      17.0811        30.7054
     891      17.0150        31.5828
     892      17.0293        31.6159
     893      17.0035        31.8062
     894      16.9284        31.4673
     895      16.9933        31.4341
     896      17.0506        31.2218
     897      16.9077        31.4445
     898      17.1438        30.7886
     899      17.0324        31.2922
     900      17.0260        31.0341
     901      16.9828        31.5428
     902      16.8784        30.0604
     903      16.9826        31.0996
     904      16.9629        30.7222
     905      16.9435        31.1728
     906      17.1138        29.9271
     907      16.9629        30.2511
     908      16.9932        30.1288
     909      16.9867        30.5615
     910      16.9799        32.0519
     911      16.9284        31.9301
     912      16.9185        31.5627
     913      16.9948        31.7226
     914      16.9163        31.1423
     915      17.1419        30.8714
     916      16.9746        30.2830
     917      17.1409        32.1992
     918      16.9590        31.4551
     919      16.9099        30.7551
     920      16.9119        29.2466
     921      17.0286        30.1524
     922      17.0980        32.2287
     923      16.7967        30.1996
     924      16.8853        30.2863
     925      16.9763        30.2162
     926      17.0264        31.4578
     927      16.8636        29.4005
     928      16.8868        30.3298
     929      16.9460        29.7308
     930      16.8571        29.7210
     931      16.7445        28.9252
     932      16.7689        29.4568
     933      16.7605        29.4858
     934      16.9032        29.3289
     935      16.7446        29.1581
     936      16.7432        29.2726
     937      16.8153        31.1317
     938      16.7852        30.9895
     939      16.9186        31.5156
     940      16.7175        29.8381
     941      16.7404        29.1242
     942      16.5649        28.8701
     943      16.6720        29.3317
     944      16.6381        29.7665
     945      16.7836        29.9509
     946      16.7574        29.8163
     947      16.7239        30.8463
     948      16.7503        29.6364
     949      16.7981        29.3668
     950      16.6949        30.1751
     951      16.6968        30.6029
     952      16.7348        29.2292
     953      16.5507        30.8154
     954      16.7122        30.5562
     955      16.7291        29.6221
     956      16.7932        28.7235
     957      16.6355        28.5969
     958      16.6842        30.0133
     959      16.5833        29.0113
     960      16.6233        28.4694
     961      16.8178        29.4774
     962      16.8412        29.9823
     963      16.7772        31.2978
     964      16.7937        30.5794
     965      16.7339        31.2092
     966      16.6292        30.0723
     967      16.8552        30.9247
     968      16.7786        31.8655
     969      16.7664        30.8466
     970      16.8481        31.0884
     971      16.7492        29.7803
     972      16.8688        30.7082
     973      16.8499        30.0120
     974      16.9594        31.5421
     975      16.9447        30.9695
     976      16.8860        31.0301
     977      16.8140        30.0832
     978      16.7688        29.8615
     979      16.7725        28.9933
     980      16.8126        29.1861
     981      16.8088        30.9826
     982      16.7845        31.0725
     983      16.8010        31.1550
     984      16.7660        30.0622
     985      16.8047        30.6496
     986      16.8448        29.9886
     987      16.8439        31.3486
     988      16.8863        31.1375
     989      16.7396        29.8917
     990      16.8735        30.2919
     991      17.0087        32.8112
     992      17.0743        29.8230
     993      17.2158        30.9292
     994      17.0563        33.4055
     995      17.1738        31.4894
     996      17.0948        30.7808
     997      17.2059        31.6019
     998      16.7480        29.4098
     999      17.0406        31.2552
    1000      17.0401        30.9788
