#Frame        phi:121      psi:121
       1    -116.0987      -6.4117
       2    -116.8985     -18.5159
       3     -86.2339       3.4675
       4    -103.3436      10.6217
       5    -121.6727     -10.1831
       6    -111.7198     -12.5330
       7    -115.5188     -16.2824
       8    -102.1995     -12.8925
       9    -102.0201       5.3366
      10    -121.1551      -9.0173
      11    -110.5692     -14.9794
      12    -131.4081       2.6412
      13    -114.7032      -6.2574
      14    -133.3918       9.3515
      15    -110.0764      -6.4418
      16    -123.3315      -4.0923
      17    -118.9744     -10.3396
      18    -115.8375       2.8162
      19    -124.7123       1.0767
      20    -125.4818       8.6313
      21    -128.7021      -0.3021
      22    -140.7521     -11.6116
      23    -121.4383     -15.9293
      24    -105.7360     -27.8473
      25    -124.7950      -8.6339
      26    -114.7569     -13.5644
      27    -108.9675     -18.0626
      28    -117.5497       0.1480
      29    -111.1223     -12.8287
      30    -112.1099     -11.4253
      31    -103.7165     -27.7971
      32    -126.9065     -12.4287
      33     -92.2065     -13.8543
      34    -132.6410     -20.7204
      35    -118.1855     -29.6703
      36    -107.4186       0.0933
      37    -107.5267      -9.8824
      38    -104.6224      -9.3660
      39    -115.8610     -21.2711
      40    -124.8284     -14.5820
      41    -106.6671     -15.8663
      42    -124.9327       4.7397
      43    -123.2426      -6.5744
      44    -133.9046     -33.0956
      45    -141.4441     -24.2675
      46    -104.8312     -23.2384
      47    -107.2943      -7.0460
      48    -110.4113     -22.4303
      49    -110.7897     -12.5293
      50    -136.5639     -11.1270
      51    -102.6045     -15.1908
      52    -106.7623     -34.8661
      53     -84.6065     -39.0302
      54    -130.0354     -23.7111
      55    -109.0260     -37.5933
      56    -117.8078      -8.8636
      57     -79.7427     -27.6792
      58     -98.9062     -11.8540
      59     -84.3841     -28.7178
      60     -76.5728     -39.0701
      61     -96.9695     -34.0736
      62    -131.2558       0.1966
      63    -125.9755     -22.4565
      64    -109.4645     -25.1967
      65    -114.2691     -25.1801
      66    -103.7280     -32.0009
      67    -119.5172      -3.5822
      68    -121.6104     -35.4330
      69    -127.0468     -20.3367
      70    -131.6562     -24.4817
      71    -112.5591     -29.8293
      72    -122.1759     -38.5447
      73     -98.5971     -13.8942
      74    -117.6340     -15.4158
      75    -131.5057     -25.9228
      76     -97.6855     -29.5839
      77    -101.7296      -9.8808
      78    -113.4191      -6.2536
      79    -137.2290      -8.6166
      80    -135.5288     -15.4890
      81    -131.7337      -3.9526
      82    -112.3303      -2.8642
      83     -98.5793     -29.1296
      84    -111.3259      -4.4277
      85    -108.3218     -36.4117
      86     -74.9672     -27.3824
      87    -111.7656     -34.0389
      88     -97.7109     -15.6476
      89    -115.8860     -20.0253
      90    -103.2875      -7.9669
      91    -106.5287      -8.3391
      92     -83.3695     -32.3499
      93    -107.7924      -5.6626
      94    -101.3357      -7.9032
      95    -118.9385     -16.4367
      96    -101.4672     -33.6383
      97    -107.2023     -34.3604
      98    -138.2964     -11.3071
      99    -117.7868     -25.3981
     100     -91.1476     -32.4851
     101    -101.2732     -30.7039
     102     -98.2515     -25.5267
     103    -119.1469      -0.1962
     104    -122.1076     -12.5586
     105    -116.4775     -18.0575
     106     -86.2339     -24.9526
     107    -108.5976     -29.5752
     108    -122.9323     -20.5444
     109    -113.7195     -15.7042
     110    -104.2142       6.3095
     111    -102.7866     -15.6969
     112    -103.9364     -29.9628
     113    -115.4489     -24.4477
     114     -83.5624     -33.8574
     115    -104.9608      -2.2970
     116    -103.5013     -26.7543
     117    -121.8445     -26.2985
     118    -106.2066     -21.2304
     119    -114.6132     -11.4193
     120    -118.8966      -3.3331
     121    -119.2648     -17.6855
     122    -126.2363     -29.6922
     123    -104.7661     -23.0180
     124     -82.6197     -29.5610
     125     -77.9948     -11.8837
     126    -112.8428     -36.0537
     127    -113.0557     -23.4174
     128    -109.2984     -15.6913
     129     -98.3251     -23.5123
     130    -106.0319      -7.2830
     131    -119.7023      -3.0542
     132    -113.4207     -33.6111
     133    -107.0848     -18.9093
     134     -98.9117      -4.7706
     135    -108.2794     -20.4472
     136    -124.4953     -17.0224
     137     -93.7843     -16.3455
     138    -128.1181     -27.3923
     139    -115.7766     -34.9170
     140    -104.2563     -25.1991
     141    -119.5105      -3.2885
     142    -120.7998      -2.2669
     143    -112.2965       0.5312
     144    -125.4807     -19.5505
     145     -95.9040      -6.4000
     146    -116.3034     -17.9536
     147    -115.3197      -6.2199
     148     -93.0889     -19.4333
     149     -99.9127      -5.5248
     150    -102.4159     -36.2097
     151     -93.0322     -17.1832
     152    -135.8046       0.3266
     153    -110.0893     -13.9481
     154    -114.4601     -35.0769
     155    -115.7509     -15.3378
     156     -99.4571     -15.1052
     157    -109.2385     -19.1893
     158    -118.8401      -5.7704
     159    -113.2482      -5.6683
     160    -120.5995      -6.1835
     161    -112.8354     -20.1596
     162    -126.2517     -21.1743
     163    -116.3505     -15.8824
     164    -109.7514     -32.0086
     165    -114.1703     -28.6017
     166     -98.3841     -18.0407
     167    -106.2755     -27.6617
     168    -102.6374     -28.7694
     169    -120.4111     -25.1186
     170     -99.6589     -23.3487
     171    -108.1775      -5.1989
     172     -99.5458     -33.1576
     173     -99.8446     -18.7598
     174    -101.1347     -30.0904
     175    -123.8918     -20.3810
     176    -109.8486     -10.5072
     177    -123.7302       1.7006
     178    -135.8993      -5.0122
     179    -111.4226      -2.9991
     180    -119.2396     -19.7050
     181    -115.1577     -13.0580
     182    -118.2918     -11.6428
     183     -88.3371       2.8816
     184    -121.7410     -12.0419
     185    -116.6158     -13.5195
     186     -83.6211     -29.0177
     187    -102.5145      -2.2470
     188    -109.9199     -18.4106
     189    -120.5752     -14.0918
     190    -124.9745     -13.7928
     191    -114.5603     -18.7516
     192    -109.4242      -8.3398
     193    -109.1424     -20.0357
     194    -130.6404     -32.8901
     195    -111.1914      -7.3849
     196    -109.9506      -7.0920
     197     -95.9021     -21.1969
     198    -128.9309     -10.1953
     199    -123.6915     -23.5899
     200    -101.6205     -14.3787
     201     -86.5434       3.8482
     202    -126.2180     -11.9681
     203     -89.1769     -23.3941
     204     -93.5637     -18.5659
     205    -112.4287      -0.9000
     206    -125.4123     -15.9764
     207     -87.9788     -13.2482
     208     -71.6192     -18.2968
     209    -124.4445     -16.8112
     210    -120.5965     -16.5870
     211    -110.6037     -27.7686
     212    -123.1797     -14.5966
     213     -93.8582     -10.9580
     214    -132.8831      -7.6753
     215    -114.8093     -30.0587
     216     -87.8990     -29.9788
     217    -116.8946     -13.2303
     218    -127.2275      -6.7673
     219     -99.4540     -22.7605
     220    -108.8560      -1.3547
     221    -116.1256     -23.7812
     222    -110.8829     -12.2487
     223    -110.8249     -10.6341
     224    -113.9421     -29.3635
     225    -108.7700     -19.4295
     226     -93.4970     -33.8978
     227    -114.4084     -14.5714
     228    -100.7418     -19.9582
     229     -94.5969     -26.7400
     230     -93.8998     -21.2256
     231    -105.1144     -18.5637
     232    -112.3195     -26.7569
     233    -105.9743       1.1283
     234    -126.4512      -9.2813
     235    -122.0320       0.0159
     236    -103.6514     -25.2949
     237    -113.3619       0.1522
     238    -102.1855     -32.5105
     239    -114.0421     -30.9132
     240     -89.2204     -16.2765
     241    -119.0527     -29.4965
     242    -115.0261      -5.9558
     243    -126.3804     -25.2386
     244    -119.7830     -13.3944
     245    -110.3983     -26.9487
     246    -101.1139     -12.7057
     247    -106.8591     -17.3260
     248    -107.9419       3.5759
     249    -130.5258     -15.9163
     250    -114.8756     -17.8674
     251    -114.7740     -16.7403
     252     -95.3282     -18.3882
     253    -115.7519     -11.6026
     254     -94.6665     -15.6604
     255    -106.4762     -15.1875
     256    -117.0620     -38.0455
     257    -113.3046     -11.0772
     258    -112.9661     -17.3412
     259    -128.2723      11.9352
     260    -115.4352     -27.0700
     261    -101.9531     -20.6262
     262    -129.3176     -20.0423
     263    -119.1991     -25.4743
     264    -109.4356     -24.2224
     265    -116.4660     -42.6328
     266    -106.5255     -19.1034
     267    -109.7631      -5.7815
     268    -119.1513     -10.6230
     269    -108.8697     -17.4092
     270    -126.8906     -27.5414
     271    -112.0460       6.0979
     272    -103.7211     -17.5690
     273    -119.1085     -29.8245
     274    -113.5775      -8.7435
     275    -100.3505       0.3618
     276    -108.9803     -17.7669
     277     -99.0386      -3.3523
     278    -121.5258     -17.2111
     279    -117.7641       7.7952
     280    -123.8951      -1.8067
     281    -126.9979     -25.2612
     282    -113.6808       3.0585
     283    -111.1153      -8.3512
     284    -116.1670      -0.3012
     285    -107.1300      -3.7092
     286    -106.3442      -1.9214
     287    -131.1710       2.9554
     288    -114.7633      -3.6994
     289    -109.5472       3.1502
     290    -109.3290      -2.3732
     291     -93.5693       8.3610
     292    -111.1662      -2.6821
     293    -102.9955     -12.2430
     294    -109.1587      -7.3706
     295    -106.8623     -25.1848
     296    -120.0318      -9.6945
     297    -107.8539      -6.4176
     298    -106.2227     -21.2363
     299    -108.5612      -8.3530
     300    -121.8041     -13.5985
     301    -101.1999       3.9459
     302    -108.9803     -12.1631
     303    -106.0787     -11.6632
     304    -105.2774       8.1400
     305    -108.6543     -15.2143
     306    -114.0183      -3.6407
     307     -93.3535      -8.0801
     308    -116.3292     -20.9697
     309    -101.0345       8.6548
     310    -102.9457     -45.2258
     311    -116.5212     -18.8503
     312    -125.1549     -32.6832
     313    -109.7502     -10.6212
     314    -105.6474     -13.4037
     315    -116.4141     -14.6100
     316    -109.9538     -28.1818
     317     -97.3726      -5.2950
     318    -137.1840     -10.7809
     319    -105.5739     -11.3961
     320    -107.0624      -9.1466
     321     -87.4438      -8.7697
     322    -105.6707     -31.8679
     323     -93.2522      -3.8758
     324    -124.1224      -1.9068
     325    -116.7283     -15.2158
     326    -103.8329     -10.9090
     327    -117.6566      -8.4836
     328    -107.9027     -26.4456
     329    -110.4524     -28.1254
     330    -136.6070     -21.3641
     331    -123.6506     -26.0106
     332    -100.5746     -14.8023
     333    -110.9036     -16.5580
     334    -138.1836      -7.7748
     335     -92.1050     -34.7328
     336    -114.6646      -7.7914
     337    -103.2140     -19.1050
     338    -131.4679     -17.2794
     339     -96.2712     -52.1647
     340    -105.1265     -17.2809
     341    -110.1929      -9.3710
     342    -122.2335      -9.4174
     343     -90.5793     -13.3586
     344     -89.7939     -19.2739
     345    -107.0240     -34.0123
     346    -121.9195       3.2163
     347    -121.0430       9.4091
     348     -93.4925     -11.5145
     349    -107.0866     -10.7072
     350    -115.3259      -6.2065
     351    -104.2933     -19.4118
     352    -119.3660      -7.3697
     353    -109.0869     -14.0995
     354    -105.3727     -16.4104
     355     -97.3322     -18.8936
     356    -104.5971     -15.0100
     357    -138.9403      -3.6658
     358    -116.8646     -13.4255
     359    -108.4052     -20.7278
     360    -124.7243     -15.0608
     361    -116.5715      -7.6477
     362    -137.1337     -10.5686
     363    -115.9342      -9.7018
     364    -132.6881     -18.6334
     365    -124.7754      -4.4033
     366    -126.8701      -0.4050
     367    -132.1882      -6.3278
     368    -143.0334       9.4877
     369    -125.0896      -7.9250
     370    -134.6543       2.1156
     371    -131.4313       6.3805
     372    -120.4379      -4.7476
     373    -125.0107       2.9841
     374    -137.9571      -5.3045
     375    -134.6394       1.9346
     376    -120.1407       0.4424
     377    -126.2742       2.0607
     378    -123.5309     -15.7219
     379    -134.6594     -10.0538
     380    -137.6311      22.1703
     381    -130.6788      12.7660
     382    -127.5450      -9.0126
     383    -140.0180      -7.8993
     384    -148.7579      10.0217
     385    -131.5809       6.1984
     386    -140.0028      -9.6482
     387    -138.7080      -2.5876
     388    -142.3134      -7.5966
     389    -138.7443      -4.5961
     390    -134.3467       8.9407
     391    -141.4368      18.1760
     392    -129.2669      -2.7353
     393    -121.7727     -18.5884
     394    -118.5177      -6.8663
     395    -135.9947       3.9389
     396    -143.6906      -3.0363
     397    -133.2798       1.8015
     398    -138.0622       8.2922
     399    -141.0893      -5.2116
     400    -131.4118       4.5424
     401    -125.3427       5.3307
     402    -158.1089     -12.7153
     403    -113.4686       2.6287
     404    -160.1076      10.7243
     405    -132.2971       1.7547
     406     -96.7295     -10.6469
     407    -150.2893      -2.4510
     408    -118.5318       8.5055
     409    -148.4653      -9.7335
     410    -124.1451      -9.1478
     411    -143.6044       2.7474
     412    -125.1304      -4.1376
     413    -141.5293      -6.4037
     414    -134.6306      -8.4365
     415    -134.1571     -16.0751
     416    -153.0446      21.7372
     417    -141.8900      -9.1014
     418    -131.7756      -7.5254
     419    -143.0278      -0.6203
     420    -103.8938      -2.7231
     421    -128.7268     -18.6440
     422    -120.9770       3.9487
     423     -99.5331       5.3467
     424    -113.0839      10.7212
     425     -78.3793      -8.2852
     426    -123.0978      16.8445
     427    -102.5800      -1.6676
     428     -71.4736       3.4736
     429     -82.6625       9.8152
     430    -113.0515      34.1233
     431     -89.5216       3.7802
     432    -113.3996      -6.9386
     433    -110.1975      13.9106
     434     -92.9220       5.0443
     435    -101.2296      -9.0822
     436    -107.2941      -6.5258
     437    -107.5930      10.5564
     438     -92.8507       2.0979
     439    -104.0670       5.2914
     440    -107.4039      -0.9171
     441     -89.2039       0.2814
     442     -95.7319      12.8040
     443    -105.7191       2.6923
     444    -106.6588       7.2146
     445     -83.5691       4.0051
     446     -97.8917       2.2267
     447    -127.8184       4.4092
     448     -87.3397       9.5921
     449    -122.2419      13.7178
     450    -106.2036       1.7061
     451    -114.6787       6.0431
     452    -126.8200       6.1422
     453    -144.1947       9.9027
     454    -111.8455      -1.2187
     455    -107.0832       8.5337
     456    -105.3479       2.9681
     457    -120.2624      15.0212
     458    -129.7622       6.9112
     459    -107.7265      -4.2362
     460     -88.3807      -6.8702
     461    -102.4910       2.0539
     462     -93.2244      -6.8911
     463     -86.5934       8.0226
     464    -105.6021      -1.1991
     465    -112.5848       5.8494
     466    -118.4104       3.5820
     467     -85.0325       8.8795
     468     -81.9406      -2.1530
     469    -102.4621      -9.6841
     470    -107.3131       7.5944
     471     -96.5451      -8.7841
     472     -92.2100       3.7075
     473     -92.6626       4.1359
     474     -94.0639     -11.2361
     475     -96.1961      13.5136
     476     -94.8882      -7.4633
     477     -92.8559       7.4379
     478     -89.4391       9.4068
     479     -83.0690      -2.6865
     480    -115.5744      -0.9728
     481    -113.9083      19.4319
     482     -92.3478      -6.9126
     483     -76.5082     -17.7138
     484    -105.6006       2.3651
     485    -100.4639       0.0536
     486    -115.1799       7.5774
     487     -93.0653      12.4122
     488    -119.5507      14.0395
     489    -121.2226      13.0545
     490     -90.7849      -6.1045
     491    -133.1284      -2.3437
     492     -96.2741     -20.9647
     493    -105.5027      -9.9245
     494    -117.8930     -16.5716
     495    -105.2417       5.9085
     496    -113.0166      -4.3007
     497    -100.7975      -6.7357
     498    -112.0231     -16.3418
     499    -111.6471      -6.8500
     500    -111.9625       9.2174
     501    -113.4077     -11.0126
     502    -111.8477      -6.7425
     503    -108.9165      -5.1086
     504    -114.3481      -2.2277
     505     -88.4978     -10.3347
     506    -116.5949       5.5970
     507    -102.6915       3.2696
     508     -81.6640     -19.5950
     509    -108.5453      19.2405
     510    -101.3505       7.4695
     511    -114.9480      16.0340
     512     -93.4967       4.8290
     513     -96.0926      -1.3115
     514    -100.7222      17.5075
     515     -92.0355       8.6748
     516    -102.7933       5.9208
     517    -100.5044       2.3895
     518    -111.4482      11.0013
     519    -104.1643      13.4041
     520     -99.2934       8.9095
     521    -100.5740      12.0974
     522    -100.9793      13.8596
     523     -89.6838      13.6933
     524     -95.9834      10.5488
     525     -98.9857       1.9648
     526    -106.4573       7.6412
     527    -111.0681      12.0122
     528     -93.6306       2.9297
     529     -95.6142      -0.6774
     530     -93.0940       3.1364
     531     -90.3123      -0.9026
     532    -103.9888      17.2329
     533     -91.7778      14.9755
     534     -79.8030       2.7615
     535     -88.4817      -4.4967
     536    -103.1083       7.1100
     537     -92.8758      21.9162
     538    -106.4540      25.8734
     539     -98.3162       2.4326
     540     -91.3631      20.8684
     541    -110.0445      17.4195
     542     -97.0344      11.7482
     543     -79.2780      -2.1372
     544    -105.1295      15.9526
     545     -95.6416      12.7504
     546     -93.1563       5.1693
     547    -111.4487       1.3849
     548    -104.0875       2.4185
     549    -106.4067      -6.4480
     550     -82.6177     -16.2882
     551     -94.9804       2.7958
     552     -83.6279      -3.2963
     553     -92.3824       2.4105
     554     -97.5803       5.4456
     555     -96.6634       1.5740
     556     -80.7435      -5.0361
     557    -103.5687      19.4438
     558     -94.1277       2.3401
     559    -107.0129     -13.3124
     560     -93.2488      -3.6770
     561    -108.9913      22.0988
     562    -109.2266      13.5839
     563    -124.2256       3.7257
     564    -105.6897      11.1230
     565     -98.7673     -10.7314
     566     -84.5777      -5.7148
     567     -99.1756      -5.6652
     568     -89.2444      -4.8581
     569     -91.5569      -8.0486
     570     -91.5436       8.3924
     571    -104.7497      10.6036
     572    -108.9795       0.3951
     573    -108.5730      24.8292
     574    -104.7092       6.8494
     575     -91.6040      -5.7756
     576    -105.1055      19.1717
     577     -85.6435       3.0435
     578     -93.5262       1.6671
     579    -100.3744       3.3009
     580     -93.7549      -2.7232
     581    -113.0567       6.0976
     582     -91.4393      11.5805
     583     -95.2993       7.3581
     584     -76.9685      -9.5358
     585     -89.1492      -6.5839
     586    -106.4608      -3.2571
     587     -96.3272       2.2489
     588     -79.5614       6.3076
     589     -94.7040      -4.4468
     590     -99.2348      -0.2199
     591     -85.0717     -10.6831
     592     -90.5375       1.9718
     593     -95.3591      -6.7986
     594    -104.4077       3.7779
     595    -104.4665      15.9402
     596    -101.1190       4.1173
     597    -117.3348       0.4108
     598     -97.6973      -0.7194
     599     -91.5872      -5.5546
     600    -110.5492      -4.7998
     601    -111.1933      15.4463
     602    -103.7620       5.8691
     603     -98.7250       7.1376
     604    -102.5012       7.2071
     605     -96.6131     -17.7600
     606     -87.4559       0.8503
     607     -97.0279       3.1861
     608     -89.7947      -8.1283
     609     -95.3815      -4.5456
     610     -79.8889      -9.5393
     611     -82.6584       2.3990
     612     -90.7091      11.8840
     613     -78.5902       2.2564
     614     -93.6094      11.5128
     615    -101.2553      11.7640
     616    -100.3770      -6.9136
     617     -89.1765       8.8444
     618     -87.4829       4.8115
     619     -92.2048       0.3422
     620     -98.6896      11.9660
     621     -85.4475      -8.7715
     622    -106.7664      10.3336
     623     -87.6940      -2.9134
     624     -88.1302       1.0706
     625    -110.5035       2.8010
     626     -73.3536      -6.9738
     627    -101.2705       9.8711
     628     -63.5655     -24.1234
     629     -99.7391      18.6630
     630     -84.0164       0.4621
     631     -91.6722      11.5927
     632     -91.3942       9.5282
     633     -96.0537       9.0626
     634     -81.0563       9.9823
     635    -105.6985      -0.6828
     636     -97.9724      -3.3169
     637    -102.8276       2.7575
     638     -91.1824      11.0970
     639    -104.1507      14.3038
     640    -106.5223     -13.5884
     641     -92.8946      -6.0850
     642    -111.0906       2.4334
     643     -97.2589      -2.4907
     644     -86.5012       4.3099
     645     -90.0448      -4.8255
     646     -96.4350      13.1752
     647    -105.7222      14.6555
     648    -102.5040      14.0589
     649    -116.0305       2.9002
     650    -107.2882      -4.4328
     651     -98.8169       5.3054
     652     -99.1523       3.0771
     653     -70.5318      -9.7718
     654    -120.0400       1.3082
     655     -97.3142       3.1642
     656    -106.5256       7.5497
     657    -102.5622       2.6995
     658    -100.9247       4.1825
     659     -85.5392      -7.8542
     660    -106.7702       9.4095
     661     -85.5516      -0.7226
     662     -86.9142       8.1420
     663    -110.0904       7.4903
     664     -97.4997       5.0756
     665     -86.1185       1.6663
     666     -90.7147       5.2578
     667    -103.9242      14.5819
     668    -104.3513       2.2489
     669     -84.8935      -2.4505
     670     -93.9518       9.8955
     671     -89.0619       9.8063
     672    -107.2631      10.6996
     673     -90.5278     -12.8836
     674     -93.1333      14.0981
     675     -91.7582      -3.5062
     676    -105.6317       3.7025
     677     -87.8433      21.8846
     678     -95.8442      -5.1055
     679     -91.4752     -14.7413
     680    -107.0100      13.3968
     681     -87.7589      17.5520
     682     -92.4133      -3.4788
     683    -107.3369     -18.6948
     684     -84.5312       4.2013
     685     -82.3293       0.6489
     686     -82.3002     -19.2834
     687    -101.8942       8.3623
     688     -96.1856       3.4526
     689     -80.8000      -3.2083
     690     -87.3419       2.6132
     691    -100.4437      -2.8462
     692     -88.3125       5.0900
     693     -97.3696      14.3416
     694     -96.9080       8.6158
     695    -101.8695       8.9207
     696    -106.2960       0.9617
     697     -99.0789      12.7641
     698     -95.3344      -3.7087
     699     -94.3664      -2.0586
     700    -100.8310      16.4153
     701     -94.2295      18.4033
     702     -94.3417       3.6921
     703     -92.9088      12.6873
     704     -72.5987      -3.0379
     705    -105.5437       5.4230
     706    -104.9754      10.3250
     707    -110.5431       6.7105
     708     -84.0371     -10.7870
     709     -83.8250      16.4744
     710    -104.8541      -2.7390
     711     -84.4384      -6.6961
     712     -97.5644       8.7127
     713     -85.3596       1.5660
     714    -100.9925      13.9249
     715     -99.8242       5.2077
     716    -100.4974       2.4509
     717     -92.9231      16.9572
     718     -90.8601       6.3611
     719     -93.9768       0.7483
     720     -95.9112      -5.3276
     721     -90.3404      -6.7325
     722     -88.4797     -11.3455
     723    -105.9483       9.2842
     724     -84.1264       3.6178
     725     -93.7033      -3.5605
     726     -83.8457       6.9889
     727    -100.7522       0.1692
     728     -86.3796       2.0991
     729     -95.2947       0.8035
     730     -97.2460      18.0148
     731     -98.2925      22.3534
     732     -96.7566       7.2801
     733    -102.3087       6.3255
     734     -98.5639       6.0828
     735    -111.7365      12.1530
     736    -104.1374       2.3889
     737    -102.4721      16.2725
     738    -110.8752      14.1149
     739     -94.8231     -17.0426
     740     -77.0523      -3.5323
     741    -105.0055      16.6238
     742    -102.4064      -2.8819
     743     -96.1935       8.8889
     744    -108.7948       4.9575
     745     -86.5328     -13.0718
     746    -100.9056      14.7480
     747     -91.4312      16.8972
     748     -87.6538       5.5728
     749     -97.1150       8.3127
     750     -98.3917       1.0775
     751     -91.8544      10.6334
     752     -88.8407       6.3072
     753     -97.4187       9.7550
     754     -83.6916      13.9249
     755     -98.2991       8.7910
     756    -105.3217     -12.7448
     757     -83.5712       9.9335
     758    -103.1589      15.0831
     759     -90.7521      20.5191
     760    -109.5126       4.5898
     761     -82.0032       5.3984
     762     -87.3596      -5.6221
     763    -106.8480       2.5207
     764     -87.9174      12.1044
     765     -84.6261       7.5331
     766    -109.5657       9.5003
     767     -97.2222       6.7724
     768     -95.8968      -4.1180
     769    -110.3371       8.0286
     770     -84.8182       1.0563
     771    -113.3910      18.3323
     772    -108.2165      10.8493
     773    -105.1342       9.2961
     774     -85.2882      -9.1260
     775     -94.3711      -6.2426
     776     -87.8483      10.7856
     777    -102.7565       5.3191
     778     -90.3493      -3.5963
     779     -98.6016      14.3907
     780     -83.2158       8.0288
     781    -101.7318       4.9131
     782     -92.9478      -2.1230
     783     -93.9988       5.6581
     784     -94.0975       7.0385
     785    -109.1440       6.9259
     786     -87.9370       8.6870
     787     -98.7055       3.0484
     788     -96.7077      10.0611
     789     -88.2893      -6.4673
     790     -99.2437       8.4593
     791    -107.8489      -5.1477
     792     -85.6229      -1.3976
     793     -90.3195       4.4139
     794     -95.1332      -4.6446
     795    -109.9133       4.3591
     796     -92.7076       1.4700
     797     -92.7546       5.4266
     798     -93.3465      -2.5647
     799     -91.5113     -10.3527
     800     -85.3065      -1.2877
     801     -88.6918      -5.6018
     802    -101.9047       3.1454
     803    -113.4621      -0.7370
     804     -75.9207       3.2601
     805     -76.3874     -21.9125
     806     -81.8922      -8.1099
     807    -102.2853       6.2840
     808     -88.9717      -5.7316
     809     -99.9790      -7.3151
     810     -87.0367     -13.5876
     811    -101.9090       6.0582
     812     -81.0043       1.7841
     813    -117.3094      -3.1975
     814     -99.4472       5.8738
     815     -98.2017      -4.8384
     816    -110.2232      16.7580
     817     -98.9249      14.5747
     818    -104.9892      15.6148
     819     -94.7646      -0.3558
     820     -94.3586      10.1588
     821    -105.6256      -9.8431
     822     -97.1221      -2.0577
     823     -90.3371       0.0934
     824     -86.6361       7.7124
     825    -108.2971      14.2636
     826    -113.1089       8.5129
     827     -84.6171      -0.3873
     828     -96.9559      -0.0988
     829     -84.3807      -7.1421
     830     -98.9854      11.2278
     831    -115.0644       6.5214
     832     -98.0544       7.3767
     833     -93.9001       5.6007
     834     -86.3607      10.9680
     835    -111.8583      22.1837
     836     -99.3091      -5.8928
     837     -75.4582       1.9518
     838     -87.0163      15.4467
     839    -102.0735       3.1560
     840     -88.4016       6.6831
     841     -95.3607      11.3844
     842     -87.8383      -0.4300
     843     -81.9149       3.5311
     844     -86.9928       1.9168
     845     -97.9170       6.2277
     846     -90.4745       4.9120
     847     -94.4769       0.3616
     848    -108.3186      -0.5572
     849    -106.2865      18.7233
     850     -81.3513      11.1711
     851    -103.8100       6.0739
     852     -99.8287      13.4054
     853     -98.3144      12.7511
     854     -85.0747      -0.9773
     855     -86.3006       1.6964
     856     -91.6921      -0.9545
     857     -96.0258       4.7203
     858     -97.3857      -3.7710
     859    -112.1213      -1.3627
     860    -115.8475       6.4209
     861     -85.5331      -4.4446
     862    -101.2519      -2.2936
     863    -104.9393      -0.7088
     864    -103.9606      14.3299
     865     -82.2694      -3.7443
     866     -75.9885      -7.3734
     867     -96.7066       6.9270
     868    -105.5263      11.1505
     869     -93.2435       0.4794
     870     -84.2435      -8.7905
     871     -86.2870       1.1362
     872     -96.8076       4.1025
     873     -96.4227      -3.5370
     874     -98.4546       5.5243
     875     -94.6489       9.2374
     876     -90.2626       3.5572
     877     -81.6530      -3.6060
     878     -88.6423      -7.4155
     879     -90.5115       7.4892
     880     -86.9631       9.1374
     881    -100.7825       8.7967
     882     -94.0089      14.8649
     883    -100.3131       7.7762
     884     -96.8789       6.1390
     885     -93.0210       0.7518
     886     -92.2956      14.2595
     887    -103.7519      23.1569
     888     -99.2896       9.7281
     889    -103.3448      -7.2472
     890    -107.3097      10.5434
     891    -100.2698       8.0844
     892     -73.5233     -12.7327
     893     -81.3262       8.8785
     894    -105.6862       8.9163
     895     -95.0943      -3.9280
     896     -93.3947      10.7052
     897     -92.7924      -7.0327
     898    -108.0439       3.5838
     899    -103.4814       1.0617
     900     -80.0244      10.1991
     901     -95.9852       4.3364
     902     -97.2694       7.6808
     903     -96.4743      13.1296
     904     -79.5797      17.1535
     905     -95.9781      21.6913
     906     -87.4301      12.7092
     907    -102.0148      18.2015
     908    -103.8590       3.8255
     909    -103.7938       9.7387
     910     -97.9520      -7.8629
     911    -107.3947      -0.0647
     912     -93.2364       4.5414
     913     -80.6740       1.0791
     914    -100.0451      -5.0523
     915     -84.0111      10.7157
     916     -95.2727     -13.3285
     917     -99.2403      -3.6724
     918     -90.9150      -8.7828
     919     -93.0596      12.4477
     920     -85.7269       0.6467
     921    -105.3547      11.5103
     922     -77.5518      -0.4083
     923     -81.6107     -14.6133
     924     -90.4125      -1.9773
     925     -95.4492       8.6953
     926     -89.9754      -7.9371
     927     -91.3471       6.2259
     928     -87.5315      -5.2530
     929    -105.4224       7.7723
     930    -101.4923      12.7276
     931    -108.9374       2.1142
     932     -89.3915      -2.2949
     933     -85.8952       1.2883
     934     -96.2717      15.8944
     935     -94.3642      12.6025
     936     -94.0681      -8.9824
     937    -105.2164      10.4570
     938     -95.8503       5.5124
     939     -80.1768       2.5594
     940     -96.2087      -5.5259
     941     -92.0736      16.2048
     942    -100.9465      12.3686
     943     -97.4715       2.0993
     944     -82.9088      -0.4584
     945    -108.2351      13.6077
     946     -84.2472      -9.5025
     947    -107.1327       1.7486
     948    -102.4128      10.4001
     949    -104.2013      13.6123
     950     -91.5155       4.6676
     951     -93.8384      -3.9687
     952     -95.4780       2.4214
     953    -117.4014      -5.6472
     954    -116.3661       9.8907
     955     -93.1756      17.6779
     956    -106.0866       4.2885
     957     -91.1996      13.1341
     958     -88.4997       0.7898
     959     -83.5609       3.0529
     960     -82.3205       4.6703
     961    -111.8232       9.9033
     962     -99.1108      11.8909
     963    -112.5171      19.9499
     964     -81.2448      -1.4643
     965    -103.7384       1.6989
     966    -100.2846       2.8725
     967     -71.8622       7.1599
     968     -78.9669      -1.5405
     969     -74.9742       5.3179
     970     -99.7787      -2.5198
     971    -113.1828      19.0952
     972     -76.4926      -3.1357
     973    -107.7693       8.9590
     974     -92.0684       6.5902
     975     -84.1182       9.3644
     976     -79.6371      -6.9743
     977    -103.6519      -0.7892
     978     -91.0657      -0.0279
     979     -83.3799     -17.0222
     980     -76.6651     -10.7112
     981    -101.8112       4.0098
     982    -101.9663       4.0458
     983     -81.3011      11.7672
     984     -84.6336      -9.2048
     985     -98.0744      10.2202
     986     -83.0885      13.7419
     987     -88.4868      -7.9585
     988    -103.1850      -4.3828
     989    -103.1653       0.6439
     990    -106.4767      14.9964
     991     -81.4488       3.4797
     992    -102.1051     -12.6767
     993     -91.4892      -9.2527
     994    -111.6434      11.5522
     995    -110.9765      -0.5171
     996     -97.7793      -2.1066
     997     -91.7604       9.0752
     998    -103.7455       7.4204
     999     -91.9835       0.3355
    1000     -86.6271      -9.9482
