#Residue     Extended       Bridge         3-10        Alpha           Pi         Turn         Bend
       1       0.0000       0.0000       0.0000       0.0000       0.0000       0.0000       0.0000
       2       0.0040       0.0000       0.0000       0.0000       0.0000       0.0000       0.0000
       3       1.0000       0.0000       0.0000       0.0000       0.0000       0.0000       0.0000
       4       1.0000       0.0000       0.0000       0.0000       0.0000       0.0000       0.0000
       5       1.0000       0.0000       0.0000       0.0000       0.0000       0.0000       0.0000
       6       1.0000       0.0000       0.0000       0.0000       0.0000       0.0000       0.0000
       7       0.8230       0.0000       0.0000       0.0000       0.0000       0.0000       0.1770
       8       0.8230       0.0020       0.0000       0.0000       0.0000       0.0000       0.1750
       9       0.0000       0.0000       0.0360       0.0000       0.0000       0.8540       0.1100
      10       0.0000       0.0000       0.0360       0.0000       0.0000       0.9080       0.0560
      11       0.0000       0.0000       0.0360       0.0000       0.0000       0.8800       0.0840
      12       0.8230       0.0020       0.0000       0.0000       0.0000       0.0070       0.0000
      13       0.8230       0.0000       0.0000       0.0000       0.0000       0.0000       0.1770
      14       0.8230       0.0000       0.0000       0.0000       0.0000       0.0000       0.0790
      15       0.9980       0.0000       0.0000       0.0000       0.0000       0.0000       0.0000
      16       1.0000       0.0000       0.0000       0.0000       0.0000       0.0000       0.0000
      17       1.0000       0.0000       0.0000       0.0000       0.0000       0.0000       0.0000
      18       0.9990       0.0000       0.0000       0.0000       0.0000       0.0000       0.0000
      19       0.0010       0.0000       0.0000       0.0000       0.0000       0.0000       0.9560
      20       0.0000       0.0000       0.0000       0.0000       0.0000       0.0000       1.0000
      21       0.2070       0.0000       0.0000       0.0000       0.0000       0.0000       0.0000
      22       0.2070       0.7880       0.0000       0.0000       0.0000       0.0000       0.0000
      23       0.0000       0.0000       0.0000       0.0000       0.0000       0.0000       1.0000
      24       0.0000       0.0000       0.0000       0.0000       0.0000       0.0000       0.0000
      25       0.0000       0.0000       0.0000       0.0000       0.0000       0.0000       0.0030
      26       0.0000       0.0000       0.0420       0.0080       0.0000       0.9500       0.0000
      27       0.0000       0.0000       0.0420       0.0080       0.0000       0.9500       0.0000
      28       0.0000       0.0000       0.0420       0.0080       0.0000       0.9490       0.0010
      29       0.0000       0.0000       0.0000       0.0080       0.0000       0.0000       0.0250
      30       0.0000       0.0000       0.0000       0.0000       0.0000       0.0000       0.9550
      31       0.0000       0.0080       0.0000       0.0000       0.0000       0.0000       0.0550
      32       0.0000       0.0000       0.0000       0.0000       0.0000       0.0000       0.0000
      33       0.0000       0.0000       0.0000       0.0000       0.0000       0.0000       0.6670
      34       0.9890       0.0000       0.0000       0.0000       0.0000       0.0000       0.0010
      35       1.0000       0.0000       0.0000       0.0000       0.0000       0.0000       0.0000
      36       1.0000       0.0000       0.0000       0.0000       0.0000       0.0000       0.0000
      37       1.0000       0.0000       0.0000       0.0000       0.0000       0.0000       0.0000
      38       0.9870       0.0000       0.0000       0.0000       0.0000       0.0000       0.0060
      39       0.9870       0.0010       0.0000       0.0000       0.0000       0.0000       0.0120
      40       0.9870       0.0000       0.0000       0.0000       0.0000       0.0000       0.0130
      41       0.9900       0.0000       0.0000       0.0000       0.0000       0.0000       0.0000
      42       1.0000       0.0000       0.0000       0.0000       0.0000       0.0000       0.0000
      43       1.0000       0.0000       0.0000       0.0000       0.0000       0.0000       0.0000
      44       1.0000       0.0000       0.0000       0.0000       0.0000       0.0000       0.0000
      45       1.0000       0.0000       0.0000       0.0000       0.0000       0.0000       0.0000
      46       0.8290       0.0000       0.0000       0.0000       0.0000       0.0000       0.1710
      47       0.8290       0.0010       0.0000       0.0000       0.0000       0.0000       0.1700
      48       0.0000       0.0000       0.0310       0.0000       0.0000       0.8350       0.1340
      49       0.0000       0.0000       0.0310       0.0000       0.0000       0.9330       0.0360
      50       0.0000       0.0000       0.0310       0.0000       0.0000       0.9140       0.0550
      51       0.8290       0.0010       0.0000       0.0000       0.0000       0.0000       0.0000
      52       0.8290       0.0000       0.0000       0.0000       0.0000       0.0000       0.1710
      53       0.8290       0.0000       0.0000       0.0000       0.0000       0.0000       0.1400
      54       0.9980       0.0000       0.0000       0.0000       0.0000       0.0000       0.0000
      55       1.0000       0.0000       0.0000       0.0000       0.0000       0.0000       0.0000
      56       1.0000       0.0000       0.0000       0.0000       0.0000       0.0000       0.0000
      57       1.0000       0.0000       0.0000       0.0000       0.0000       0.0000       0.0000
      58       0.9870       0.0000       0.0000       0.0000       0.0000       0.0000       0.0000
      59       0.9870       0.0000       0.0000       0.0000       0.0000       0.0000       0.0130
      60       1.0000       0.0000       0.0000       0.0000       0.0000       0.0000       0.0000
      61       1.0000       0.0000       0.0000       0.0000       0.0000       0.0000       0.0000
      62       1.0000       0.0000       0.0000       0.0000       0.0000       0.0000       0.0000
      63       0.0000       0.0000       0.0000       0.0000       0.0000       0.0000       0.9230
      64       0.0000       0.0000       0.0000       0.0000       0.0000       0.0000       0.9910
      65       0.0000       0.0000       0.7550       0.0270       0.0000       0.1610       0.0570
      66       0.0000       0.0000       0.7910       0.0270       0.0000       0.1820       0.0000
      67       0.0000       0.0000       0.7910       0.0270       0.0000       0.1820       0.0000
      68       0.0000       0.0000       0.6100       0.0270       0.0000       0.3630       0.0000
      69       0.0000       0.0000       0.0000       0.0000       0.0000       1.0000       0.0000
      70       0.0000       0.0000       0.0000       0.0000       0.0000       0.0000       0.0010
      71       0.0000       0.0000       0.0000       0.0000       0.0000       0.0000       0.9220
      72       0.0000       0.0000       0.0000       0.0000       0.0000       0.0170       0.8710
      73       0.0000       0.0000       0.0000       0.0000       0.0000       0.0170       0.9760
      74       0.0000       0.0080       0.0000       0.0000       0.0000       0.0000       0.0460
      75       0.0000       0.0000       0.0000       0.0000       0.0000       0.0000       0.0000
      76       0.0000       0.0000       0.0000       0.0000       0.0000       0.0000       0.1350
      77       0.9970       0.0000       0.0000       0.0000       0.0000       0.0000       0.0000
      78       1.0000       0.0000       0.0000       0.0000       0.0000       0.0000       0.0000
      79       1.0000       0.0000       0.0000       0.0000       0.0000       0.0000       0.0000
      80       1.0000       0.0000       0.0000       0.0000       0.0000       0.0000       0.0000
      81       0.3320       0.0000       0.0000       0.0000       0.0000       0.0000       0.0000
      82       0.0000       0.0000       0.0000       0.0000       0.0000       0.0000       0.0000
      83       0.0000       0.0000       0.0000       0.0000       0.0000       0.0000       0.0000
      84       0.0000       0.0010       0.0000       0.0000       0.0000       0.0010       0.0000
      85       0.0000       0.0000       0.0000       0.0000       0.0000       0.0040       0.9850
      86       0.0000       0.0000       0.0000       0.0000       0.0000       0.0030       0.4800
      87       0.0030       0.0020       0.0000       0.0000       0.0000       0.0000       0.0000
      88       0.8600       0.0000       0.0000       0.0000       0.0000       0.0000       0.0000
      89       1.0000       0.0000       0.0000       0.0000       0.0000       0.0000       0.0000
      90       1.0000       0.0000       0.0000       0.0000       0.0000       0.0000       0.0000
      91       1.0000       0.0000       0.0000       0.0000       0.0000       0.0000       0.0000
      92       1.0000       0.0000       0.0000       0.0000       0.0000       0.0000       0.0000
      93       0.4650       0.0000       0.0000       0.0000       0.0000       0.0000       0.5350
      94       0.4650       0.0000       0.0000       0.0000       0.0000       0.0000       0.5350
      95       0.0000       0.0000       0.2510       0.0000       0.0000       0.4890       0.2600
      96       0.0000       0.0000       0.2510       0.0000       0.0000       0.6730       0.0760
      97       0.0000       0.0000       0.2510       0.0000       0.0000       0.6140       0.1350
      98       0.4650       0.0000       0.0000       0.0000       0.0000       0.0000       0.0000
      99       0.4650       0.0000       0.0000       0.0000       0.0000       0.0000       0.5350
     100       0.4650       0.0000       0.0000       0.0000       0.0000       0.0000       0.2830
     101       1.0000       0.0000       0.0000       0.0000       0.0000       0.0000       0.0000
     102       1.0000       0.0000       0.0000       0.0000       0.0000       0.0000       0.0000
     103       1.0000       0.0000       0.0000       0.0000       0.0000       0.0000       0.0000
     104       1.0000       0.0000       0.0000       0.0000       0.0000       0.0000       0.0000
     105       0.0000       0.0000       0.0000       0.0000       0.0000       0.0000       0.9940
     106       0.0000       0.0000       0.0000       0.0000       0.0000       0.0000       1.0000
     107       0.7670       0.0000       0.0000       0.0000       0.0000       0.0000       0.0000
     108       0.7670       0.2320       0.0000       0.0000       0.0000       0.0000       0.0000
     109       0.0000       0.0000       0.0000       0.0000       0.0000       0.0080       0.9920
     110       0.0000       0.0000       0.0000       0.0000       0.0000       0.0080       0.0150
     111       0.0000       0.0000       0.1480       0.6290       0.0000       0.0080       0.2130
     112       0.0000       0.0000       0.1590       0.6480       0.0000       0.1930       0.0000
     113       0.0000       0.0000       0.1590       0.6480       0.0000       0.1930       0.0000
     114       0.0000       0.0000       0.0140       0.6480       0.0000       0.3310       0.0070
     115       0.0000       0.0000       0.0000       0.0910       0.0000       0.1240       0.0470
     116       0.0000       0.0000       0.0000       0.0000       0.0000       0.0870       0.8480
     117       0.0000       0.0000       0.0000       0.0000       0.0000       0.0870       0.0020
     118       0.0000       0.0000       0.0000       0.0000       0.0000       0.0000       0.0690
     119       0.0000       0.0370       0.0000       0.0000       0.0000       0.0000       0.0620
     120       0.0000       0.0000       0.0000       0.0000       0.0000       0.0000       0.0000
     121       0.0000       0.0000       0.0000       0.0000       0.0000       0.0000       0.0240
     122       1.0000       0.0000       0.0000       0.0000       0.0000       0.0000       0.0000
     123       1.0000       0.0000       0.0000       0.0000       0.0000       0.0000       0.0000
     124       1.0000       0.0000       0.0000       0.0000       0.0000       0.0000       0.0000
     125       0.9840       0.0000       0.0000       0.0000       0.0000       0.0000       0.0000
     126       0.7620       0.0000       0.0000       0.0000       0.0000       0.0000       0.0790
     127       0.7620       0.1000       0.0000       0.0000       0.0000       0.0000       0.1380
     128       0.0010       0.0000       0.0000       0.0000       0.0000       0.0000       0.9860
     129       0.0050       0.0000       0.0000       0.0000       0.0000       0.0000       0.0000
     130       1.0000       0.0000       0.0000       0.0000       0.0000       0.0000       0.0000
     131       1.0000       0.0000       0.0000       0.0000       0.0000       0.0000       0.0000
     132       1.0000       0.0000       0.0000       0.0000       0.0000       0.0000       0.0000
     133       1.0000       0.0000       0.0000       0.0000       0.0000       0.0000       0.0000
     134       0.6680       0.0000       0.0000       0.0000       0.0000       0.0000       0.3320
     135       0.6680       0.0000       0.0000       0.0000       0.0000       0.0000       0.3320
     136       0.0000       0.0000       0.1060       0.0000       0.0000       0.6630       0.2310
     137       0.0000       0.0000       0.1060       0.0000       0.0000       0.8140       0.0800
     138       0.0000       0.0000       0.1060       0.0000       0.0000       0.7810       0.1130
     139       0.6680       0.0000       0.0000       0.0000       0.0000       0.0000       0.0000
     140       0.6680       0.0000       0.0000       0.0000       0.0000       0.0000       0.3320
     141       0.6680       0.0000       0.0000       0.0000       0.0000       0.0000       0.1490
     142       0.9990       0.0000       0.0000       0.0000       0.0000       0.0000       0.0000
     143       0.9990       0.0000       0.0000       0.0000       0.0000       0.0000       0.0000
     144       0.9990       0.0000       0.0000       0.0000       0.0000       0.0000       0.0000
     145       0.9950       0.0010       0.0000       0.0000       0.0000       0.0000       0.0000
     146       0.0000       0.0000       0.0000       0.0000       0.0000       0.0000       0.0000
     147       0.0000       0.0000       0.0000       0.0000       0.0000       0.0000       1.0000
     148       0.8270       0.0000       0.0000       0.0000       0.0000       0.0000       0.1580
     149       0.9850       0.0000       0.0000       0.0000       0.0000       0.0000       0.0000
     150       0.9850       0.0090       0.0000       0.0000       0.0000       0.0000       0.0000
     151       0.0000       0.0000       0.0000       0.0000       0.0000       0.0000       0.7330
     152       0.0000       0.0000       0.0000       0.0000       0.0000       0.0000       0.9980
     153       0.0000       0.0000       0.7620       0.1160       0.0000       0.1190       0.0030
     154       0.0000       0.0000       0.7640       0.1160       0.0000       0.1200       0.0000
     155       0.0000       0.0000       0.7640       0.1160       0.0000       0.1200       0.0000
     156       0.0000       0.0000       0.3630       0.1160       0.0000       0.5210       0.0000
     157       0.0000       0.0000       0.0000       0.0000       0.0000       0.9980       0.0000
     158       0.0000       0.0000       0.0000       0.0000       0.0000       0.0000       0.0000
     159       0.0000       0.0000       0.0000       0.0000       0.0000       0.0000       0.9960
     160       0.0000       0.0000       0.0000       0.0000       0.0000       0.0000       0.9980
     161       0.0000       0.0000       0.0000       0.0000       0.0000       0.0000       0.8310
     162       0.0000       0.0370       0.0000       0.0000       0.0000       0.0000       0.0000
     163       0.0000       0.0000       0.0000       0.0000       0.0000       0.0000       0.0000
     164       0.0000       0.0000       0.0000       0.0000       0.0000       0.0000       0.2420
     165       0.9990       0.0000       0.0000       0.0000       0.0000       0.0000       0.0000
     166       1.0000       0.0000       0.0000       0.0000       0.0000       0.0000       0.0000
     167       1.0000       0.0000       0.0000       0.0000       0.0000       0.0000       0.0000
     168       0.9990       0.0000       0.0000       0.0000       0.0000       0.0000       0.0000
     169       0.0050       0.0000       0.0000       0.0000       0.0000       0.0000       0.0230
     170       0.0000       0.0010       0.0000       0.0000       0.0000       0.0000       0.0010
     171       0.0000       0.0000       0.0000       0.0000       0.0000       0.0000       0.0500
     172       0.0000       0.0030       0.0000       0.0000       0.0000       0.0000       0.0000
     173       0.0000       0.0000       0.0000       0.0000       0.0000       0.0000       0.0000
