#Frame        phi:121      psi:121
       1    -121.0599      -4.5716
       2    -124.9631       5.6569
       3    -119.9980       5.3397
       4    -124.3916      -6.8268
       5    -131.2364      -0.0833
       6    -109.5779      -2.2107
       7    -128.8840      -0.9965
       8    -112.4162      -8.7306
       9    -101.5643      -1.2249
      10    -110.5438       3.8892
      11    -104.8429      -7.0209
      12    -122.7874      12.5642
      13     -94.4486     -16.4440
      14    -104.1311     -25.7535
      15    -127.1761     -12.7303
      16    -110.0816     -13.1076
      17     -96.9081     -33.4796
      18    -113.5332      -7.9809
      19     -95.4386     -17.3354
      20    -106.0949     -20.9178
      21    -110.3648      -2.8145
      22    -101.8458       3.7871
      23    -121.4213     -22.8593
      24    -101.0758      -8.2917
      25    -126.2042      -0.6729
      26    -132.4435      -5.9661
      27    -102.3381     -24.6919
      28    -110.3040     -21.3264
      29    -106.4050     -29.4941
      30    -122.7815      -9.6192
      31    -120.7101     -12.6014
      32     -99.7117     -13.8314
      33    -103.1586     -24.1552
      34     -88.9042     -25.5877
      35    -114.1958     -17.0651
      36     -84.3776     -19.0471
      37    -111.3118     -15.2634
      38     -97.6726       2.2568
      39    -107.1014      -2.0799
      40    -122.3318      -3.1077
      41    -113.6902     -18.0552
      42    -109.2977     -10.7795
      43     -79.4947     -40.0209
      44     -97.1929     -12.0326
      45     -85.5306     -20.0142
      46    -113.0546     -13.3624
      47    -124.5783       1.6184
      48     -97.2608     -35.2964
      49    -119.8846      11.8995
      50     -99.3570      -2.9550
      51     -94.6435      -5.1984
      52    -110.2359     -13.0074
      53    -108.3831     -25.0189
      54     -92.6960     -30.9067
      55    -101.0569     -13.5788
      56    -104.1184     -17.0219
      57     -95.7856     -20.4777
      58     -92.7976     -18.2415
      59    -105.7608     -33.8023
      60    -102.3195     -29.3556
      61    -100.0477     -10.7774
      62    -129.7815     -18.1831
      63    -103.3839      -4.7461
      64    -132.0789       0.6381
      65     -99.7474      -3.7310
      66    -103.1147       0.6998
      67    -134.3130     -11.3661
      68    -108.0055       2.3433
      69    -120.0092     -16.0126
      70    -126.8068     -30.1181
      71    -115.7908      -6.2814
      72     -95.1788     -18.4350
      73    -113.0698     -32.8837
      74    -109.5168     -30.9018
      75    -127.9075     -17.3896
      76     -98.9293     -11.5799
      77    -100.3555     -19.4035
      78    -127.1295       0.6018
      79    -115.9403      -6.3947
      80    -122.7671       2.9352
      81    -109.9573     -12.5935
      82    -101.7421      -0.2634
      83    -129.7913      -6.2172
      84    -110.5205      -4.3203
      85     -95.4312     -23.4856
      86    -111.4675     -13.4738
      87     -93.1870     -20.0171
      88    -117.9358      -6.5904
      89    -115.9839     -19.2055
      90    -108.7321     -21.9336
      91    -124.5574      -4.0557
      92    -100.7976     -28.0490
      93    -112.1041     -20.3809
      94    -127.4932     -11.8409
      95    -105.6313     -28.6589
      96     -93.4095     -23.0630
      97    -107.8677     -22.9406
      98    -117.0903     -19.5757
      99    -115.9042     -17.6306
     100    -109.6698     -30.6074
     101    -102.3102     -13.3616
     102    -121.7881     -28.9232
     103    -146.8881      -7.0126
     104    -104.6201     -10.8434
     105    -105.0274     -12.7721
     106    -112.6507     -19.9688
     107    -111.7374       5.4776
     108    -103.6307     -32.1030
     109    -108.5286     -12.8989
     110    -121.1853     -24.9236
     111     -98.5738     -19.3870
     112     -98.6864     -27.6555
     113    -114.4189     -19.5522
     114     -99.0482     -23.8198
     115    -120.4237      -5.0270
     116    -125.2858     -16.0333
     117    -105.4695      -3.1736
     118    -108.0684     -11.3639
     119    -118.6434     -31.1219
     120    -107.1519     -22.5430
     121    -107.4876      -7.8219
     122    -105.9955      -9.1810
     123    -134.2811     -19.5343
     124    -104.8848     -17.1434
     125     -93.2771     -25.8039
     126    -116.6443      -1.1390
     127     -97.4258     -23.7672
     128    -106.9943     -23.3381
     129    -113.3417     -13.1043
     130    -109.7523     -34.6125
     131    -111.8189     -30.4954
     132    -106.8049      -8.4109
     133    -120.9066     -10.3355
     134     -94.6408      -0.3763
     135     -99.0670     -14.7968
     136    -108.5658     -10.9745
     137    -126.6165      -9.9222
     138    -123.9046     -26.0681
     139    -116.7642     -11.5559
     140    -112.4694     -12.0103
     141    -108.3585      -4.6612
     142    -101.2686     -32.5573
     143    -134.8835      -6.1717
     144    -130.1144     -15.1172
     145    -126.5632     -12.3676
     146    -111.4406      -4.8683
     147    -101.0938     -12.4521
     148    -108.8573     -21.7095
     149    -118.2832      -4.5124
     150    -121.6479     -17.8492
     151    -123.8470     -34.6113
     152    -105.3303      -8.7645
     153    -106.1070     -13.3836
     154    -108.5176     -19.2968
     155    -105.6829     -18.2121
     156    -101.4107     -13.0438
     157    -115.6058     -35.2112
     158    -111.3413      -6.5515
     159    -120.8157     -21.9324
     160    -113.6541     -11.0858
     161    -101.4120     -25.3669
     162     -93.9977     -31.3657
     163    -115.3433      -7.2442
     164    -116.6823     -10.1989
     165    -102.0658     -26.9071
     166    -122.7393       0.4778
     167    -116.6943     -35.4826
     168    -122.4815     -28.8485
     169    -124.8763      -7.9483
     170     -95.1464      -9.4098
     171     -99.1810      -3.6852
     172    -100.5110     -35.0656
     173    -126.1175     -17.9901
     174    -113.8014     -16.6858
     175    -119.8882     -15.2783
     176    -131.5012      -4.9889
     177    -100.3255     -36.0605
     178    -110.6657     -13.1738
     179    -108.1517      -0.1301
     180    -110.5980      -9.7249
     181    -103.8211     -18.3370
     182    -132.0193     -17.5127
     183    -116.8322     -26.7085
     184    -121.0230     -14.5856
     185    -116.5883     -30.1519
     186    -113.9687     -15.4549
     187    -110.7710     -25.6083
     188    -115.4529     -15.3381
     189    -111.8758      -8.8308
     190    -109.9337     -26.6180
     191    -110.8428     -16.1664
     192    -105.3830     -37.1037
     193    -125.7558     -32.7840
     194     -92.6821      -2.2198
     195    -119.1207     -14.8232
     196    -123.4260      -5.9791
     197    -104.5891     -18.8567
     198     -98.5956     -31.7413
     199     -83.3731     -10.9740
     200    -130.7333      -9.1316
     201     -95.7352     -15.3630
     202    -113.0987     -15.5708
     203    -122.8204      -7.8129
     204    -102.7601     -11.8228
     205    -134.8513      -5.5023
     206    -104.2422      -2.4008
     207     -92.6579     -10.0954
     208    -107.4667     -23.8363
     209    -104.2362     -25.3077
     210    -113.8780      -2.7258
     211    -113.0007      -9.0851
     212     -93.2000     -11.9649
     213     -98.5552     -13.9202
     214    -108.0353       1.3634
     215    -111.7690     -12.0338
     216    -110.2299     -10.8489
     217    -105.0299     -25.4249
     218    -120.4376     -15.5345
     219     -94.7679     -14.1607
     220     -99.7308     -12.1930
     221    -108.2749     -18.3974
     222    -115.2129      -1.0095
     223    -131.4902      -9.6435
     224    -111.7059     -21.9158
     225     -99.8676      -5.1129
     226    -107.6622     -30.5768
     227     -98.8106     -18.6157
     228    -106.3479     -27.9784
     229    -105.4064     -36.0333
     230    -113.4359      -6.7857
     231    -125.1280     -18.4929
     232    -104.8311     -35.9942
     233    -111.9712     -10.2362
     234     -91.4475      -7.9258
     235     -95.4489     -28.4692
     236    -127.8716     -11.3944
     237    -101.6877       1.4728
     238    -102.9565     -33.0342
     239     -88.4354     -17.1313
     240    -111.6701     -18.2399
     241    -100.0413     -34.6752
     242    -113.6379     -19.8572
     243    -123.4757      -8.2669
     244    -114.4611      -1.3212
     245    -112.3545     -30.3304
     246     -99.9888     -22.5542
     247    -103.6090     -28.3445
     248    -115.4569     -13.2987
     249    -101.0248      -7.4011
     250    -113.4777      -7.9671
     251    -106.0938     -32.4752
     252    -107.7549     -19.4053
     253    -120.5002     -19.0671
     254    -104.7917      -3.7568
     255    -112.9591     -19.8867
     256    -117.6143     -12.4617
     257    -102.0361     -19.2877
     258    -123.9519       4.6854
     259    -108.3146     -13.9081
     260    -120.6644     -18.4592
     261    -112.5168     -46.1077
     262    -111.1777      -3.2311
     263    -107.6977      -9.0940
     264    -115.8093     -15.7789
     265     -96.5207     -24.3297
     266     -99.4536      -3.1045
     267    -131.3745     -13.1428
     268    -123.9812      -4.9025
     269     -86.7613     -38.0039
     270    -128.5693      -4.8872
     271    -116.8975      -3.6127
     272    -102.6553      -8.3434
     273    -107.5361     -27.8411
     274     -91.3604     -26.3309
     275    -102.8269     -11.5884
     276     -97.9859      -5.3737
     277    -104.3002     -18.2919
     278    -103.6578     -17.0418
     279    -105.6310     -12.6597
     280    -113.5428     -15.5123
     281    -117.1122     -26.3968
     282    -111.7587      -3.0883
     283    -138.3421      -3.5676
     284    -101.1620     -15.8896
     285     -96.2089     -27.4597
     286    -117.7601      -3.7030
     287    -123.7864       1.1656
     288     -98.8822     -25.6584
     289    -114.7705       6.3020
     290     -98.3036     -28.4661
     291    -112.1172     -14.6479
     292    -120.5730      -9.0104
     293    -112.0810      -1.4788
     294    -101.9660      -3.5741
     295    -111.0552     -21.0658
     296    -110.9382       1.2593
     297     -99.3994     -16.8304
     298    -100.8041     -32.0741
     299    -119.5243     -15.0809
     300     -99.5678     -26.1972
     301     -99.6137       1.6423
     302    -110.0688     -14.4200
     303    -122.2873      -7.7229
     304     -97.1724     -13.1124
     305    -123.8502      -4.6598
     306    -101.9707     -11.5874
     307    -102.4391     -22.8036
     308    -106.6382     -18.4004
     309     -86.3248     -18.6364
     310    -102.2202     -24.4583
     311    -111.6623     -19.0336
     312    -116.6578      -3.0087
     313    -117.7536     -18.7962
     314    -121.5852     -15.7084
     315    -126.7318     -18.7406
     316    -112.4401     -26.2628
     317    -101.1902     -12.6717
     318    -106.0853     -31.5798
     319    -123.5245     -34.7627
     320    -116.1058     -19.8872
     321    -105.4971     -33.0204
     322    -106.2689     -11.2834
     323    -107.8437     -32.0635
     324    -125.0966     -14.1892
     325    -110.1219       5.6407
     326     -99.7038     -29.6242
     327    -102.3823     -26.9878
     328    -104.5337      -6.7742
     329    -132.8865     -11.1227
     330    -107.8771       7.0095
     331    -111.6581      -4.9047
     332    -111.9519      -5.6975
     333     -96.5943     -11.3189
     334     -98.5736     -29.1397
     335    -102.2526     -16.7552
     336    -122.1444     -10.7299
     337    -128.7399       3.6651
     338     -96.1122     -33.8151
     339     -92.1269     -11.7403
     340    -102.2498     -19.8837
     341    -104.3809      -0.5433
     342    -102.9712     -18.5333
     343    -104.8646      -8.1625
     344    -130.3230      -5.7796
     345     -96.7033     -15.8643
     346     -95.1739     -15.3132
     347    -113.4404     -11.9952
     348    -103.1568     -23.2486
     349     -97.0153     -10.4696
     350    -113.0515     -12.8232
     351    -128.0718     -21.0785
     352    -127.4956      -4.7620
     353    -120.5419     -21.6822
     354    -122.4276     -14.4263
     355    -140.5740      -3.6812
     356    -109.3105     -18.5028
     357    -128.9804     -16.0798
     358     -98.5288     -11.7939
     359    -118.1060     -24.9485
     360    -115.1743      -7.8447
     361    -116.9596     -19.8608
     362    -113.1792     -25.6756
     363    -105.3685     -22.3098
     364     -81.6060     -10.8802
     365    -124.6152     -32.3006
     366     -96.1008      -9.8829
     367    -115.4591     -10.9442
     368    -101.4469     -23.5502
     369    -109.0474      -9.4617
     370    -105.2105     -20.8526
     371    -121.9778     -35.6574
     372    -112.9150     -20.8939
     373     -93.9740     -32.4383
     374    -118.5475     -31.7990
     375    -138.5484      -3.3661
     376    -113.4529      -8.8460
     377    -102.9773     -12.7418
     378     -98.3846     -21.4919
     379    -111.8985      -8.5703
     380    -113.6035     -18.0095
     381    -108.0986     -13.1054
     382    -128.8613      -8.5962
     383    -113.1057     -31.9666
     384    -112.1070     -14.4709
     385    -116.9939      -5.8278
     386    -109.7005       2.8756
     387    -113.1663      -1.6445
     388    -119.9813      -7.2753
     389     -99.5781     -26.0422
     390    -108.9297     -31.2246
     391    -119.4832      -1.6646
     392     -96.1035     -18.5086
     393     -93.5755     -23.9316
     394    -110.3764      -4.1693
     395    -114.6225     -23.2773
     396    -116.4942     -23.2195
     397    -104.5723     -29.4188
     398     -89.9935     -15.4871
     399    -115.4927     -18.6408
     400    -101.7243     -32.3202
     401    -119.7381      -8.6988
     402     -94.7026     -30.9562
     403    -105.5960     -14.6161
     404    -103.0560       0.8186
     405     -96.4124     -32.2464
     406    -101.8964      -5.7150
     407    -139.4804       7.7660
     408     -93.1503     -18.8140
     409    -126.5856      -6.7157
     410    -135.7949      -6.5315
     411    -123.1768      -0.3728
     412    -103.9103     -21.0698
     413     -94.5650     -26.5304
     414    -124.2775     -10.3482
     415    -103.7396      -8.9596
     416    -105.7614     -14.1846
     417    -106.9597     -15.0345
     418    -112.7034     -18.1156
     419     -89.3751     -18.6703
     420     -97.3895     -13.0827
     421    -104.6864     -21.6100
     422    -107.0528       2.8198
     423    -100.8929     -11.0950
     424    -106.2794     -14.4019
     425     -97.5083     -13.8723
     426    -101.0718     -17.6158
     427    -114.2940      -3.7409
     428    -115.6841     -10.4532
     429    -104.4550     -27.4883
     430    -126.0924      -9.2421
     431    -116.6758     -21.3211
     432    -128.9729      -2.5164
     433    -113.8705       0.2717
     434    -114.3820     -10.2408
     435    -117.7437     -13.3524
     436    -149.9055     -12.3594
     437    -126.1878      -6.7175
     438    -144.2156       3.2183
     439    -100.3224      -7.2592
     440    -136.7361      -4.7216
     441    -121.1492       1.1271
     442    -137.4477       7.1005
     443    -128.1564     -10.3929
     444    -145.3899       2.9125
     445    -123.1680      -4.3968
     446    -121.5317      -1.6434
     447    -122.3338       2.9103
     448    -120.9074      -4.6069
     449    -129.4913       0.7315
     450    -100.9795     -19.6695
     451    -119.8262      -7.0056
     452    -112.9032     -19.4783
     453    -107.6838     -15.0436
     454    -111.7483     -32.8004
     455    -102.4113      -9.9431
     456    -113.6189       2.2477
     457    -103.5738      -5.8863
     458    -112.6526     -22.9990
     459    -101.6595     -12.5001
     460    -144.5316     -23.1952
     461     -92.8979     -17.1562
     462    -117.0809       5.9987
     463    -136.2773     -41.6792
     464    -134.9434      -6.4788
     465    -132.7650     -20.4544
     466    -103.4691      -9.1714
     467    -129.5414     -37.9623
     468    -115.0544     -14.5291
     469    -127.6345       7.2612
     470    -119.4480      -3.1427
     471     -96.2711     -11.8154
     472    -143.8189      12.0770
     473    -123.8542      -7.5876
     474    -135.3541      -1.9622
     475    -120.5555      -5.2951
     476    -104.3491     -17.3022
     477    -106.9443     -11.8338
     478    -128.6910       3.2132
     479     -84.3313     -18.3526
     480    -121.9461      -3.6825
     481    -128.4268       3.7562
     482    -129.9774     -11.5680
     483    -132.6874     -17.3365
     484    -117.9338      -9.5183
     485    -127.8609      -7.5176
     486    -134.6115       0.5375
     487    -129.5178      -6.9978
     488    -140.9090     -10.1830
     489    -121.2717      -8.2426
     490    -136.9253      -6.5418
     491    -116.2011      -3.0302
     492     -85.5983     -20.2812
     493    -134.0618      16.5981
     494    -124.9733      -5.1583
     495    -118.9859      -5.9049
     496    -101.5967     -17.7775
     497    -104.9696     -25.4431
     498    -106.9283      -4.0590
     499    -109.5265     -10.7946
     500     -82.6737      -8.2680
     501    -117.3919     -14.3400
     502     -92.7485      -0.6687
     503    -104.0806     -11.0702
     504    -107.5477     -21.7883
     505    -123.2577      -1.1446
     506    -101.5551     -22.1731
     507    -115.3617     -21.1176
     508    -107.6822      -8.4155
     509     -79.2215     -20.8108
     510    -108.0013     -18.3343
     511    -113.1268     -10.4835
     512    -107.4405     -13.1654
     513    -127.7646     -16.5458
     514     -98.0601     -21.6109
     515     -88.9289     -11.9576
     516    -110.1450       1.1165
     517    -115.8398      -3.8137
     518    -107.6422     -18.8019
     519    -114.5145       3.7870
     520    -130.6258      -2.4091
     521    -120.4551     -17.5372
     522    -132.5020      -1.0732
     523     -94.3999     -16.4021
     524    -109.5633     -15.5412
     525    -125.1706     -20.2164
     526     -99.8666      -6.6934
     527    -121.6676       4.0134
     528    -133.9188     -13.8607
     529    -104.3551     -15.5384
     530    -117.2394     -15.6925
     531    -127.5134      -7.9700
     532    -121.4675     -12.3384
     533    -125.6323       5.4182
     534    -143.8121      -6.7436
     535    -134.6234     -11.1730
     536    -130.6291      -1.6545
     537    -103.1534     -13.6940
     538    -141.0437      -5.1026
     539    -136.5086     -16.3211
     540    -131.0726     -19.1205
     541    -129.7933      -4.1187
     542    -123.3748       1.8589
     543    -120.6119      -1.3190
     544    -115.0626       3.8578
     545    -131.7447      -8.0417
     546    -140.1891       7.3749
     547    -130.4619      -3.9277
     548    -146.8574      -8.6853
     549    -147.4385      10.7691
     550    -101.9694       0.0066
     551    -110.4652       4.5046
     552     -94.6411       1.5139
     553    -116.3427      -4.7810
     554    -105.1559       5.5108
     555     -94.8608     -17.9903
     556    -113.5294      -5.8959
     557    -132.3919       0.1160
     558    -133.4450      -5.5350
     559     -95.4994      -4.4124
     560    -129.3562       2.4193
     561    -136.4999       7.9473
     562     -96.0438       1.8141
     563     -88.9204      -8.4985
     564    -120.2322       2.8197
     565    -101.9637     -15.6236
     566    -119.5044     -12.5564
     567    -125.7242      -1.8927
     568    -127.0312       9.5215
     569    -129.4890      -9.9215
     570    -111.0532       0.5066
     571    -122.1391      -5.6758
     572     -79.1700      -9.2639
     573    -138.3115      11.2534
     574     -91.7151      -3.7929
     575     -92.8896      -4.9117
     576    -110.7121     -14.3426
     577     -98.4603      -7.1860
     578    -102.5350     -12.2091
     579     -92.7459      -3.1666
     580    -123.3131       7.1469
     581    -120.7913     -15.3444
     582    -142.6043      -6.8812
     583    -127.8083      -4.2394
     584    -108.6396       0.2359
     585    -113.3380       1.1517
     586     -86.4453      -0.0526
     587    -106.9128     -19.6128
     588     -88.9555     -14.2432
     589    -111.0531      -6.2981
     590    -114.8433       0.5815
     591    -133.8455       3.7087
     592    -121.0551      -9.9444
     593    -124.9562     -11.1564
     594    -124.1140      11.4573
     595    -128.6183      -1.4921
     596    -123.0626     -17.3004
     597    -129.7445      -3.5826
     598    -126.1212       5.9991
     599    -139.7899       3.5689
     600    -122.3281     -18.0766
     601    -148.4294       2.0124
     602    -139.2638       5.9596
     603    -137.3549      13.7981
     604    -123.9784      -7.0599
     605    -140.1462       8.5112
     606    -130.5247      -0.9526
     607    -121.5934       1.1701
     608    -125.7094       0.6524
     609    -106.2537      -7.3171
     610    -114.8446       2.2901
     611    -121.7932       0.8617
     612    -132.9704     -14.8685
     613    -139.6273      -3.9169
     614    -123.7209      15.0763
     615    -129.8520      -8.2256
     616    -128.1965       0.1770
     617    -133.4691       5.4383
     618    -135.4932       5.3921
     619    -121.2769      -6.9589
     620    -115.2419     -10.3007
     621    -148.0993      -3.8495
     622    -138.9408       2.9654
     623    -127.9779      -2.8303
     624    -132.9812      -5.4104
     625    -129.2584     -11.3069
     626     -95.7927      -9.6877
     627    -108.6121      -8.2931
     628    -108.3087     -14.9463
     629    -101.2799      -9.3583
     630    -123.0584       2.0336
     631    -123.8978      -9.2903
     632    -143.4868       3.6575
     633    -112.4168      -0.6047
     634    -108.3277       8.1722
     635    -107.3646      -2.7241
     636    -122.1872       1.2848
     637    -140.0467       5.8993
     638    -123.1511     -14.6191
     639    -133.2016      10.3365
     640    -136.8898     -12.7933
     641    -124.4183       7.1053
     642     -99.3837      -5.0253
     643    -105.9266       0.0081
     644    -132.6222      -8.9962
     645     -97.5415       2.1032
     646    -102.7526     -12.4430
     647    -113.1623     -10.0819
     648     -98.3778     -15.4999
     649     -99.5870       2.7269
     650     -94.7773     -16.0195
     651     -96.3202      -6.4364
     652     -96.9741      -5.4917
     653    -100.8508     -13.9520
     654    -106.5355      -1.2166
     655    -104.7254      -3.4269
     656    -110.4674      -6.1828
     657    -112.8413     -10.3028
     658    -122.5408     -20.5334
     659    -130.2576       4.5683
     660    -123.1794       2.6848
     661    -104.5836       1.1851
     662    -156.9686       1.4525
     663    -123.8475      -6.4531
     664    -114.0740       2.4529
     665    -132.2450       1.5651
     666    -120.3768      -1.1539
     667    -137.9016       3.2617
     668    -144.6525       7.2182
     669    -125.4717      -4.3669
     670    -141.2359      -2.0713
     671    -117.1136       7.3316
     672    -121.4290       1.7346
     673    -145.0345       3.3111
     674    -117.2615      -0.7843
     675    -133.5984      -0.5914
     676    -123.1552       4.1904
     677    -115.1559      -8.7977
     678    -127.6874      15.5950
     679    -129.8784       3.9016
     680    -143.0486       8.8424
     681    -139.4137      -3.8222
     682    -113.5140      -1.4023
     683    -106.9875     -10.1031
     684    -143.5265      11.7070
     685    -114.9684     -19.1496
     686    -125.4834      -4.3417
     687    -127.4093       2.5348
     688    -128.3653     -11.6921
     689    -138.5749       4.6643
     690    -143.1220       9.1472
     691    -111.8504       1.2725
     692    -120.8393      -5.5891
     693    -108.5840      -8.1116
     694    -101.7632     -20.4909
     695    -103.8095      -8.8411
     696    -125.4164      -5.2272
     697    -118.2084      -2.7859
     698    -121.5264      -0.8453
     699    -117.8308      -0.7641
     700    -126.6928      21.7201
     701    -122.1478      -0.8913
     702    -133.0523      -3.4937
     703    -109.6489     -10.9246
     704    -149.2642     -12.4194
     705    -137.0603       5.3578
     706    -128.2441      -1.5597
     707    -140.1325      16.4470
     708    -138.5276      -8.0842
     709    -125.4144      -5.6241
     710    -149.4411       2.7663
     711    -150.1776      -5.8980
     712    -125.8391     -18.9953
     713    -141.0168       5.1271
     714    -134.8872      -9.1098
     715    -126.9915      14.6502
     716    -113.1897     -13.2454
     717    -137.7981       2.9461
     718    -131.0015      -2.6257
     719    -133.5179       2.6989
     720    -137.9639       3.4448
     721    -115.7628       3.9298
     722    -140.6774      10.8203
     723    -142.1493       7.3080
     724    -154.0197       3.1950
     725    -138.4223      11.1141
     726    -147.0396       5.1424
     727    -107.8847     -14.3921
     728    -151.3971      -9.8145
     729    -110.3063      -4.3355
     730    -114.5726      -8.7955
     731    -124.7912       4.7543
     732    -130.8403       0.0748
     733    -124.0978       1.4442
     734    -102.4651       2.1166
     735    -116.4599       0.5529
     736    -103.9319       2.2478
     737    -127.3440     -18.6379
     738    -128.4124     -12.3960
     739     -86.8210     -11.3906
     740    -119.5782       7.8022
     741    -127.3790       0.9795
     742    -123.1605       1.9622
     743    -105.6546     -13.3345
     744    -127.6651      -7.5267
     745    -150.7563      14.4381
     746    -136.7920       4.1372
     747    -121.2851      -7.2424
     748    -127.2297      -8.1791
     749    -133.7154      -3.1852
     750    -134.7636      -1.1164
     751    -126.4557     -13.4099
     752    -137.8445       1.9076
     753    -140.7872      -4.7501
     754    -120.3877      16.9754
     755    -144.8594      15.6552
     756    -133.6789       3.9823
     757    -117.2637       3.2100
     758    -129.1477      -5.5748
     759    -116.2528       6.6817
     760    -112.3692     -12.8564
     761    -125.3544       4.0003
     762    -135.5221       1.1475
     763    -149.0518       7.0695
     764    -160.0483      -1.5227
     765    -147.0022       6.0268
     766    -139.7386       6.7718
     767    -118.1295      -9.9332
     768    -143.3722       0.4800
     769    -146.5739      15.0919
     770    -123.8232      16.5988
     771    -127.8246       6.6592
     772    -126.1861       5.5726
     773    -143.4541       1.7091
     774    -107.6572      -3.4353
     775    -112.0647       0.8426
     776    -139.8428       2.0245
     777    -129.6507       1.7125
     778    -112.8240       0.1841
     779    -142.7690      -1.1774
     780    -124.9768       3.3267
     781    -113.2753      -5.9722
     782    -122.5280      11.4052
     783    -122.9516       2.2500
     784    -102.1731     -11.4787
     785    -127.0891       4.5790
     786     -96.6948     -11.4819
     787    -114.0692      -6.7944
     788    -112.4565      12.9763
     789    -115.4704       9.9395
     790    -120.2218      -7.5060
     791    -126.1241       4.7077
     792    -109.5301     -12.3261
     793    -109.4737      -3.2644
     794     -96.3713      -8.6892
     795    -104.0195      -7.9258
     796    -117.5681     -10.3814
     797    -109.4087      -1.5105
     798    -108.5371      -8.3208
     799    -109.7437      -4.6590
     800    -121.9149     -14.5707
     801    -119.7937     -15.7125
     802    -125.2096     -15.0519
     803    -119.6790      -1.8213
     804    -113.3880     -21.2405
     805    -121.3446     -14.8033
     806    -109.5211      -6.0439
     807    -111.6445      -3.3567
     808    -113.1634     -17.7653
     809    -107.2390     -15.6258
     810    -106.7132     -16.8435
     811    -129.1549      -4.1048
     812    -101.4557       4.7813
     813    -111.6799      -9.8994
     814    -133.9768       7.1583
     815    -115.0413       6.7966
     816    -126.0227      -2.3204
     817    -137.7759      12.1534
     818    -120.3003      -5.6459
     819    -112.0027      -3.7398
     820    -103.7604      -6.9702
     821    -122.5536      -6.9329
     822    -132.1948      13.7821
     823    -111.8501      -1.8699
     824    -129.3136     -13.3754
     825    -138.5798       9.3072
     826    -125.3764     -12.9571
     827    -118.4730      -3.5303
     828    -127.5102     -13.4013
     829     -95.1219      -4.7146
     830    -124.5448      -2.5300
     831    -116.8645      -7.0054
     832    -108.3536     -21.2237
     833    -111.4801     -10.6971
     834    -116.7582       3.2278
     835    -117.6125      -9.2723
     836    -124.7366      -2.3453
     837    -111.0911     -14.6944
     838    -124.2511       8.8141
     839    -123.5724     -17.5354
     840    -123.1353      -7.8226
     841    -111.3711      -0.9517
     842     -95.6013     -18.0390
     843    -138.1533     -11.1826
     844    -110.8571      -5.8564
     845    -146.9371     -12.3148
     846    -119.3393      16.1178
     847    -115.8810      17.4074
     848    -139.6385       0.5760
     849    -107.0282      -0.4279
     850    -125.4861       8.8501
     851    -101.1274       3.1724
     852    -129.6318       6.0016
     853    -108.3990      12.5545
     854    -131.4042      -7.6908
     855    -133.7885     -23.1502
     856     -80.9150      -5.1127
     857    -110.6990      -0.1866
     858    -106.4343     -15.4553
     859    -105.6225     -13.2386
     860    -108.3643     -31.1160
     861    -121.6956      -7.2117
     862    -109.7940     -10.4034
     863    -131.6890      -0.0641
     864    -114.6869       5.5514
     865    -106.9684     -14.4062
     866     -95.8004      -2.6989
     867    -118.3393       4.3673
     868    -107.9242      22.9143
     869     -91.1395      -0.0901
     870    -131.0880       2.8417
     871    -114.4901       2.8264
     872    -128.8702       9.9985
     873    -128.8129      -1.3789
     874    -125.9316      -8.8810
     875    -134.2446       3.7287
     876    -144.4592       7.9641
     877    -137.4029      -0.5059
     878    -139.2514       3.9839
     879    -142.9148      -5.4292
     880    -156.5500      15.5596
     881    -129.3352      -2.2237
     882    -142.8232       5.8814
     883    -129.9462       8.3363
     884    -141.7419       6.9628
     885    -134.4552      10.1680
     886    -133.6024       1.8660
     887    -140.1614      -1.1407
     888    -135.3122      -1.0782
     889    -141.1253      -3.5495
     890    -132.5504      -2.6610
     891    -127.9582      11.4547
     892    -139.3894      15.3721
     893    -135.9069       9.4947
     894    -142.5332      10.1455
     895    -148.5381      -2.9440
     896    -123.5808       2.8099
     897    -115.3734      -3.3095
     898    -107.9877      -5.3211
     899    -100.4775       5.7058
     900    -122.4783      -3.1174
     901    -114.5583       3.6639
     902    -121.9723       1.8485
     903    -113.1085       1.8149
     904    -115.8296      -3.8214
     905    -109.6248     -14.4688
     906    -105.1454     -16.5194
     907    -121.9710       3.5677
     908    -101.0060      -6.7512
     909    -126.5453      21.3026
     910    -100.5242       3.7933
     911    -101.7218       4.5335
     912    -113.3555     -12.8918
     913    -109.9961      -3.3079
     914    -118.6609      -7.5066
     915    -109.6508      -1.0662
     916    -120.6742      -3.0817
     917    -119.2988      -3.1291
     918    -102.4525      -9.3850
     919    -110.2904      -6.0644
     920    -145.5473       1.4820
     921    -128.9275       2.5423
     922    -116.3724      -4.1322
     923    -110.3798      -1.9694
     924    -122.9113      -2.1314
     925    -115.9561      -1.2896
     926    -119.9289       1.5603
     927    -121.0790      -6.9827
     928    -128.2334       2.2228
     929    -115.6976      -1.0969
     930    -125.5449      -1.7632
     931    -120.5116      -4.9800
     932    -109.2301     -12.0235
     933    -108.7776     -19.6055
     934    -111.1969      -3.7006
     935    -105.3099     -10.8729
     936    -111.1835      -6.6349
     937     -95.4377      -4.6983
     938    -111.7842     -12.0393
     939    -100.4004     -10.6011
     940    -117.4959     -17.3812
     941    -116.8755       5.0912
     942    -122.1273     -14.5125
     943     -99.7797      -2.3609
     944    -105.9471     -17.1156
     945    -104.5043      -3.4497
     946    -120.3359      -7.4790
     947    -126.0225      -2.1973
     948    -109.2722       0.2734
     949    -109.1397      -9.0255
     950    -119.4477       1.1671
     951    -124.3764       2.1019
     952    -115.6112       2.5673
     953    -113.1159      -4.2707
     954    -106.3243       0.4374
     955    -111.5310     -10.4178
     956    -113.8650     -14.1736
     957    -108.7711      -7.5579
     958    -141.5425       0.4578
     959    -142.9840      20.7022
     960    -113.6471       8.7870
     961    -133.9418       5.1094
     962    -137.1428       4.6893
     963    -107.2496       0.9322
     964    -107.5876       1.2182
     965     -99.8409      -6.1481
     966    -114.7882       7.6835
     967    -110.4629      13.7548
     968    -100.5099     -13.4369
     969    -117.1615      -6.9459
     970    -146.7105      21.2322
     971    -110.6714     -14.3154
     972    -113.2254      -7.8539
     973    -127.2193     -21.2049
     974    -107.2667      10.9001
     975    -141.3371      22.1213
     976    -101.0651      -5.9001
     977    -112.5259      -7.7185
     978    -137.9805       3.7570
     979    -139.8032       6.4198
     980    -137.3166      14.4718
     981     -83.9638      -3.4316
     982    -122.0943      -8.0733
     983    -129.1570      12.4968
     984    -126.6540       4.8536
     985    -111.6881     -10.9528
     986    -113.5690       8.4661
     987    -102.4368      -7.9908
     988    -103.9260      -2.6137
     989    -100.8611     -23.8606
     990    -102.7476      -5.0174
     991     -97.9409      -2.1559
     992    -113.5310     -12.4608
     993     -95.0191      -8.6081
     994     -93.3945     -16.3901
     995    -112.8333     -10.6268
     996    -132.3680      -4.6340
     997    -110.1435     -16.5025
     998    -112.8638      -6.4333
     999    -120.4544      -5.9854
    1000    -121.0758     -23.3504
