#Frame   domain_distance
       1         25.7319
       2         25.4258
       3         25.3255
       4         25.3261
       5         25.4130
       6         25.7990
       7         25.6801
       8         25.6723
       9         25.7509
      10         25.3864
      11         25.6027
      12         25.5997
      13         25.6823
      14         25.7981
      15         25.9233
      16         25.8400
      17         25.4599
      18         25.6429
      19         25.2395
      20         25.5252
      21         24.8672
      22         25.4476
      23         25.6790
      24         25.8960
      25         25.1369
      26         25.1378
      27         25.1093
      28         25.2085
      29         25.5138
      30         25.7623
      31         25.5104
      32         25.8497
      33         25.1205
      34         25.0691
      35         25.6815
      36         25.3578
      37         26.1938
      38         24.9756
      39         25.4156
      40         25.0036
      41         25.2574
      42         25.3206
      43         25.3442
      44         25.4708
      45         25.0894
      46         25.2207
      47         25.4257
      48         25.5695
      49         25.5068
      50         25.3759
      51         25.2810
      52         25.8728
      53         25.4889
      54         25.5777
      55         25.3331
      56         24.8441
      57         25.2341
      58         25.2676
      59         25.0290
      60         25.7919
      61         25.0671
      62         25.1016
      63         25.6653
      64         25.0848
      65         25.1973
      66         25.0053
      67         25.5414
      68         24.9948
      69         25.1409
      70         25.3611
      71         25.3378
      72         25.0162
      73         25.2285
      74         25.1716
      75         25.2527
      76         25.4038
      77         25.2557
      78         25.2375
      79         25.1526
      80         25.3406
      81         25.3169
      82         25.2490
      83         25.3719
      84         25.3744
      85         25.3248
      86         25.2758
      87         25.0171
      88         24.9927
      89         25.0497
      90         25.3830
      91         25.1494
      92         25.1803
      93         25.4798
      94         25.4440
      95         25.1323
      96         25.2032
      97         25.1887
      98         25.2190
      99         25.2485
     100         25.4611
     101         25.2242
     102         25.8158
     103         25.5761
     104         25.5195
     105         25.5491
     106         25.4013
     107         25.6189
     108         25.5661
     109         25.1573
     110         25.1689
     111         24.9118
     112         25.4998
     113         25.4169
     114         25.5121
     115         25.5552
     116         25.5064
     117         25.1577
     118         24.8290
     119         25.3714
     120         25.2585
     121         25.0767
     122         25.6815
     123         24.9307
     124         24.9593
     125         25.0052
     126         25.1492
     127         25.3106
     128         25.3263
     129         25.1306
     130         25.3019
     131         25.1225
     132         25.5111
     133         25.3326
     134         24.8925
     135         25.4793
     136         24.9512
     137         24.7617
     138         25.1150
     139         25.5400
     140         25.4904
     141         25.1899
     142         25.1440
     143         25.2494
     144         24.9382
     145         25.3144
     146         25.4414
     147         25.4275
     148         25.3090
     149         25.4688
     150         24.8769
     151         25.5291
     152         24.9879
     153         25.1235
     154         25.0595
     155         24.7479
     156         24.9678
     157         25.0210
     158         25.2073
     159         24.9824
     160         26.2770
     161         24.9674
     162         25.1705
     163         25.1813
     164         25.1051
     165         25.4707
     166         25.2134
     167         25.2654
     168         25.3669
     169         25.5646
     170         25.0876
     171         25.1363
     172         25.1505
     173         24.7281
     174         24.7983
     175         24.9219
     176         25.1122
     177         25.0711
     178         25.1732
     179         24.5760
     180         25.2276
     181         24.6131
     182         24.7066
     183         25.6906
     184         25.6758
     185         25.1944
     186         25.4346
     187         25.6691
     188         25.7178
     189         24.9207
     190         25.5213
     191         25.4615
     192         25.2018
     193         25.1655
     194         25.3321
     195         25.0326
     196         25.8527
     197         25.4219
     198         25.0582
     199         25.3801
     200         25.9348
     201         25.5403
     202         25.8433
     203         25.9464
     204         25.3766
     205         25.1207
     206         25.4149
     207         25.2878
     208         25.6119
     209         25.6462
     210         25.2958
     211         25.3546
     212         25.6289
     213         25.6411
     214         25.5118
     215         25.4868
     216         25.1097
     217         24.8611
     218         25.0040
     219         25.1229
     220         25.5717
     221         25.4583
     222         25.5627
     223         25.1829
     224         25.3112
     225         25.5053
     226         25.5006
     227         25.9841
     228         25.8060
     229         25.2502
     230         25.2269
     231         25.5813
     232         25.5750
     233         25.4407
     234         25.4981
     235         25.5944
     236         25.4659
     237         25.1267
     238         25.4264
     239         25.0744
     240         25.2145
     241         24.5909
     242         25.2804
     243         25.3654
     244         25.2944
     245         25.2943
     246         25.5663
     247         25.1521
     248         25.1881
     249         25.2313
     250         24.8448
     251         24.8296
     252         25.6609
     253         25.1902
     254         25.8389
     255         25.8138
     256         25.5014
     257         26.0230
     258         25.7124
     259         25.5567
     260         25.1008
     261         24.9879
     262         25.6728
     263         25.2585
     264         24.7049
     265         25.3389
     266         25.8105
     267         25.8922
     268         25.1441
     269         25.2202
     270         25.0221
     271         25.1590
     272         25.5594
     273         25.2771
     274         25.1498
     275         25.2965
     276         24.8184
     277         24.8643
     278         25.5279
     279         25.2099
     280         25.3996
     281         25.3563
     282         25.1775
     283         25.3078
     284         25.7290
     285         24.7004
     286         24.7164
     287         24.8266
     288         25.2340
     289         24.7487
     290         24.9281
     291         25.1945
     292         25.2767
     293         25.3960
     294         24.9659
     295         24.9781
     296         25.2149
     297         25.1101
     298         24.8488
     299         25.8276
     300         25.0612
     301         25.1951
     302         25.1296
     303         25.5225
     304         25.1386
     305         25.1051
     306         25.0699
     307         24.8924
     308         25.0687
     309         24.8846
     310         25.0520
     311         24.9751
     312         25.2930
     313         24.4849
     314         24.9489
     315         25.1782
     316         25.1271
     317         24.9080
     318         25.0512
     319         25.0688
     320         24.8820
     321         25.4576
     322         25.3366
     323         25.3975
     324         24.9649
     325         24.8316
     326         25.4766
     327         24.9972
     328         25.2575
     329         25.2325
     330         25.2550
     331         25.6043
     332         25.1918
     333         24.9709
     334         25.1121
     335         25.3361
     336         25.3208
     337         25.3184
     338         25.5115
     339         25.3107
     340         25.6053
     341         25.4001
     342         25.3360
     343         25.1989
     344         25.5901
     345         25.2834
     346         25.2479
     347         25.4034
     348         25.2493
     349         25.5614
     350         24.8875
     351         25.3316
     352         25.2692
     353         24.8841
     354         24.9148
     355         25.2710
     356         24.8843
     357         24.8866
     358         25.1586
     359         24.9590
     360         25.0786
     361         25.1960
     362         25.1253
     363         25.4670
     364         25.3802
     365         25.7010
     366         25.4680
     367         25.3336
     368         25.3659
     369         24.9796
     370         25.5245
     371         25.3036
     372         25.3624
     373         25.0950
     374         25.2236
     375         25.4791
     376         25.4792
     377         25.1341
     378         25.4331
     379         25.0713
     380         25.2632
     381         25.0023
     382         25.3435
     383         26.1591
     384         25.3542
     385         25.4462
     386         25.6499
     387         25.6717
     388         25.3634
     389         25.2717
     390         25.7091
     391         25.6881
     392         25.4538
     393         25.5492
     394         25.5972
     395         25.2304
     396         25.4049
     397         25.5894
     398         25.1704
     399         25.1110
     400         25.1960
     401         25.4628
     402         25.5605
     403         25.6343
     404         25.5785
     405         25.3023
     406         25.4484
     407         24.9475
     408         25.0279
     409         25.0560
     410         25.2788
     411         24.6086
     412         25.1162
     413         24.8277
     414         24.6326
     415         25.2092
     416         24.6923
     417         24.6783
     418         24.9427
     419         24.7559
     420         24.7616
     421         25.0685
     422         25.0008
     423         25.1584
     424         24.8322
     425         24.8898
     426         25.0196
     427         24.8116
     428         24.6766
     429         25.0725
     430         25.2666
     431         25.1203
     432         24.8550
     433         24.5535
     434         24.6857
     435         24.8758
     436         25.0094
     437         24.7227
     438         24.8225
     439         24.8436
     440         24.8019
     441         24.8565
     442         24.5171
     443         24.9881
     444         24.4825
     445         24.7151
     446         24.7650
     447         24.6390
     448         24.7700
     449         24.9852
     450         25.1991
     451         25.0229
     452         25.1726
     453         25.2096
     454         24.8695
     455         25.2846
     456         25.3158
     457         25.0406
     458         25.0342
     459         25.0452
     460         24.2872
     461         24.9523
     462         24.8607
     463         25.0592
     464         24.6037
     465         24.6233
     466         24.9824
     467         25.1961
     468         25.4575
     469         25.5581
     470         25.6394
     471         25.3036
     472         25.8478
     473         25.5590
     474         25.0243
     475         25.4251
     476         25.1125
     477         25.2474
     478         25.4122
     479         25.5935
     480         25.4542
     481         25.4168
     482         25.4787
     483         24.7080
     484         25.1250
     485         25.5574
     486         25.4480
     487         25.2084
     488         25.4827
     489         25.4905
     490         25.8789
     491         25.5302
     492         25.9607
     493         25.9347
     494         25.6450
     495         25.3681
     496         25.7716
     497         25.6489
     498         25.2297
     499         25.5238
     500         25.1169
     501         25.5010
     502         25.3952
     503         25.4884
     504         25.8770
     505         25.4950
     506         25.5707
     507         25.6731
     508         25.4470
     509         25.2783
     510         25.4931
     511         25.4301
     512         25.8700
     513         24.9731
     514         24.8437
     515         24.8248
     516         25.9225
     517         25.3158
     518         25.2817
     519         25.1325
     520         25.7512
     521         24.9688
     522         24.8659
     523         25.3901
     524         25.2300
     525         24.9458
     526         25.2830
     527         25.4561
     528         25.4796
     529         25.1871
     530         25.1077
     531         25.7008
     532         25.3201
     533         25.4082
     534         24.9783
     535         25.2202
     536         25.3229
     537         25.3055
     538         25.7305
     539         24.7758
     540         25.3054
     541         24.9268
     542         25.0122
     543         24.4753
     544         24.9480
     545         25.1944
     546         25.0408
     547         24.9796
     548         25.2927
     549         25.4196
     550         24.8604
     551         25.9705
     552         25.6091
     553         25.4872
     554         25.5073
     555         24.2670
     556         24.5090
     557         24.4616
     558         25.2069
     559         25.3506
     560         25.0803
     561         25.3524
     562         24.7495
     563         25.0880
     564         24.5289
     565         24.8949
     566         24.6166
     567         25.1350
     568         24.5242
     569         25.7084
     570         24.9216
     571         25.1503
     572         25.1812
     573         25.2966
     574         24.8245
     575         25.1115
     576         25.1975
     577         25.8261
     578         25.6988
     579         25.4148
     580         24.7166
     581         24.7908
     582         24.5834
     583         24.6418
     584         24.3817
     585         25.9407
     586         25.6395
     587         25.3618
     588         25.3504
     589         25.4497
     590         25.1921
     591         25.2041
     592         25.3366
     593         25.4416
     594         25.5292
     595         25.0567
     596         25.4596
     597         25.2290
     598         25.2151
     599         25.1695
     600         25.7930
     601         25.2574
     602         25.1446
     603         25.5820
     604         25.2476
     605         25.1431
     606         24.8310
     607         25.3360
     608         25.6398
     609         25.1007
     610         25.5032
     611         25.5713
     612         25.9315
     613         25.6991
     614         25.2055
     615         24.9789
     616         25.4152
     617         25.4247
     618         25.5316
     619         25.4689
     620         25.3448
     621         25.5069
     622         25.4807
     623         25.2187
     624         25.8842
     625         25.0213
     626         25.0589
     627         25.2634
     628         25.0238
     629         25.4443
     630         25.2450
     631         25.2690
     632         24.6243
     633         25.2814
     634         26.1317
     635         25.4997
     636         25.4845
     637         25.2687
     638         25.3173
     639         25.5597
     640         25.4222
     641         25.3173
     642         25.5303
     643         25.3955
     644         25.5958
     645         25.9132
     646         25.9402
     647         25.4344
     648         25.8026
     649         25.6869
     650         25.8213
     651         25.9374
     652         26.0158
     653         25.6897
     654         26.0106
     655         25.7001
     656         25.9906
     657         25.9039
     658         25.6991
     659         25.9735
     660         26.2115
     661         25.2785
     662         25.0714
     663         25.7521
     664         25.8408
     665         25.8869
     666         25.8651
     667         25.9446
     668         26.1222
     669         25.7798
     670         25.7467
     671         25.9687
     672         26.0639
     673         25.4667
     674         25.6323
     675         25.8647
     676         25.5596
     677         25.6655
     678         25.9300
     679         25.6269
     680         25.3380
     681         25.3582
     682         25.8876
     683         25.6398
     684         25.0619
     685         25.5972
     686         25.4484
     687         25.4502
     688         25.3831
     689         25.5743
     690         25.3925
     691         25.2581
     692         25.0418
     693         24.7750
     694         25.1080
     695         25.0248
     696         24.7008
     697         25.1706
     698         25.1274
     699         24.8222
     700         25.1897
     701         25.1156
     702         24.9810
     703         25.3119
     704         25.0333
     705         24.9532
     706         25.3195
     707         24.9130
     708         25.1083
     709         24.9206
     710         24.8678
     711         25.3301
     712         25.1007
     713         24.8248
     714         25.2266
     715         25.1797
     716         25.2724
     717         25.0134
     718         24.7792
     719         25.7133
     720         25.0734
     721         24.7008
     722         25.1261
     723         25.1412
     724         25.2127
     725         25.3227
     726         25.4936
     727         25.4404
     728         25.2841
     729         25.0815
     730         25.3893
     731         24.8004
     732         25.0852
     733         25.1039
     734         25.3375
     735         25.2738
     736         25.2738
     737         24.9725
     738         25.4956
     739         24.7072
     740         24.5600
     741         24.7970
     742         25.0213
     743         25.1165
     744         25.0287
     745         25.1969
     746         25.0956
     747         25.5141
     748         25.2934
     749         25.5149
     750         25.2584
     751         25.2371
     752         25.6553
     753         25.1737
     754         25.1682
     755         24.9603
     756         25.5544
     757         25.3750
     758         25.5923
     759         25.9199
     760         25.7393
     761         26.1274
     762         25.4293
     763         25.3698
     764         25.0795
     765         25.5855
     766         26.1671
     767         25.2846
     768         25.6798
     769         25.9016
     770         25.3427
     771         25.3309
     772         25.7066
     773         25.5437
     774         25.2507
     775         25.6945
     776         25.6894
     777         25.5309
     778         25.0075
     779         25.0210
     780         25.4293
     781         25.5214
     782         25.3399
     783         25.4792
     784         25.2777
     785         25.4099
     786         25.0128
     787         25.3866
     788         25.4872
     789         25.5743
     790         25.6372
     791         25.5506
     792         25.6036
     793         25.8365
     794         25.5458
     795         25.7312
     796         25.5151
     797         25.2725
     798         25.7383
     799         26.0359
     800         25.3428
     801         25.3214
     802         25.4281
     803         25.7008
     804         25.6693
     805         25.5030
     806         25.7442
     807         25.5157
     808         24.8859
     809         25.3697
     810         25.4415
     811         25.8991
     812         25.7539
     813         26.1351
     814         25.9549
     815         25.6669
     816         25.6215
     817         25.7478
     818         25.2297
     819         25.2803
     820         25.2765
     821         25.3467
     822         25.9095
     823         25.5532
     824         25.6941
     825         25.3941
     826         25.7376
     827         25.9528
     828         25.2631
     829         25.5067
     830         25.8667
     831         24.9370
     832         25.7409
     833         25.5968
     834         25.7260
     835         25.2954
     836         25.4558
     837         25.6024
     838         25.2789
     839         26.1440
     840         25.7745
     841         25.7200
     842         25.3205
     843         25.8218
     844         25.6444
     845         24.9090
     846         24.8139
     847         25.4549
     848         25.2517
     849         25.6531
     850         25.1961
     851         25.0902
     852         24.8755
     853         25.0572
     854         25.2870
     855         25.5794
     856         25.4770
     857         25.3714
     858         25.2984
     859         25.1577
     860         25.9243
     861         25.5624
     862         25.5416
     863         25.5153
     864         25.5710
     865         25.4703
     866         25.3656
     867         25.6315
     868         25.7692
     869         26.2370
     870         26.0634
     871         25.5549
     872         25.8185
     873         25.3835
     874         25.6793
     875         25.2998
     876         25.4771
     877         25.4492
     878         25.5476
     879         25.8074
     880         25.6976
     881         25.4737
     882         26.0675
     883         25.5892
     884         25.8584
     885         26.1070
     886         26.3693
     887         26.2051
     888         26.1443
     889         25.4992
     890         25.6210
     891         26.5310
     892         26.0404
     893         26.6115
     894         26.6879
     895         26.2827
     896         26.6454
     897         26.2578
     898         26.2998
     899         26.7392
     900         26.6203
     901         25.9938
     902         26.2552
     903         26.3822
     904         26.2102
     905         26.1212
     906         26.6657
     907         26.5482
     908         26.3001
     909         26.3774
     910         26.9001
     911         26.1355
     912         26.2383
     913         26.4459
     914         26.1521
     915         26.2429
     916         25.9795
     917         26.5657
     918         26.1778
     919         25.8613
     920         26.1621
     921         26.2702
     922         26.2424
     923         26.7082
     924         27.0364
     925         26.2935
     926         25.8014
     927         26.2607
     928         25.9023
     929         26.3303
     930         26.0333
     931         26.2809
     932         26.2286
     933         25.6491
     934         25.6782
     935         25.0729
     936         25.8264
     937         25.8354
     938         25.5400
     939         25.9080
     940         25.5521
     941         25.9241
     942         25.3306
     943         25.6372
     944         25.3722
     945         25.3334
     946         25.0917
     947         25.2949
     948         25.2197
     949         25.5282
     950         25.6151
     951         25.4464
     952         25.3257
     953         24.9801
     954         25.3405
     955         24.8924
     956         24.9602
     957         25.4122
     958         25.3498
     959         25.6191
     960         25.4500
     961         24.9451
     962         25.1699
     963         25.2070
     964         25.4528
     965         25.1638
     966         25.4742
     967         26.1776
     968         25.1554
     969         25.6450
     970         25.5146
     971         25.4618
     972         25.5733
     973         25.2092
     974         25.3103
     975         24.7078
     976         25.2249
     977         24.8628
     978         24.8508
     979         24.9345
     980         25.0396
     981         24.9150
     982         24.5704
     983         24.3911
     984         24.8729
     985         24.5868
     986         25.0206
     987         24.8261
     988         25.0010
     989         24.7666
     990         24.6172
     991         24.6729
     992         24.5437
     993         24.6092
     994         24.5803
     995         24.5701
     996         24.3191
     997         24.3002
     998         24.6590
     999         25.1763
    1000         24.5793
