#Frame      RoG_00004 RoG_00004[Max]
       1      17.1101        31.7262
       2      16.9856        29.6603
       3      16.9754        29.2970
       4      17.0032        28.8832
       5      16.9644        29.8232
       6      17.1141        29.1215
       7      17.1192        29.5161
       8      17.0692        30.9581
       9      17.1189        31.2391
      10      16.9930        30.3068
      11      17.0891        31.1866
      12      17.0518        29.4749
      13      17.1036        30.6464
      14      17.0870        29.9218
      15      17.1521        31.1959
      16      17.1672        31.4887
      17      16.9985        30.8608
      18      17.0547        31.5340
      19      16.9009        29.5362
      20      17.0609        31.1893
      21      16.8218        29.8683
      22      16.9808        29.9643
      23      17.0871        30.0620
      24      17.1852        31.4398
      25      16.8595        32.0388
      26      16.8964        29.5487
      27      16.8569        29.4726
      28      16.8597        29.8472
      29      17.0214        30.7573
      30      17.1144        30.5113
      31      17.0905        30.4603
      32      17.1381        31.1534
      33      16.8614        30.1668
      34      16.9260        30.4738
      35      17.0984        31.9381
      36      16.9996        30.9700
      37      17.2465        32.0985
      38      16.8533        30.2319
      39      16.9999        31.2441
      40      16.8284        30.9793
      41      16.9221        31.1402
      42      16.9377        31.4208
      43      16.9874        32.0370
      44      16.9931        30.5768
      45      16.9198        31.0613
      46      16.9370        29.3459
      47      17.0146        31.4758
      48      17.0390        31.2830
      49      17.0518        31.8453
      50      16.9590        31.3341
      51      16.9218        31.3864
      52      17.1466        31.2245
      53      17.0175        31.1860
      54      17.0396        31.3094
      55      16.9662        31.3202
      56      16.8101        29.7773
      57      16.9408        29.9159
      58      16.9518        31.6552
      59      16.8425        31.7841
      60      17.1536        31.6605
      61      16.9111        31.1003
      62      16.9010        30.8104
      63      17.1061        31.2612
      64      16.9379        31.3976
      65      16.9805        31.0861
      66      16.8422        32.8279
      67      17.0493        31.3024
      68      16.8393        31.0872
      69      16.9339        31.5952
      70      16.9748        31.8717
      71      16.9828        29.9821
      72      16.8697        32.0881
      73      16.9403        30.5464
      74      16.9190        30.5781
      75      16.9131        31.0563
      76      16.9986        30.4891
      77      16.9247        30.2116
      78      16.9336        31.3391
      79      16.9405        32.0614
      80      16.9264        31.7871
      81      16.9492        30.1318
      82      16.9407        30.5556
      83      16.9382        29.7899
      84      16.9864        29.9986
      85      16.9699        29.2322
      86      16.9273        30.5061
      87      16.8581        29.3224
      88      16.8289        30.1929
      89      16.8442        29.0066
      90      16.9644        30.0965
      91      16.8962        31.2851
      92      16.9045        30.6410
      93      17.0150        29.8731
      94      17.0007        30.4924
      95      16.8558        29.6057
      96      16.8830        29.1787
      97      16.8752        29.3196
      98      16.8719        29.3401
      99      16.8846        29.9369
     100      17.0138        29.6657
     101      16.8791        31.1526
     102      17.1318        30.5821
     103      17.0367        29.3575
     104      17.0472        29.9218
     105      17.0302        30.3446
     106      16.9937        29.8963
     107      17.0582        30.9296
     108      17.0026        30.5903
     109      16.9070        29.3015
     110      16.9264        30.5989
     111      16.8067        30.5918
     112      16.9802        31.1560
     113      16.9913        30.4010
     114      17.0368        30.6895
     115      17.0537        31.1286
     116      17.0368        30.7806
     117      16.9010        30.8532
     118      16.7655        30.8323
     119      16.9692        30.1579
     120      16.9164        30.1718
     121      16.8654        30.5331
     122      17.0958        31.7291
     123      16.8074        30.8696
     124      16.8505        30.9763
     125      16.8213        30.2892
     126      16.8666        29.4524
     127      16.9515        31.0945
     128      16.9642        29.8127
     129      16.9008        30.7794
     130      16.9597        30.1911
     131      16.9190        29.1829
     132      16.9877        30.1079
     133      16.9547        30.1847
     134      16.7944        29.1312
     135      17.0397        30.5174
     136      16.8470        28.9651
     137      16.8359        31.4570
     138      16.9351        30.0921
     139      17.0267        29.9627
     140      17.0357        29.3819
     141      16.9555        30.0724
     142      16.9251        30.2030
     143      16.9672        30.1231
     144      16.8592        30.2291
     145      16.9772        30.6073
     146      17.0076        29.8810
     147      16.9704        29.8462
     148      16.9753        29.6165
     149      17.0339        29.4468
     150      16.8459        29.0128
     151      17.0157        29.9961
     152      16.8578        30.4292
     153      16.8726        30.8537
     154      16.8597        30.8141
     155      16.7347        29.7488
     156      16.8528        29.8957
     157      16.8815        29.9762
     158      16.9681        30.6934
     159      16.8649        30.0021
     160      17.3114        30.3257
     161      16.8517        30.9359
     162      16.9088        30.2151
     163      16.9483        32.8394
     164      16.8708        30.0209
     165      17.0318        30.5694
     166      16.9417        29.6576
     167      16.9792        30.3552
     168      17.0416        31.7715
     169      17.0946        30.0956
     170      16.9410        29.7029
     171      16.9300        30.4132
     172      16.9406        31.3233
     173      16.7933        31.1235
     174      16.8394        30.7805
     175      16.8890        29.7881
     176      16.9254        30.0877
     177      16.9309        31.1099
     178      16.9067        30.3357
     179      16.7419        29.6858
     180      16.9531        31.5200
     181      16.7614        30.4219
     182      16.7768        29.9710
     183      17.0935        29.9593
     184      17.0448        30.3730
     185      16.9266        31.5068
     186      16.9644        29.5342
     187      17.0833        31.4663
     188      17.1247        31.4052
     189      16.8211        30.7814
     190      17.0172        30.8843
     191      16.9613        29.8866
     192      16.8931        29.5462
     193      16.8875        31.9373
     194      16.9303        30.4032
     195      16.8110        30.5189
     196      17.1397        31.3434
     197      16.9804        31.2242
     198      16.8900        30.0052
     199      16.9961        29.5686
     200      17.1578        31.3781
     201      16.9783        29.1970
     202      17.1223        29.8230
     203      17.1466        31.3094
     204      16.9795        30.8219
     205      16.9109        29.4859
     206      16.9981        30.0497
     207      16.9688        30.7969
     208      17.0812        31.5711
     209      17.0557        29.3751
     210      16.9514        29.4624
     211      16.9772        29.7887
     212      17.0899        29.8573
     213      17.1461        30.7090
     214      17.0692        30.0009
     215      17.0407        30.5795
     216      16.9272        31.2904
     217      16.8356        30.3805
     218      16.8384        29.8533
     219      16.9444        29.6252
     220      17.0841        29.9434
     221      17.0796        30.0554
     222      17.0891        30.9977
     223      16.9247        30.8450
     224      16.9700        30.2910
     225      17.0714        31.8445
     226      17.0776        31.8349
     227      17.2423        32.4263
     228      17.1608        30.5621
     229      16.9559        28.9509
     230      16.9465        29.9567
     231      17.0648        29.7611
     232      17.0702        29.4537
     233      17.0185        29.6716
     234      17.0205        30.9000
     235      17.0336        31.4995
     236      17.0162        30.0041
     237      16.9033        30.9834
     238      16.9633        29.9436
     239      16.8907        30.7724
     240      16.8976        30.9648
     241      16.6906        29.7893
     242      16.9710        30.4379
     243      16.9421        29.2936
     244      16.9746        29.6272
     245      16.9489        30.6277
     246      17.0886        30.6152
     247      16.9280        31.0393
     248      16.9527        30.8625
     249      16.9287        30.2655
     250      16.8046        31.0382
     251      16.8020        30.4854
     252      17.0867        32.0469
     253      16.9363        31.5102
     254      17.0970        29.8878
     255      17.1201        31.3886
     256      16.9978        30.0992
     257      17.1758        32.0431
     258      17.1386        31.3395
     259      17.0409        31.7292
     260      16.8966        30.4240
     261      16.8730        30.6993
     262      17.0922        29.3979
     263      16.9602        29.8721
     264      16.7736        29.7197
     265      16.9264        31.0697
     266      17.1290        31.1470
     267      17.1614        30.8627
     268      16.8947        30.9052
     269      16.9508        29.3675
     270      16.8597        30.6418
     271      16.8903        30.9325
     272      17.0440        29.8294
     273      16.9247        30.0421
     274      16.9773        30.5171
     275      16.9517        29.9967
     276      16.8102        29.7856
     277      16.8167        30.9350
     278      16.9640        29.9153
     279      16.8985        30.6466
     280      16.9852        30.1528
     281      16.9942        31.8660
     282      16.9143        29.8311
     283      16.9482        30.5087
     284      17.0953        30.5714
     285      16.7911        31.0871
     286      16.7958        30.8208
     287      16.8243        29.2844
     288      16.9785        31.8461
     289      16.8071        30.2249
     290      16.8749        30.7441
     291      16.9247        30.2029
     292      17.0077        30.7456
     293      16.9539        29.4915
     294      16.8622        31.2448
     295      16.8596        30.4476
     296      16.9513        30.3119
     297      16.8999        29.9718
     298      16.8106        30.0365
     299      17.1202        30.2570
     300      16.9304        30.6427
     301      16.9626        30.5450
     302      16.9058        30.0054
     303      17.0689        30.8315
     304      16.9063        31.3161
     305      16.8898        29.9232
     306      16.8690        29.5102
     307      16.8746        29.9022
     308      16.8748        28.4461
     309      16.7489        29.4237
     310      16.8703        30.5552
     311      16.8989        30.1391
     312      16.9812        30.8707
     313      16.7314        28.8504
     314      16.8663        29.7061
     315      16.9590        30.4511
     316      16.9725        30.4541
     317      16.8458        30.3960
     318      16.9134        30.6138
     319      16.9273        31.5251
     320      16.7867        30.1734
     321      17.0080        30.1270
     322      17.0240        31.4222
     323      16.9431        30.0826
     324      16.8193        30.7029
     325      16.7637        29.7840
     326      17.0939        31.4292
     327      16.8578        29.7949
     328      16.9789        29.8472
     329      16.9251        30.8025
     330      16.9514        30.5086
     331      17.0966        30.2745
     332      16.9523        30.2115
     333      16.8717        30.3994
     334      16.9284        30.7208
     335      16.9731        30.4078
     336      16.9964        30.9912
     337      16.9807        30.9359
     338      17.0408        30.1480
     339      16.9625        29.4213
     340      17.0569        30.8220
     341      17.0002        29.7108
     342      17.0166        31.6420
     343      16.9632        29.9673
     344      17.0576        29.9637
     345      16.9714        29.2886
     346      16.9481        29.7631
     347      17.0080        30.4957
     348      16.9718        31.7681
     349      17.0637        31.1977
     350      16.8253        31.8335
     351      17.0171        29.7729
     352      16.9836        29.8942
     353      16.8411        29.8338
     354      16.8532        30.3048
     355      16.9554        30.3164
     356      16.8171        30.7275
     357      16.8345        30.3667
     358      16.8859        29.6595
     359      16.8764        29.4058
     360      16.8947        31.1566
     361      16.9223        30.2917
     362      16.9421        30.0851
     363      17.0497        29.9487
     364      17.0038        30.3560
     365      17.0868        30.7044
     366      17.0098        29.6400
     367      16.9411        30.2134
     368      16.9522        29.1966
     369      16.7982        28.3643
     370      17.0721        31.8294
     371      16.9342        29.6627
     372      16.9920        30.1792
     373      16.8509        30.0060
     374      16.9292        29.3054
     375      17.0243        30.0125
     376      17.0340        30.4497
     377      16.8778        29.5353
     378      16.9859        31.2113
     379      16.8572        29.0575
     380      16.9261        30.2540
     381      16.8321        29.6560
     382      16.9802        30.9003
     383      17.2622        31.4176
     384      16.9737        31.1006
     385      17.0456        30.7665
     386      17.0933        31.3392
     387      17.0828        30.8700
     388      16.9582        30.9228
     389      16.9762        31.0305
     390      17.1338        30.4816
     391      17.1424        30.8373
     392      17.0570        30.3268
     393      17.1042        30.0766
     394      17.1261        29.4279
     395      16.9941        30.0430
     396      17.0508        28.9879
     397      17.1085        30.2918
     398      16.9794        29.8902
     399      16.9276        29.8171
     400      16.9765        30.9325
     401      16.9986        29.9064
     402      17.0466        29.8703
     403      17.0679        29.8980
     404      17.1010        31.5124
     405      16.9887        31.0534
     406      17.0201        31.5900
     407      16.9110        29.3629
     408      16.9062        30.7226
     409      16.9602        31.6767
     410      17.0251        31.6932
     411      16.7318        29.3533
     412      16.8890        29.8913
     413      16.7888        32.1939
     414      16.7272        29.7715
     415      16.9440        30.4415
     416      16.7662        30.0813
     417      16.7928        31.6027
     418      16.8515        31.5738
     419      16.7851        31.0438
     420      16.8350        31.7863
     421      16.9265        31.3656
     422      16.8932        30.6467
     423      16.9383        31.1836
     424      16.8556        30.4011
     425      16.8628        30.9227
     426      16.9386        30.8827
     427      16.8872        31.3340
     428      16.8295        31.2697
     429      16.9380        30.6613
     430      16.9954        31.8851
     431      16.9058        31.5288
     432      16.8355        31.6162
     433      16.7888        30.7873
     434      16.8287        30.8992
     435      16.8924        29.7177
     436      16.8868        29.7726
     437      16.8015        31.3418
     438      16.8517        29.3703
     439      16.8649        29.5518
     440      16.8432        31.0311
     441      16.8278        29.4942
     442      16.7580        29.8043
     443      16.9282        29.0982
     444      16.7530        31.7458
     445      16.8600        31.3756
     446      16.8426        31.8815
     447      16.7778        31.0922
     448      16.8781        30.7635
     449      16.9433        31.4347
     450      16.9552        31.6191
     451      16.9394        30.8503
     452      16.9838        30.6295
     453      16.9502        31.0152
     454      16.8267        31.3954
     455      16.9962        30.6900
     456      17.0465        32.8337
     457      16.9562        31.1333
     458      16.9757        30.6924
     459      16.9433        31.8694
     460      16.6914        30.0306
     461      16.8986        31.3775
     462      16.8634        30.9653
     463      16.9405        31.5948
     464      16.7689        31.6055
     465      16.8065        31.9812
     466      16.9660        31.6068
     467      17.0357        31.1363
     468      17.1105        31.9733
     469      17.1313        32.5079
     470      17.1319        32.9513
     471      17.0205        31.7773
     472      17.2344        31.8984
     473      17.1475        31.2509
     474      16.9682        32.0530
     475      17.0752        33.2658
     476      16.9680        29.9585
     477      16.9724        29.4197
     478      17.0619        29.7767
     479      17.0828        29.7992
     480      17.0532        30.4095
     481      17.0626        29.1502
     482      17.0885        31.2874
     483      16.8374        30.4405
     484      16.9756        30.9312
     485      17.1040        31.1936
     486      17.0384        29.7315
     487      16.9747        30.9691
     488      17.0687        30.7255
     489      17.0523        30.8511
     490      17.1728        29.7215
     491      17.0527        29.4779
     492      17.2099        30.5776
     493      17.2195        30.4159
     494      17.1035        30.3008
     495      17.0518        29.3964
     496      17.1270        29.4084
     497      17.0981        30.8294
     498      16.9285        29.3534
     499      17.0143        29.9020
     500      16.8806        31.1935
     501      17.0914        29.5916
     502      17.0249        30.4413
     503      17.0610        31.7036
     504      17.1642        29.8894
     505      17.0543        30.1543
     506      17.0910        30.1980
     507      17.0899        30.9583
     508      17.0602        29.9813
     509      16.9914        29.9010
     510      17.0813        30.1909
     511      17.0696        29.6601
     512      17.1774        31.5556
     513      16.8662        29.9841
     514      16.8318        29.9175
     515      16.7883        30.6981
     516      17.2344        31.0710
     517      17.0020        30.6739
     518      17.0089        30.0299
     519      16.9510        28.9171
     520      17.1338        29.7050
     521      16.9475        29.3863
     522      16.9141        29.1937
     523      17.0825        29.5861
     524      17.0105        30.5031
     525      16.8999        29.8602
     526      17.0459        29.5762
     527      17.0782        30.8302
     528      17.0637        29.9052
     529      16.9178        30.8070
     530      16.9528        30.9373
     531      17.0947        29.4938
     532      17.0267        30.0073
     533      17.0459        30.4188
     534      16.9006        30.1008
     535      16.9756        30.1324
     536      17.0168        29.7113
     537      16.9932        29.9325
     538      17.1313        30.4737
     539      16.7942        30.3952
     540      17.0381        29.4551
     541      16.8749        29.9407
     542      16.8891        29.6966
     543      16.7025        29.5566
     544      16.8756        31.1801
     545      16.9366        31.1271
     546      16.8591        28.6197
     547      16.8249        29.4001
     548      16.9974        31.2917
     549      17.0435        31.2420
     550      16.8574        30.0928
     551      17.2478        29.8222
     552      17.0966        29.3946
     553      17.0377        29.6387
     554      17.0368        29.3193
     555      16.6176        30.0277
     556      16.7564        29.6596
     557      16.7317        30.1983
     558      16.9583        30.8454
     559      17.0408        29.5707
     560      16.9171        29.8074
     561      17.0636        32.1034
     562      16.8160        30.0283
     563      16.9390        31.4120
     564      16.7066        31.7739
     565      16.8562        29.5579
     566      16.7352        29.9345
     567      16.8910        30.4070
     568      16.6653        28.9160
     569      17.1176        32.5430
     570      16.8331        29.8517
     571      16.9198        29.7754
     572      16.9030        30.1960
     573      16.9948        30.0856
     574      16.8275        30.1210
     575      16.9236        31.1505
     576      16.8961        29.8234
     577      17.1100        31.8761
     578      17.0701        30.6555
     579      16.9388        29.3806
     580      16.7775        31.5206
     581      16.7474        28.6780
     582      16.6708        29.4985
     583      16.6989        29.9489
     584      16.5903        28.6233
     585      17.1556        31.5392
     586      17.0366        31.3852
     587      16.9422        29.0726
     588      16.9603        29.5473
     589      16.9734        29.2682
     590      16.8698        28.5929
     591      16.9172        29.7025
     592      16.9450        29.3909
     593      16.9406        29.3055
     594      16.9729        29.4667
     595      16.8096        29.6915
     596      17.0137        31.4025
     597      16.9106        30.9859
     598      16.8852        31.5355
     599      16.8643        30.3708
     600      17.0865        31.2941
     601      16.9409        29.8343
     602      16.8712        31.8650
     603      17.0570        30.8202
     604      16.8754        30.5342
     605      16.8698        29.1095
     606      16.7488        30.4103
     607      16.9487        30.7171
     608      17.0056        31.3286
     609      16.8510        29.5761
     610      17.0167        30.2832
     611      16.9679        31.1943
     612      17.0956        32.0214
     613      17.0344        30.0678
     614      16.8331        29.6856
     615      16.7823        30.3882
     616      16.9610        31.5156
     617      16.9719        31.1470
     618      17.0019        29.8448
     619      17.0081        29.1865
     620      16.9433        29.8030
     621      17.0726        30.3939
     622      17.0091        29.4307
     623      16.9578        29.1992
     624      17.1525        30.5883
     625      16.8390        29.4657
     626      16.8671        30.6504
     627      16.9398        29.8474
     628      16.8698        28.8790
     629      17.0294        29.6193
     630      16.9611        29.6995
     631      16.9708        29.7381
     632      16.7530        30.3916
     633      16.9570        29.4292
     634      17.2845        29.8442
     635      17.0338        31.0303
     636      17.0385        30.6618
     637      16.9647        30.5832
     638      16.9339        30.2955
     639      17.0716        30.8485
     640      16.9591        29.5357
     641      16.9071        30.8337
     642      17.0254        30.6216
     643      16.9925        29.5368
     644      17.1322        31.1550
     645      17.2009        29.9248
     646      17.1948        30.3378
     647      17.0148        29.8008
     648      17.1505        31.0346
     649      17.1089        30.4917
     650      17.1550        31.0194
     651      17.1697        30.1755
     652      17.2124        30.4104
     653      17.0943        30.1270
     654      17.2379        30.6431
     655      17.0598        29.7075
     656      17.1869        29.3809
     657      17.1252        30.3911
     658      17.0621        30.3071
     659      17.1582        31.7031
     660      17.2119        30.9510
     661      16.9672        29.3972
     662      16.8916        30.8939
     663      17.1563        30.6156
     664      17.1700        30.8715
     665      17.1926        30.9453
     666      17.2112        31.5862
     667      17.2264        30.9864
     668      17.2461        31.9223
     669      17.1200        32.4206
     670      17.1179        30.2964
     671      17.1793        30.4795
     672      17.2538        30.7136
     673      17.0026        28.9445
     674      17.0321        30.0343
     675      17.1177        29.6879
     676      17.0017        30.4136
     677      17.0703        30.6350
     678      17.1550        30.2171
     679      17.0452        29.4150
     680      16.9597        30.9177
     681      16.9767        30.8561
     682      17.1569        29.3663
     683      17.0469        29.1778
     684      16.8328        30.6476
     685      17.0457        31.0526
     686      16.9827        30.7731
     687      16.9872        30.5093
     688      16.9573        30.2510
     689      17.0120        30.0277
     690      16.9134        29.5330
     691      16.9124        30.4191
     692      16.7965        29.2948
     693      16.7536        29.1041
     694      16.8143        29.9593
     695      16.8141        30.3732
     696      16.7374        29.7843
     697      16.8799        29.0578
     698      16.8650        28.8244
     699      16.8054        29.8473
     700      16.9219        29.7642
     701      16.9079        29.8648
     702      16.8416        29.5503
     703      16.9757        29.9058
     704      16.8311        30.2155
     705      16.7933        29.0265
     706      16.9554        31.2043
     707      16.7887        30.1293
     708      16.8630        28.7145
     709      16.7922        28.4569
     710      16.7861        29.3699
     711      16.9590        29.1322
     712      16.8350        29.2832
     713      16.7706        30.3250
     714      16.8943        30.1420
     715      16.8514        29.9052
     716      16.9080        31.3085
     717      16.8311        31.2127
     718      16.7566        30.0976
     719      17.0868        30.4882
     720      16.8609        30.9078
     721      16.7536        28.3910
     722      16.8441        28.6608
     723      16.9210        32.0751
     724      16.8962        29.8929
     725      16.9677        31.1306
     726      17.0354        30.0975
     727      16.9980        30.5916
     728      16.9486        31.3609
     729      16.8751        29.6147
     730      17.0021        30.6359
     731      16.8092        31.5765
     732      16.8942        30.9768
     733      16.9603        30.0088
     734      17.0092        30.8334
     735      16.9578        29.5601
     736      16.9683        30.8549
     737      16.8884        30.3687
     738      17.0776        30.5101
     739      16.7955        29.8331
     740      16.7348        31.2113
     741      16.8107        31.0410
     742      16.9290        29.8786
     743      16.9162        29.8953
     744      16.8621        28.9164
     745      16.8896        29.4000
     746      16.8705        29.6402
     747      17.0405        30.2748
     748      16.9152        30.0665
     749      17.0022        30.7069
     750      16.9115        30.5111
     751      16.9219        29.3273
     752      17.0841        30.8179
     753      16.9307        30.8175
     754      16.9444        31.2310
     755      16.8644        29.7081
     756      17.0934        30.0904
     757      17.0385        29.4159
     758      17.0760        29.7500
     759      17.1843        29.7559
     760      17.1511        30.4379
     761      17.2715        29.9653
     762      17.0137        29.8398
     763      17.0112        29.4448
     764      16.8908        30.6598
     765      17.0887        31.6279
     766      17.3117        32.6840
     767      16.9803        31.2087
     768      17.1215        30.2589
     769      17.1539        30.1857
     770      16.9777        32.2609
     771      16.9523        30.5802
     772      17.1257        30.6965
     773      17.0814        30.9156
     774      16.9225        30.7044
     775      17.0839        30.8301
     776      17.1239        31.3271
     777      17.0464        30.8595
     778      16.8177        30.1229
     779      16.8550        30.3768
     780      17.0157        31.0322
     781      17.0190        29.7753
     782      16.9620        30.4306
     783      17.0606        31.4414
     784      16.9313        30.1811
     785      17.0026        30.9511
     786      16.8312        30.0972
     787      16.9513        30.7291
     788      17.0315        29.7927
     789      17.0830        31.1905
     790      17.0834        29.9336
     791      17.0497        30.0435
     792      17.1058        30.2360
     793      17.1635        30.0253
     794      17.0502        30.2880
     795      17.1099        32.5547
     796      17.0353        32.5415
     797      16.9153        30.9196
     798      17.0903        30.0271
     799      17.1523        30.6677
     800      16.9559        30.2876
     801      16.9616        30.7998
     802      17.0273        30.6601
     803      17.0964        31.5619
     804      17.0772        31.3547
     805      17.0177        34.4582
     806      17.0932        32.8166
     807      17.0244        30.0104
     808      16.7996        30.2873
     809      16.9418        31.7238
     810      16.9948        30.6445
     811      17.0980        29.8607
     812      17.0829        29.8189
     813      17.2077        32.5428
     814      17.1413        29.9749
     815      17.0594        30.7517
     816      17.0293        30.0339
     817      17.0702        31.1212
     818      16.8533        30.8363
     819      16.9005        29.2155
     820      16.8974        29.1642
     821      16.9571        32.8180
     822      17.1395        30.4389
     823      17.0347        31.4417
     824      17.0818        30.6779
     825      16.9828        31.2699
     826      17.0566        30.1495
     827      17.1359        30.0776
     828      16.9383        29.7238
     829      17.0123        29.6468
     830      17.1280        29.9608
     831      16.8290        28.9917
     832      17.0778        31.6291
     833      17.0609        31.4467
     834      17.1358        31.4157
     835      16.9902        30.6634
     836      17.0373        30.5228
     837      17.1155        33.1003
     838      16.9791        32.1859
     839      17.2698        31.7348
     840      17.1984        33.2576
     841      17.1775        34.1950
     842      17.0186        31.4503
     843      17.1907        33.0130
     844      17.1076        31.1464
     845      16.9536        33.3410
     846      16.8259        30.8806
     847      17.0406        32.8284
     848      16.9210        33.1484
     849      17.0838        32.7230
     850      16.9309        29.9175
     851      16.8924        29.9534
     852      16.8532        33.0361
     853      16.8758        32.3618
     854      16.9280        30.9517
     855      17.0597        31.7621
     856      16.9802        29.4354
     857      16.9447        29.8822
     858      16.9141        30.3949
     859      16.9087        29.7365
     860      17.1238        31.0368
     861      17.0344        32.0621
     862      17.0251        31.0503
     863      17.0301        33.1317
     864      17.0747        34.4080
     865      16.9866        31.0419
     866      16.9562        30.4756
     867      17.0475        29.9896
     868      17.1328        30.5203
     869      17.2386        30.4753
     870      17.2073        30.6205
     871      17.0271        29.9320
     872      17.1122        30.4246
     873      16.9835        29.5821
     874      17.1381        32.4271
     875      16.9997        33.3496
     876      17.0667        32.4234
     877      17.0749        31.0758
     878      17.0649        32.8104
     879      17.1865        30.6366
     880      17.1606        30.9556
     881      17.0658        30.8009
     882      17.2986        33.6531
     883      17.0701        30.4486
     884      17.2035        34.1987
     885      17.2881        33.2385
     886      17.3744        32.4020
     887      17.3054        31.0899
     888      17.3142        30.2491
     889      17.0249        31.0330
     890      17.0919        30.2745
     891      17.3621        31.1930
     892      17.2165        30.1235
     893      17.3972        30.6320
     894      17.4437        31.0180
     895      17.3027        31.1234
     896      17.4340        30.4653
     897      17.2983        30.9384
     898      17.3280        31.7546
     899      17.4907        31.9435
     900      17.4547        34.1609
     901      17.2076        30.4101
     902      17.2994        30.1082
     903      17.3852        33.7423
     904      17.3466        32.5303
     905      17.2447        33.4179
     906      17.4599        34.1559
     907      17.4602        32.2720
     908      17.3105        34.1238
     909      17.3309        30.7971
     910      17.5963        32.3055
     911      17.2691        32.2488
     912      17.3162        33.2246
     913      17.3992        34.4976
     914      17.2428        30.8855
     915      17.2885        30.4335
     916      17.1936        30.6815
     917      17.4491        31.5383
     918      17.2580        30.5093
     919      17.2230        31.6180
     920      17.3436        32.7473
     921      17.3489        30.7256
     922      17.3040        29.8643
     923      17.4923        32.1740
     924      17.5992        32.8064
     925      17.3492        32.8863
     926      17.1834        30.7859
     927      17.2930        31.9012
     928      17.2253        31.1220
     929      17.3509        31.4379
     930      17.2028        30.5074
     931      17.3056        30.5596
     932      17.3203        31.3493
     933      17.0945        30.6051
     934      17.1320        29.4336
     935      16.8989        29.5459
     936      17.1493        30.4267
     937      17.1739        30.7542
     938      17.0491        30.6360
     939      17.1874        30.5951
     940      17.1028        30.8776
     941      17.2063        31.6407
     942      16.9877        29.3041
     943      17.0677        30.4353
     944      16.9880        31.1100
     945      17.0066        30.7350
     946      16.9215        31.5447
     947      17.0061        29.9202
     948      16.9694        31.3068
     949      17.0896        32.7065
     950      17.0839        30.2414
     951      17.0057        29.9200
     952      16.9935        30.0160
     953      16.8669        29.0155
     954      16.9957        31.5302
     955      16.8206        30.1275
     956      16.8863        31.0509
     957      17.0351        30.5440
     958      16.9776        30.0697
     959      17.1308        31.1303
     960      17.0455        30.6904
     961      16.8603        30.6957
     962      16.9255        30.2243
     963      16.9749        30.6779
     964      17.0994        30.6060
     965      16.9660        30.2991
     966      17.0239        30.3042
     967      17.2720        30.2459
     968      16.9746        30.4341
     969      17.1333        30.0954
     970      17.0763        30.2538
     971      17.0344        30.9886
     972      17.0839        30.6085
     973      16.9593        30.1107
     974      17.0007        30.4024
     975      16.7963        30.5749
     976      16.9858        30.2976
     977      16.8332        29.5390
     978      16.8432        28.9022
     979      16.8900        30.1524
     980      16.9311        30.2095
     981      16.8846        29.4120
     982      16.7643        30.2250
     983      16.6615        29.9015
     984      16.8428        30.3194
     985      16.7880        29.5486
     986      16.9007        30.4719
     987      16.8551        30.2420
     988      16.9278        30.9076
     989      16.8744        30.5644
     990      16.7721        30.2944
     991      16.8239        31.0152
     992      16.7675        28.7428
     993      16.7577        28.6740
     994      16.7677        29.1411
     995      16.7696        29.2712
     996      16.7066        30.1290
     997      16.6810        28.9017
     998      16.7299        29.0753
     999      16.9595        29.3224
    1000      16.7722        30.6345
