 40.637 36.392 36.315 40.972 40.263 37.662 46.246 38.445 38.421 33.967 33.715 31.933 38.707 31.069 25.825 29.936 27.870
 42.561 39.022 39.440 42.979 41.359 38.240 46.676 39.274 39.721 36.725 36.269 31.841 38.159 34.380 28.711 30.979 28.980
 42.506 39.050 37.900 39.134 37.235 35.729 46.819 41.280 41.548 32.624 29.090 35.538 39.612 30.057 27.972 35.129 22.367
 33.112 29.901 27.955 28.489 28.144 27.842 38.654 33.689 33.522 21.645 17.869 30.271 33.891 19.055 19.638 29.365 15.719
 32.503 27.191 25.556 31.926 33.777 32.830 41.214 33.464 32.380 23.507 23.954 30.207 36.913 19.429 16.871 26.301 23.654
 37.205 33.929 34.496 37.823 36.487 33.316 41.392 33.887 34.350 31.716 31.786 26.602 33.210 29.597 23.723 25.784 25.133
 40.707 39.293 38.451 35.034 30.740 29.151 41.505 38.452 39.676 30.682 25.003 32.357 33.503 29.739 28.824 34.791 14.898
 25.338 21.061 21.285 27.288 28.889 26.612 33.029 24.189 23.541 19.998 22.909 19.793 28.033 17.283 10.741 15.950 21.733
 26.288 21.030 18.907 25.677 28.922 28.549 35.994 28.447 27.014 16.897 18.799 26.899 33.369 12.491 11.464 22.620 21.853
 40.045 38.959 39.236 36.732 32.205 29.124 39.860 35.933 37.584 32.781 29.287 28.153 30.220 32.141 28.782 31.318 18.498
 37.398 35.461 36.446 37.284 34.537 30.855 39.108 32.842 34.068 32.503 31.864 24.610 29.768 31.340 25.747 26.066 23.491
 33.431 29.713 30.367 35.066 34.789 31.736 38.902 30.567 30.645 28.563 29.856 23.923 31.626 26.216 19.748 21.858 24.918
