 44.123 41.374 43.400 43.510 39.703 35.639 43.214 40.735 41.604 38.280 37.231 29.606 33.248 36.778 31.972 33.522 27.451
 45.876 43.947 46.220 44.816 40.136 35.791 43.124 41.690 43.029 40.592 39.084 30.323 32.571 39.645 35.061 35.154 28.007
 42.652 39.818 40.451 39.157 35.491 32.248 42.598 40.404 41.485 33.508 30.122 31.232 33.985 31.798 29.910 35.176 20.496
 33.765 30.228 30.140 30.617 29.038 26.784 36.791 33.087 33.537 23.563 21.287 26.031 30.427 21.198 20.353 28.356 17.061
 35.471 30.741 31.735 35.818 34.931 32.143 39.790 34.691 34.305 28.080 28.741 25.967 32.650 25.106 20.420 26.965 24.835
 40.913 39.263 41.724 40.228 35.741 31.364 38.159 36.585 37.953 36.241 35.304 25.183 27.708 35.534 30.775 30.155 24.953
 40.437 39.573 40.001 34.161 28.706 25.505 37.208 37.302 39.486 30.946 25.214 29.428 28.911 30.747 31.097 35.029 12.346
 29.793 26.702 29.363 31.956 30.347 26.822 31.780 27.099 27.136 26.210 28.488 16.541 23.764 24.749 18.143 18.627 23.990
 29.023 23.838 24.724 30.367 30.874 28.662 35.264 29.144 28.265 22.028 24.439 21.933 29.691 18.747 13.513 21.560 23.953
 41.029 40.986 42.554 36.322 29.901 25.682 35.337 36.327 38.889 34.277 30.124 26.849 25.253 34.667 33.141 33.537 16.538
 40.052 39.658 42.216 38.354 32.809 28.202 34.904 34.847 36.929 35.864 34.242 23.781 24.006 36.006 32.094 30.038 22.807
 37.443 35.391 38.080 38.010 34.398 30.166 36.012 33.436 34.377 33.535 33.817 21.918 26.049 32.622 27.026 26.117 25.228
