#Frame        phi:121      psi:121
       1    -101.9551      -4.2334
       2    -117.8690      -3.6982
       3    -131.6622      -0.3380
       4    -117.5142     -12.5606
       5     -98.1218     -14.3461
       6    -124.2768      -5.9335
       7    -111.4322     -18.2036
       8    -107.8448      -9.1912
       9    -104.0574      -9.3542
      10    -110.2114     -11.6890
      11     -98.4188       9.1558
      12    -102.2075     -19.9939
      13     -94.2301      -8.3235
      14    -130.8321      -6.4226
      15    -108.1291      -6.0069
      16     -94.6007      -6.5571
      17     -97.1524     -11.2053
      18     -86.4555      -0.8251
      19    -111.4369      -2.9472
      20    -117.6451     -14.6793
      21    -117.4791     -11.3440
      22    -123.8344      -5.2370
      23    -108.7090      -6.7808
      24     -95.8761     -16.1074
      25    -131.2894       5.6363
      26    -100.0372     -25.5002
      27    -120.4224      -3.7244
      28    -128.1599     -16.0724
      29    -100.0146       3.7909
      30    -100.6878     -23.8710
      31    -121.1404     -26.7721
      32    -117.7417     -10.8243
      33    -106.3744     -40.8919
      34    -117.1697     -14.9649
      35     -90.8208     -28.3576
      36    -119.4497     -10.3777
      37    -131.0948     -17.1037
      38    -120.0341     -26.9622
      39    -108.8073     -17.9881
      40    -110.4977     -26.3613
      41    -114.2792     -14.8159
      42    -116.2136     -22.0810
      43    -107.4278     -14.2190
      44    -112.8736     -20.3586
      45    -110.9161      -9.0337
      46     -99.4860     -24.1928
      47    -113.8855     -27.6406
      48    -117.8366      -9.2430
      49    -111.7698     -12.2486
      50    -113.1008      -6.1239
      51     -99.5063     -39.0932
      52    -106.4492      -5.7137
      53    -113.7175     -31.2773
      54    -120.2884     -38.1230
      55    -112.9989     -26.8055
      56     -96.2756     -16.0326
      57    -117.5242     -22.5698
      58     -90.7716      -9.6384
      59    -120.8663     -10.8978
      60    -120.2152       5.8010
      61     -95.4010     -19.5700
      62    -107.0558     -38.1832
      63    -114.0888       0.9671
      64    -130.2030     -21.6346
      65    -118.2944     -24.6376
      66    -103.6985     -13.2914
      67    -123.1030     -20.6645
      68    -127.6976      -7.9664
      69     -99.1520      -9.6868
      70    -105.2221     -31.6918
      71    -119.2250      -1.7150
      72    -112.8088     -18.9245
      73    -119.0574     -13.6122
      74    -124.9407     -14.8506
      75    -111.3008     -13.3727
      76    -109.9836     -13.6747
      77     -94.1800     -13.8293
      78    -130.6065      -2.5699
      79    -117.9316     -29.5031
      80    -122.2483     -26.4906
      81    -116.4411      -4.3258
      82    -107.5527     -24.5020
      83    -106.2049     -20.9690
      84    -107.6834      -6.8584
      85    -105.3588      -7.1218
      86     -97.6806     -11.9105
      87    -102.5858      -8.0961
      88    -109.6267     -27.8987
      89    -117.4113      -4.6657
      90     -93.3004     -19.2005
      91    -116.6035     -18.4192
      92     -94.5547      -9.5673
      93    -102.8602     -14.9748
      94    -103.5243     -16.7480
      95     -91.8157     -27.3070
      96     -86.9254     -10.2366
      97    -100.7050     -28.2625
      98    -128.2036     -17.4724
      99    -131.1853     -26.1507
     100    -100.5270     -11.1101
     101    -110.5446     -16.4752
     102    -127.0626     -18.6848
     103    -110.4497      -7.0484
     104    -121.5911     -18.6496
     105    -117.7448     -11.2396
     106    -106.2284     -38.2096
     107     -91.8597     -13.5848
     108    -116.4251     -15.2896
     109    -118.9874     -17.4353
     110    -104.4582     -15.0891
     111    -110.0562     -28.4429
     112     -94.4158     -34.7376
     113    -122.4350     -23.2034
     114    -119.6901      -0.8294
     115    -114.9282      -8.9114
     116    -115.5453     -11.5553
     117    -118.4907     -10.3539
     118    -105.8159     -20.9336
     119    -116.6841      -1.2683
     120     -93.8600     -31.2984
     121    -123.2768     -17.2205
     122    -124.5912     -17.5530
     123    -107.4783     -19.1313
     124    -107.7398     -19.4154
     125    -124.2323       7.7848
     126    -113.3281     -21.8659
     127     -99.5652     -25.9571
     128    -111.7564     -18.3783
     129    -122.3025      -9.0370
     130     -84.2853     -20.2143
     131    -113.5354     -12.3842
     132     -96.7889      -4.0683
     133    -105.0411     -21.2488
     134    -103.4451      -4.7525
     135    -117.1475     -13.8267
     136    -113.9960     -25.3406
     137    -118.1181     -32.2104
     138    -140.0743     -11.5984
     139    -128.6143     -30.4740
     140     -94.9145     -29.3573
     141    -110.0228     -22.0397
     142     -90.7384     -19.2886
     143    -105.5336     -12.8439
     144    -120.7896     -14.0038
     145    -107.3541     -33.6389
     146    -115.7664     -17.2647
     147    -111.7194      -3.6271
     148    -110.7384      -8.7888
     149    -132.5856       9.3050
     150    -122.7901     -15.0474
     151     -99.6717      -6.1919
     152     -89.1113     -35.5187
     153    -124.5472     -43.0430
     154    -101.3334      -5.7170
     155    -106.9900     -17.3101
     156     -94.6804     -26.3549
     157    -100.6958     -15.6020
     158     -97.9912      -9.0274
     159     -99.3753     -11.2296
     160    -116.4790     -10.1255
     161    -104.7131      -9.3701
     162     -93.0753     -12.7202
     163    -120.1031     -24.3933
     164    -110.9526     -10.1565
     165    -106.9963     -25.0690
     166    -113.3466     -12.6188
     167    -112.5476     -15.4702
     168    -119.8406     -18.2021
     169    -108.3411     -16.1938
     170    -132.6774     -17.1822
     171     -98.7485     -27.9114
     172    -130.2771     -27.7389
     173    -104.6972     -24.9472
     174    -107.3897     -22.4301
     175    -101.9447     -23.7163
     176    -118.0265      -0.0076
     177    -101.2303     -12.8630
     178    -105.3479     -12.7759
     179    -114.2567     -18.0455
     180    -100.5775     -28.4087
     181    -123.4769     -10.1071
     182    -100.8741     -14.4836
     183    -109.1836     -11.8960
     184     -97.1626     -39.8940
     185    -117.7840     -13.1626
     186     -91.5599     -24.9015
     187    -117.2873     -22.5102
     188     -91.4102     -36.9194
     189    -117.1629     -17.6858
     190    -103.4803      -7.8253
     191    -127.4624     -19.1016
     192    -100.5080     -13.0755
     193    -100.8992     -24.2110
     194    -138.8746     -13.2290
     195     -92.8535     -19.2085
     196    -112.6370     -17.8072
     197    -104.7151     -18.5589
     198    -106.6018     -10.3480
     199    -117.3515     -17.7625
     200    -124.2578     -12.9468
     201    -116.8290     -17.7768
     202    -115.9174      -9.4944
     203     -93.0826     -20.4396
     204    -107.6670      -9.2796
     205    -104.5380       8.0287
     206     -81.4747     -23.5612
     207     -94.1657     -34.9450
     208    -116.3072      -4.7933
     209    -105.3523     -23.5958
     210    -116.2411      -1.1970
     211    -106.0938     -15.8354
     212    -111.1953     -15.5768
     213     -99.6266     -21.5684
     214     -86.1944     -32.3627
     215    -114.3733     -14.5809
     216    -103.3392     -20.8695
     217    -108.7927     -11.7873
     218    -102.4538      -8.2687
     219    -119.2260     -13.3358
     220    -101.0378     -38.3888
     221    -107.1946     -19.1378
     222    -115.6924     -15.2732
     223    -111.8485     -24.0298
     224    -113.5884     -25.4354
     225    -101.8323     -32.5162
     226    -100.1516      -9.1915
     227    -121.0203     -19.6068
     228    -113.0509      -3.4513
     229    -123.3905     -11.0172
     230    -110.0124     -13.1444
     231     -95.0603      -8.1221
     232    -116.9989     -29.0372
     233     -99.8319     -27.6090
     234    -100.9459      -8.0779
     235    -104.6284     -12.4884
     236    -111.5998     -20.6058
     237    -103.8196       1.3578
     238    -104.3404     -29.5728
     239     -91.3462     -17.7664
     240    -129.8149     -21.3125
     241     -88.6807     -20.4171
     242    -108.6426     -17.5541
     243    -111.5265       6.9806
     244    -105.6083     -10.4438
     245    -109.8419      -6.4025
     246    -107.3498     -11.6433
     247    -111.4314     -22.4158
     248     -95.4033      -3.7583
     249     -93.4928     -16.3365
     250    -104.7203     -28.9586
     251    -103.0132     -17.3306
     252    -115.6563      -0.8093
     253    -113.4594     -13.0304
     254    -109.1758     -28.7719
     255    -113.5466      -6.5498
     256    -106.1600     -22.3818
     257     -97.2735      -8.6538
     258    -111.2562      -6.0424
     259    -125.9756      -4.4468
     260    -109.7149      -5.2612
     261    -107.2802     -13.6499
     262    -128.0214      -5.1168
     263    -102.6756     -20.7917
     264    -102.7453     -26.9615
     265    -102.2227      -8.9422
     266    -132.5698     -17.3891
     267    -104.6918     -23.4915
     268    -101.9948     -18.7049
     269    -114.4287      -8.2678
     270    -102.1457     -19.2796
     271     -96.4118     -17.7709
     272    -113.8736     -22.3771
     273    -100.2891     -27.0506
     274    -119.6646     -16.4596
     275     -97.3751     -32.3968
     276    -118.4867     -12.3311
     277    -117.2371      -2.0527
     278    -125.9432     -29.3558
     279    -113.1090     -18.2026
     280    -120.2356     -19.2587
     281     -98.8329     -28.4094
     282    -127.9596     -27.2520
     283    -113.0716     -10.6921
     284    -149.6044      -3.9342
     285    -108.3002     -25.0757
     286    -115.9095      -2.2202
     287     -89.0214     -42.0935
     288    -119.4605     -10.7318
     289    -109.7268     -27.7889
     290    -117.6766     -17.9459
     291    -112.4225       7.9839
     292    -101.4260      -2.3896
     293     -99.4403      -5.2246
     294    -122.4168      -0.7149
     295    -109.6646     -15.5887
     296    -116.0483     -18.7879
     297    -114.6186     -31.8924
     298    -110.7971      -0.6332
     299    -108.4854     -23.2344
     300    -114.9411      -5.3136
     301    -122.2234     -13.4858
     302    -102.5164      -4.7477
     303    -128.7084     -13.2452
     304    -109.6161     -22.3361
     305    -106.9128     -20.2835
     306    -104.0993      -5.7433
     307    -106.8812     -24.7329
     308     -85.6480     -26.1874
     309    -111.9983      -6.3830
     310    -112.0816     -20.2287
     311     -96.5316     -10.4196
     312    -116.1818     -26.9558
     313    -106.6389     -49.2945
     314    -114.1564      -7.5625
     315    -106.4185     -20.4879
     316    -113.0273      -7.1075
     317    -111.4029     -14.5778
     318     -97.9078     -26.5533
     319    -116.3596     -18.0101
     320    -114.3256      -5.6933
     321    -120.7009     -21.4442
     322     -97.3677     -32.5617
     323     -99.2495     -26.2718
     324     -89.5151     -48.2138
     325    -109.8376     -13.7801
     326    -130.5215     -16.2065
     327    -112.8345      -7.2699
     328    -116.3155      -8.2389
     329    -114.9231     -26.3256
     330    -112.6943     -28.9573
     331    -124.7207     -13.8011
     332     -88.3459     -18.4052
     333    -124.5821      -8.4425
     334    -120.5738     -12.2389
     335    -127.1119       2.1572
     336    -131.4375      -7.2413
     337    -102.6977     -27.2865
     338    -101.2893     -24.4869
     339    -108.6981     -28.9446
     340    -116.7538       4.9554
     341    -109.9031     -28.3637
     342    -111.1069     -17.5866
     343    -120.7751      -9.7062
     344    -104.7749     -20.9711
     345    -136.3068     -14.6107
     346    -127.5094      -0.4482
     347    -126.2603      -6.5238
     348    -116.4409       1.7976
     349    -113.9627     -22.6278
     350    -109.0339      -1.1119
     351    -114.0941     -14.2479
     352    -117.8892     -14.5303
     353     -86.2508     -32.6169
     354    -105.2898     -18.4261
     355    -112.5386      -6.8545
     356    -100.0775     -16.8399
     357    -106.3978     -18.4796
     358    -117.1022      -4.8209
     359    -100.1880     -20.8511
     360    -112.4859      -7.6510
     361    -106.5933     -11.7137
     362    -107.0519     -27.1943
     363    -109.8328      -9.8079
     364    -115.5757     -14.2062
     365    -103.8979     -16.5955
     366    -102.8075      -9.7288
     367    -138.7745       8.4717
     368    -132.3766     -10.3537
     369    -132.0985      -2.9193
     370    -122.7490     -12.9591
     371    -125.6020      -4.9950
     372    -149.0830     -19.7615
     373    -133.1401     -13.8281
     374    -138.1254      -6.1572
     375    -139.3280     -16.7376
     376    -125.4502      -2.6272
     377    -127.2485       8.2261
     378    -131.2232       6.6775
     379    -118.3083      -5.5859
     380    -119.3751      -6.0376
     381    -129.3196      -9.8227
     382    -127.0727       3.9878
     383    -111.2264      -1.8178
     384    -124.9646      10.2175
     385    -148.4240     -15.7229
     386    -119.3776       5.1541
     387    -143.1530     -20.7381
     388    -129.6753     -16.3947
     389    -124.5415      -1.1684
     390    -142.3355     -13.9221
     391    -132.8804      -9.6573
     392    -131.8973      -6.1177
     393    -128.8771      -3.9138
     394    -123.7597     -14.9717
     395    -137.3077       2.0224
     396    -125.7323      -5.2839
     397    -134.5532       9.3429
     398    -131.8630      -7.7499
     399    -123.9395     -25.9110
     400    -126.0786      -0.6972
     401    -129.3035       6.0085
     402    -132.7696      21.5001
     403    -140.1380      -6.9941
     404    -132.4989       0.6286
     405    -133.1165      -6.1848
     406    -122.5668      -2.6598
     407     -93.8174     -40.5968
     408    -139.3180       0.4638
     409    -123.5202       2.8285
     410    -143.2327      -0.8156
     411    -136.7365      -0.0481
     412    -127.0236       7.0545
     413    -145.8506     -10.9514
     414    -123.2875     -18.6473
     415    -135.4856       0.2704
     416    -120.7399      -7.4366
     417    -122.0351      11.1384
     418    -125.6265      -7.6451
     419    -136.2826      -3.2257
     420    -138.9545     -12.5513
     421    -120.5862      -3.1661
     422    -130.9744     -12.3777
     423    -139.8063     -16.0251
     424    -122.5754       2.6500
     425    -120.1819     -11.6352
     426    -128.5480     -14.3892
     427    -105.8724     -20.4297
     428    -127.9030      -3.2264
     429    -107.2718     -31.3172
     430    -110.8774     -18.7064
     431    -119.5857     -22.3599
     432    -126.0446     -23.4148
     433    -106.2966     -21.4165
     434     -77.2287     -15.9100
     435    -117.8142     -10.8379
     436    -113.3527     -21.7203
     437     -80.7856     -23.1024
     438     -98.3716     -23.5480
     439     -94.8148     -20.8269
     440     -84.4854     -10.1464
     441    -102.3891     -27.3764
     442    -112.4546     -11.9499
     443     -97.9456     -11.0765
     444    -108.3345     -13.5831
     445    -102.0378     -21.7659
     446     -78.5426     -24.2916
     447     -97.6706      -4.8701
     448    -104.3570     -13.7230
     449    -120.4773      -3.1088
     450     -89.3513     -28.9284
     451     -93.1994      -5.4043
     452    -107.4466     -26.5036
     453     -97.7696     -28.0451
     454    -136.4288       6.5555
     455    -107.7804     -11.7508
     456    -106.8398      -3.4526
     457    -106.8209     -20.4493
     458    -105.9049     -16.0165
     459     -98.7161     -19.0930
     460    -113.5998     -29.5684
     461     -91.5218      -8.4683
     462     -98.9521     -29.8498
     463    -121.9711       3.6714
     464    -109.0911      -2.0324
     465    -104.1248     -21.2484
     466    -102.0445     -19.5461
     467    -111.6558     -15.6596
     468    -111.5968      -6.0344
     469    -107.5612      -7.0513
     470    -105.0735     -26.1679
     471    -122.5642     -21.0651
     472    -109.6417      -3.3646
     473    -112.5553     -15.6429
     474    -100.2907     -19.5259
     475     -92.7702     -20.9380
     476    -103.0799      -2.7015
     477     -85.6643     -41.7790
     478    -126.8230      -9.3323
     479    -112.0282     -20.5921
     480    -111.5046      -0.7175
     481    -130.0538       2.6809
     482    -106.3426      -6.4384
     483    -117.0717      -5.8866
     484    -111.0544      -2.5062
     485    -108.8988      -9.9180
     486     -93.8301     -23.1747
     487    -114.6078     -12.4621
     488    -110.7400      -2.1127
     489     -95.7183      -9.1378
     490    -109.8979      -4.5450
     491    -111.1690      -6.4312
     492     -94.8158     -16.9920
     493    -109.9804     -19.9599
     494     -92.7332      -5.5315
     495    -125.8059       4.4193
     496    -105.0049      -2.5552
     497    -119.1117     -18.1888
     498    -113.3833      -8.2671
     499    -111.1521       3.7505
     500    -126.7791       1.6693
     501    -111.6016      -9.4815
     502    -144.7411       8.8600
     503    -110.1583       1.5419
     504    -108.8260      -8.9535
     505    -148.8977       1.1505
     506    -108.2103      -3.5886
     507    -111.3405      -4.0723
     508    -133.2967      -9.6437
     509    -128.1423       9.0437
     510    -123.7510     -11.8301
     511    -114.9732     -15.8219
     512    -117.1698     -15.3276
     513     -89.0910      -6.9940
     514    -129.3843      -3.8773
     515    -115.9167      -8.2632
     516     -98.8620      -6.7793
     517    -132.2894     -12.9086
     518     -96.3237       5.2199
     519    -136.2002     -15.3958
     520    -130.6937       3.7947
     521    -100.3798     -17.0849
     522    -129.0971     -15.4539
     523    -140.5900      -5.7825
     524    -137.8646     -24.0140
     525    -141.1536     -19.0765
     526    -132.2026      -9.9017
     527    -129.8444       4.6123
     528    -130.6857      -1.2969
     529    -118.1056     -16.3506
     530    -123.5613       4.3528
     531     -87.3779     -14.4424
     532    -110.5194       8.7962
     533    -138.3747      -2.1965
     534    -133.0415      12.9476
     535     -72.8452     -10.4442
     536     -95.7529      -5.9337
     537    -122.5000      15.3801
     538    -123.7114     -13.7077
     539    -143.1853      -6.2600
     540    -132.0774     -18.5842
     541    -104.2579      -1.8308
     542    -121.2090      -8.5239
     543    -125.2188     -18.6460
     544    -136.1527      -1.7883
     545    -111.1972       2.5092
     546    -110.9890      -0.9308
     547    -143.6167     -24.1171
     548    -119.6603     -13.1552
     549     -90.2371       4.7859
     550    -123.9824       2.5701
     551    -117.4288      -9.4447
     552    -110.9432       7.5410
     553     -90.5454       0.1312
     554     -92.8117       6.6730
     555    -100.4101      -5.7705
     556    -119.5171     -13.2789
     557    -118.9389      -2.1850
     558    -114.9931      -3.8767
     559    -126.0776      -0.7107
     560    -136.8350       4.7340
     561    -109.4811      -1.0671
     562    -136.8487       1.0409
     563    -145.9916       7.3476
     564    -129.0757     -11.6965
     565    -127.8479      12.8643
     566    -154.4918      10.1038
     567    -136.7186     -12.8453
     568    -117.8023      10.8391
     569    -153.2890      -5.4409
     570    -146.7573      -7.1680
     571    -144.3599      -7.4811
     572    -137.5039      19.6276
     573    -131.4593     -10.3280
     574    -135.2598       5.6045
     575    -118.2125      10.1352
     576    -102.1212      -1.1512
     577    -110.5523       9.8075
     578    -125.5713      -2.2163
     579     -87.6916      -9.2488
     580    -126.3663      -0.5011
     581    -131.1095      26.1460
     582    -105.0853      -6.8013
     583    -127.2077      15.2645
     584     -98.2792      -3.7070
     585    -118.5688       0.2494
     586    -115.3923       0.5680
     587    -108.8709      14.0979
     588    -114.7110       9.5600
     589    -109.4611      -0.4998
     590    -109.0864     -13.1511
     591    -121.1740      -0.4910
     592    -120.6966       9.3183
     593    -111.2061       0.6905
     594    -103.4369       6.6715
     595    -124.2934       6.5424
     596    -132.7258      -3.1504
     597    -135.9418      12.7549
     598    -115.0929      -9.2122
     599    -134.8012       6.0618
     600    -134.2029      -2.4735
     601    -135.1808       3.0495
     602    -136.9553       1.8621
     603    -109.9412       7.2446
     604    -139.2455       1.3232
     605    -136.1502       9.9886
     606    -143.7642      29.8574
     607    -128.6167      -6.4731
     608    -122.4524       2.0179
     609    -130.3566       8.0834
     610    -131.5045     -19.5726
     611    -142.4105      -1.5221
     612    -107.7952     -12.7486
     613    -123.3099     -11.8407
     614    -143.1387       1.1171
     615    -115.9653      -3.3990
     616    -142.0505     -11.2686
     617    -116.8513      12.2592
     618    -112.9883      14.5006
     619    -125.1838      -1.4901
     620    -122.4124      -4.7999
     621    -116.5236      -1.3319
     622    -104.3975       3.3840
     623    -133.5782       0.8510
     624    -125.4128      -6.5767
     625    -124.2248      -5.5109
     626    -134.7577      -9.2600
     627    -153.9243       3.9880
     628    -144.6087       8.5268
     629    -132.7931      -1.1482
     630    -146.9624      -1.6869
     631    -121.3968       1.7522
     632    -132.1875     -20.8267
     633    -132.2187       7.7669
     634    -121.9263      -8.1252
     635    -131.0998     -16.1676
     636    -125.9521      -0.6521
     637    -117.4660     -16.0017
     638    -115.7588     -12.7176
     639    -132.8330      -4.4098
     640    -133.8087       6.3525
     641    -113.0327       8.5420
     642    -134.3257       4.2735
     643    -136.5623     -16.9620
     644    -142.6089     -31.9191
     645    -141.3664      12.0547
     646    -100.7135     -16.5117
     647    -105.5358      -3.7156
     648     -97.2012      -5.1049
     649    -111.5752     -18.0479
     650    -101.3812      -4.1222
     651    -110.5946       8.3911
     652    -118.4577     -12.7470
     653    -113.0074      -7.4932
     654    -106.7694      14.1560
     655    -118.5566       7.9584
     656    -114.4601      -0.9362
     657     -99.0231     -17.6905
     658    -107.3665     -10.2268
     659    -124.8898      -0.4862
     660    -115.5687     -13.0825
     661    -123.5711     -20.9215
     662    -117.2133       2.2934
     663    -117.1208      -6.5024
     664    -118.4855      -9.4093
     665    -118.7085      -9.6490
     666    -104.2186     -10.9586
     667     -87.0530       1.4083
     668    -118.3137      -8.2500
     669    -114.3364      -3.1628
     670    -112.1421      -5.8880
     671    -129.8859      -4.1706
     672    -102.1354       4.1328
     673    -108.0230      -7.6987
     674    -107.9089      -3.2448
     675    -109.4966     -13.0144
     676    -125.3789      -3.1343
     677    -106.0620     -22.2421
     678    -112.9686     -12.2381
     679    -128.3014     -11.6278
     680     -90.8628      13.4704
     681    -116.0070     -24.0204
     682    -112.4110     -12.7821
     683    -127.7365      -3.5611
     684    -109.3296     -11.5152
     685    -132.9549      10.2419
     686    -117.8811     -12.8316
     687    -104.6528       0.3127
     688    -107.5363      13.8744
     689    -121.2903      -1.1074
     690    -108.8359      -6.0298
     691    -126.7519     -20.4113
     692     -88.8702      -0.4426
     693    -131.4194       4.8224
     694    -101.6210       5.1461
     695    -137.8953       2.3645
     696    -107.7640      -5.8317
     697    -107.8985     -15.7233
     698    -129.8048      -0.9260
     699    -129.9719     -12.3624
     700    -123.1946      -0.4870
     701    -125.2445      -7.6773
     702    -123.9760     -18.7730
     703    -138.1340       7.6366
     704    -120.1854       7.6763
     705    -111.8265      -4.2683
     706    -121.6569      -6.7526
     707    -110.4308      -0.3611
     708    -116.3640      -9.2391
     709    -125.0202       0.7902
     710    -145.1586      13.0597
     711    -134.1493     -10.8192
     712    -107.3231      -5.6916
     713    -112.7226     -11.1287
     714    -106.8549      -9.0902
     715    -136.8030       7.5055
     716    -140.7203      -9.6090
     717    -117.8157     -11.5425
     718    -119.5083      -0.0069
     719    -124.9383     -16.5201
     720    -136.7612      -8.5708
     721    -131.8548      -8.3498
     722    -118.3668      -2.7031
     723    -125.8223     -22.7426
     724    -118.9972     -15.3016
     725    -123.3396     -12.6989
     726    -126.0951     -28.0274
     727    -115.0895      -8.1996
     728    -107.5824      -7.8609
     729    -103.5365     -21.1890
     730    -132.2176       4.0365
     731     -97.9779     -14.7740
     732    -123.5620      -4.3154
     733    -108.9481       5.9562
     734    -107.2503      -3.2812
     735    -135.1662      -6.5805
     736    -127.0298     -23.0733
     737    -117.8919      -8.8261
     738    -121.7684       4.5752
     739    -120.7616      11.1576
     740     -99.4996     -14.5594
     741    -100.8935      -5.0969
     742    -129.7094     -16.4744
     743    -128.7402       4.8221
     744    -122.4447     -21.4576
     745    -129.3629     -11.9732
     746    -140.3959      -2.0958
     747    -102.7085     -18.8597
     748    -121.2849       0.7021
     749    -121.7619      -7.7158
     750    -113.6315     -18.8144
     751     -80.8331      -7.6065
     752    -102.0677      -3.4531
     753    -121.2794     -42.9324
     754    -103.8512       2.2705
     755    -124.7250      -8.2353
     756    -110.5763       0.2148
     757    -125.1357     -18.0408
     758    -125.4603      -3.3258
     759    -126.1153     -22.3515
     760     -87.2574      -6.6396
     761    -109.6574       2.1685
     762    -100.4617     -12.2045
     763    -120.5396     -26.2787
     764    -112.4216     -22.7629
     765    -119.6984     -15.3135
     766    -105.0899     -25.7172
     767     -99.0041     -16.2957
     768    -101.7936     -19.2473
     769    -122.7901     -11.8694
     770    -108.6409     -24.0785
     771    -117.6288     -18.9699
     772    -123.4024      -4.1831
     773     -89.3499     -26.3602
     774     -97.3245     -26.0740
     775     -84.4204     -12.3937
     776    -132.9630       0.4417
     777     -85.4859     -11.8575
     778     -92.8520     -19.3123
     779    -103.8705     -28.7801
     780     -84.9068      -5.7171
     781    -121.8701     -13.0302
     782    -113.1151     -18.8843
     783    -101.4838     -26.8124
     784    -125.5565      -0.9541
     785     -98.0757     -17.3283
     786     -95.1470     -24.9907
     787    -108.5844     -31.5491
     788    -122.8539     -23.4238
     789    -102.2813     -33.8389
     790    -102.8894      -8.6046
     791    -118.9472      -3.9683
     792    -101.6366     -12.9801
     793    -111.9801      -9.0550
     794    -108.5901     -23.7425
     795     -99.5689     -17.9128
     796    -117.3916      -7.9570
     797    -113.7101     -13.6269
     798    -104.8602     -16.2269
     799     -93.4125     -10.7151
     800    -105.1091     -18.0550
     801    -110.7886      -7.4023
     802    -124.9939      -8.6019
     803    -124.7478     -18.7373
     804    -106.3744     -16.5396
     805    -110.6375     -33.2385
     806    -107.5992     -22.8249
     807    -106.0862     -11.4771
     808    -101.0717     -14.3952
     809     -90.3977     -26.8052
     810    -115.9345      -0.5519
     811    -106.0030      -3.8879
     812    -111.7482     -17.0216
     813    -116.8871      -9.7809
     814    -109.0815     -11.1693
     815     -89.4269     -32.1584
     816     -83.4996      -8.8535
     817     -95.3611      -5.0349
     818    -113.4584      -4.2517
     819    -108.0719     -38.6763
     820    -115.2712     -10.7877
     821     -96.5978      -9.9423
     822     -98.2848     -17.6806
     823     -82.1585     -25.2220
     824     -94.3766      -4.8517
     825     -93.8841     -20.6899
     826    -108.0924     -15.7748
     827    -121.7353     -12.6489
     828    -123.7896     -12.2207
     829    -128.9197     -18.0768
     830    -127.1969      -8.9184
     831    -126.8218      -7.7615
     832     -74.5048     -24.7613
     833    -105.6684      -4.1700
     834     -99.6657     -18.7799
     835    -110.3405     -20.1649
     836    -108.3720      -6.6748
     837     -87.5996     -26.3561
     838    -111.6691       4.1811
     839    -104.2192      -4.7581
     840    -121.3516      12.5379
     841     -85.9107     -18.4206
     842    -105.3724      -7.2390
     843    -106.5012     -13.0953
     844    -137.9765     -11.5129
     845    -106.9855      -0.2543
     846    -108.5960      -8.5494
     847    -111.5610      -9.1201
     848    -115.6749      -2.3538
     849     -99.6562      -3.2450
     850     -89.8705     -24.3922
     851     -94.8327     -13.2653
     852    -105.8749       1.2052
     853    -142.1848     -14.3195
     854    -121.6399       5.5678
     855    -115.6080     -23.6292
     856     -96.3789      -2.0687
     857    -109.1397     -11.9341
     858     -84.9328     -10.9606
     859    -119.8894     -20.8718
     860    -125.6000     -12.9402
     861     -94.4797     -13.1903
     862    -101.8278     -21.6275
     863    -121.6023       1.7222
     864     -86.9512     -22.1289
     865    -118.4714     -20.0664
     866    -116.8787      -4.5519
     867    -121.0076       2.2816
     868     -96.2709     -18.5929
     869    -104.7148       2.5515
     870    -112.8775      -2.5735
     871    -115.2059      -3.5192
     872    -108.7028       3.7378
     873    -124.4400      -3.2474
     874    -119.4200       0.0579
     875    -128.1200       5.5726
     876    -137.5431     -15.5812
     877    -113.0978     -10.9451
     878    -124.1861      -2.2239
     879    -128.6418     -24.5038
     880    -113.1962      10.3486
     881    -118.0706     -15.7067
     882    -124.9820     -14.1520
     883    -121.7887     -25.9109
     884    -132.6983      -9.2525
     885    -116.9201     -28.8326
     886     -96.6697      -4.4771
     887    -122.4609      -2.8415
     888    -122.9679      -2.5206
     889    -135.7073      15.3106
     890    -129.8485      -8.0304
     891    -119.8661       0.4780
     892    -141.6183      15.0814
     893    -116.9296       7.3357
     894    -123.4753     -16.4427
     895    -132.8999     -11.3577
     896    -123.2745     -14.4206
     897    -145.5382      -2.2966
     898    -118.6211     -20.2917
     899    -127.7936      -5.2583
     900    -117.9678     -17.7436
     901    -116.3208      -4.0852
     902    -125.5927     -19.8863
     903    -120.1148     -23.6993
     904    -137.4335       4.8568
     905    -125.2878      -6.8154
     906    -145.4992      -0.8401
     907    -135.4887      -8.3295
     908    -137.3529      -7.4002
     909    -122.3541      -2.4963
     910    -107.7264     -11.6626
     911    -129.3410     -19.6035
     912    -127.5139      -6.1249
     913    -137.6551      -8.9121
     914    -129.7129      18.8108
     915    -133.2400      -4.5094
     916    -136.9214     -14.4495
     917    -148.0613       5.1314
     918     -90.4843      -7.0645
     919    -132.6733     -15.2089
     920    -129.2309     -21.4391
     921    -126.2699      -6.7481
     922    -117.9082       7.3551
     923    -140.5980      -1.6766
     924    -115.5204       0.1105
     925    -135.3916     -18.0869
     926    -124.6427     -13.6900
     927    -138.9506     -12.5883
     928    -127.8074     -11.5176
     929    -137.3195      -8.8502
     930    -134.0223     -24.7258
     931    -153.6288      -0.6768
     932    -134.2183      -0.0039
     933    -126.4048       2.4689
     934    -143.2590       8.1154
     935    -123.7316      -6.6106
     936    -127.7642      -1.5822
     937    -100.3029     -13.7382
     938    -103.4612      -9.8634
     939    -134.0995      -7.7384
     940    -135.6945     -16.4869
     941    -123.0925     -18.8196
     942    -107.1214     -29.7273
     943    -139.2033      -6.8026
     944    -134.9779       7.5689
     945    -133.9335      -4.0763
     946    -133.1495      -7.6028
     947    -128.6456      -4.5617
     948    -130.7624     -11.0678
     949    -142.1748      -2.0918
     950    -129.5917       2.8988
     951    -136.3098       2.2950
     952    -146.8138      -2.6993
     953    -131.5784      -9.8663
     954    -128.3919      10.4704
     955    -135.2993      -9.9351
     956    -125.7103     -16.3905
     957    -127.1978       1.1267
     958    -144.4560     -15.1425
     959    -118.9295       7.3893
     960    -129.3752     -26.4167
     961    -129.9567      -6.2743
     962    -117.8499      -4.4228
     963    -115.3940      -3.2352
     964    -136.2314       7.2873
     965    -114.8991     -11.4256
     966    -118.5408      -8.1966
     967    -126.5069       3.1301
     968    -128.1449     -10.8916
     969    -136.1912       1.6668
     970    -130.7409     -16.2559
     971    -127.0959       2.4434
     972    -126.6492      10.5114
     973    -126.4483     -18.1141
     974    -128.9145      -7.8852
     975    -141.0108       5.1393
     976    -123.0068     -15.6615
     977    -122.5192     -14.2457
     978    -102.9941      -3.6896
     979    -129.0120       8.6728
     980    -124.0595      -0.3248
     981    -120.2566     -23.8972
     982    -118.5593     -18.3624
     983    -132.1022      -6.3781
     984    -143.9164     -19.5599
     985    -127.7461       8.9685
     986    -141.8904      -7.4844
     987    -129.5612       4.3011
     988    -136.3742      -8.1225
     989    -119.1710       1.4036
     990    -112.6466      -6.9726
     991    -122.7676       0.7030
     992    -124.9415     -16.6262
     993    -131.4914      10.5663
     994    -111.6471       2.4008
     995    -125.2155       0.5526
     996    -130.2013       7.4891
     997    -124.7153     -21.4812
     998    -132.4529      -0.3661
     999    -118.3463     -14.4677
    1000    -119.4593     -17.2435
