#Residue     Extended       Bridge         3-10        Alpha           Pi         Turn         Bend
       1       0.0000       0.0000       0.0000       0.0000       0.0000       0.0000       0.0000
       2       0.2570       0.0000       0.0000       0.0000       0.0000       0.0000       0.0000
       3       1.0000       0.0000       0.0000       0.0000       0.0000       0.0000       0.0000
       4       1.0000       0.0000       0.0000       0.0000       0.0000       0.0000       0.0000
       5       1.0000       0.0000       0.0000       0.0000       0.0000       0.0000       0.0000
       6       1.0000       0.0000       0.0000       0.0000       0.0000       0.0000       0.0000
       7       0.7560       0.0000       0.0000       0.0000       0.0000       0.0000       0.2440
       8       0.7560       0.0020       0.0000       0.0000       0.0000       0.0000       0.2420
       9       0.0000       0.0000       0.0610       0.0000       0.0000       0.7780       0.1610
      10       0.0000       0.0000       0.0610       0.0000       0.0000       0.8760       0.0630
      11       0.0000       0.0000       0.0610       0.0000       0.0000       0.8400       0.0990
      12       0.7560       0.0020       0.0000       0.0000       0.0000       0.0000       0.0000
      13       0.7560       0.0000       0.0000       0.0000       0.0000       0.0000       0.2440
      14       0.7560       0.0000       0.0000       0.0000       0.0000       0.0000       0.0510
      15       0.9970       0.0000       0.0000       0.0000       0.0000       0.0000       0.0000
      16       0.9990       0.0000       0.0000       0.0000       0.0000       0.0000       0.0000
      17       1.0000       0.0000       0.0000       0.0000       0.0000       0.0000       0.0000
      18       0.9990       0.0000       0.0000       0.0000       0.0000       0.0000       0.0000
      19       0.0000       0.0000       0.0000       0.0000       0.0000       0.0000       0.9480
      20       0.0000       0.0000       0.0000       0.0000       0.0000       0.0000       1.0000
      21       0.3890       0.0000       0.0000       0.0000       0.0000       0.0000       0.0000
      22       0.3890       0.6050       0.0000       0.0000       0.0000       0.0000       0.0000
      23       0.0000       0.0000       0.0000       0.0000       0.0000       0.0000       1.0000
      24       0.0000       0.0000       0.0000       0.0000       0.0000       0.0000       0.0000
      25       0.0000       0.0000       0.0000       0.0000       0.0000       0.0000       0.0010
      26       0.0000       0.0000       0.0760       0.0000       0.0000       0.9240       0.0000
      27       0.0000       0.0000       0.0760       0.0000       0.0000       0.9240       0.0000
      28       0.0000       0.0000       0.0760       0.0000       0.0000       0.9240       0.0000
      29       0.0000       0.0000       0.0000       0.0000       0.0000       0.0000       0.0270
      30       0.0000       0.0000       0.0000       0.0000       0.0000       0.0000       0.9820
      31       0.0000       0.1390       0.0000       0.0000       0.0000       0.0000       0.0270
      32       0.0000       0.0000       0.0000       0.0000       0.0000       0.0000       0.0000
      33       0.0000       0.0000       0.0000       0.0000       0.0000       0.0000       0.8340
      34       0.9990       0.0000       0.0000       0.0000       0.0000       0.0000       0.0000
      35       1.0000       0.0000       0.0000       0.0000       0.0000       0.0000       0.0000
      36       1.0000       0.0000       0.0000       0.0000       0.0000       0.0000       0.0000
      37       0.9990       0.0000       0.0000       0.0000       0.0000       0.0000       0.0000
      38       0.9810       0.0000       0.0000       0.0000       0.0000       0.0000       0.0140
      39       0.9810       0.0040       0.0000       0.0000       0.0000       0.0000       0.0150
      40       0.8390       0.0000       0.0000       0.0000       0.0000       0.0000       0.1530
      41       0.8850       0.0000       0.0000       0.0000       0.0000       0.0000       0.0000
      42       1.0000       0.0000       0.0000       0.0000       0.0000       0.0000       0.0000
      43       1.0000       0.0000       0.0000       0.0000       0.0000       0.0000       0.0000
      44       1.0000       0.0000       0.0000       0.0000       0.0000       0.0000       0.0000
      45       1.0000       0.0000       0.0000       0.0000       0.0000       0.0000       0.0000
      46       0.8430       0.0000       0.0000       0.0000       0.0000       0.0000       0.1570
      47       0.8430       0.0010       0.0000       0.0000       0.0000       0.0000       0.1560
      48       0.0000       0.0000       0.0080       0.0000       0.0000       0.8770       0.1150
      49       0.0000       0.0000       0.0080       0.0000       0.0000       0.9080       0.0840
      50       0.0000       0.0000       0.0080       0.0000       0.0000       0.8730       0.1190
      51       0.8430       0.0010       0.0000       0.0000       0.0000       0.0000       0.0000
      52       0.8430       0.0000       0.0000       0.0000       0.0000       0.0000       0.1570
      53       0.8430       0.0000       0.0000       0.0000       0.0000       0.0000       0.1500
      54       0.9990       0.0000       0.0000       0.0000       0.0000       0.0000       0.0000
      55       1.0000       0.0000       0.0000       0.0000       0.0000       0.0000       0.0000
      56       0.9990       0.0000       0.0000       0.0000       0.0000       0.0000       0.0000
      57       0.9990       0.0000       0.0000       0.0000       0.0000       0.0000       0.0000
      58       0.8440       0.0000       0.0000       0.0000       0.0000       0.0000       0.0000
      59       0.8390       0.0000       0.0000       0.0000       0.0000       0.0000       0.1610
      60       0.9890       0.0000       0.0000       0.0000       0.0000       0.0000       0.0100
      61       1.0000       0.0000       0.0000       0.0000       0.0000       0.0000       0.0000
      62       1.0000       0.0000       0.0000       0.0000       0.0000       0.0000       0.0000
      63       0.0000       0.0000       0.0000       0.0000       0.0000       0.0000       0.9520
      64       0.0000       0.0000       0.0000       0.0000       0.0000       0.0000       0.9900
      65       0.0000       0.0000       0.7780       0.0110       0.0000       0.1760       0.0350
      66       0.0000       0.0000       0.7980       0.0110       0.0000       0.1910       0.0000
      67       0.0000       0.0000       0.7980       0.0110       0.0000       0.1910       0.0000
      68       0.0000       0.0000       0.6760       0.0110       0.0000       0.3130       0.0000
      69       0.0000       0.0000       0.0000       0.0000       0.0000       0.9950       0.0010
      70       0.0000       0.0000       0.0000       0.0000       0.0000       0.0000       0.0000
      71       0.0000       0.0000       0.0000       0.0000       0.0000       0.0000       0.5010
      72       0.0000       0.0000       0.0000       0.0000       0.0000       0.0000       0.6850
      73       0.0000       0.0000       0.0000       0.0000       0.0000       0.0000       0.9150
      74       0.0000       0.1390       0.0000       0.0000       0.0000       0.0000       0.1530
      75       0.0000       0.0000       0.0000       0.0000       0.0000       0.0000       0.0000
      76       0.0000       0.0000       0.0000       0.0000       0.0000       0.0000       0.3090
      77       0.9990       0.0000       0.0000       0.0000       0.0000       0.0000       0.0000
      78       1.0000       0.0000       0.0000       0.0000       0.0000       0.0000       0.0000
      79       1.0000       0.0000       0.0000       0.0000       0.0000       0.0000       0.0000
      80       0.9970       0.0000       0.0000       0.0000       0.0000       0.0000       0.0000
      81       0.2370       0.0000       0.0000       0.0000       0.0000       0.0000       0.0000
      82       0.0000       0.0000       0.0000       0.0000       0.0000       0.0000       0.0000
      83       0.0000       0.0000       0.0000       0.0000       0.0000       0.0000       0.0000
      84       0.0000       0.0000       0.0000       0.0000       0.0000       0.0000       0.0000
      85       0.0000       0.0000       0.0000       0.0000       0.0000       0.0000       0.9420
      86       0.0000       0.0000       0.0000       0.0000       0.0000       0.0000       0.2250
      87       0.0100       0.0000       0.0000       0.0000       0.0000       0.0000       0.0000
      88       0.9990       0.0000       0.0000       0.0000       0.0000       0.0000       0.0000
      89       1.0000       0.0000       0.0000       0.0000       0.0000       0.0000       0.0000
      90       1.0000       0.0000       0.0000       0.0000       0.0000       0.0000       0.0000
      91       1.0000       0.0000       0.0000       0.0000       0.0000       0.0000       0.0000
      92       1.0000       0.0000       0.0000       0.0000       0.0000       0.0000       0.0000
      93       0.2310       0.0000       0.0000       0.0000       0.0000       0.0000       0.7690
      94       0.2310       0.0000       0.0000       0.0000       0.0000       0.0000       0.7690
      95       0.0000       0.0000       0.3660       0.0000       0.0000       0.2500       0.3840
      96       0.0000       0.0000       0.3660       0.0000       0.0000       0.5790       0.0550
      97       0.0000       0.0000       0.3660       0.0000       0.0000       0.5320       0.1020
      98       0.2310       0.0000       0.0000       0.0000       0.0000       0.0000       0.0000
      99       0.2310       0.0000       0.0000       0.0000       0.0000       0.0000       0.7690
     100       0.2310       0.0000       0.0000       0.0000       0.0000       0.0000       0.2590
     101       1.0000       0.0000       0.0000       0.0000       0.0000       0.0000       0.0000
     102       1.0000       0.0000       0.0000       0.0000       0.0000       0.0000       0.0000
     103       1.0000       0.0000       0.0000       0.0000       0.0000       0.0000       0.0000
     104       0.9990       0.0000       0.0000       0.0000       0.0000       0.0000       0.0000
     105       0.0000       0.0000       0.0000       0.0000       0.0000       0.0000       0.9970
     106       0.0000       0.0000       0.0000       0.0000       0.0000       0.0000       1.0000
     107       0.0000       0.0000       0.0000       0.0000       0.0000       0.0000       0.0000
     108       0.0000       1.0000       0.0000       0.0000       0.0000       0.0000       0.0000
     109       0.0000       0.0000       0.0000       0.0000       0.0000       0.0010       0.9990
     110       0.0000       0.0000       0.0000       0.0000       0.0000       0.0010       0.0080
     111       0.0000       0.0000       0.3990       0.2210       0.0000       0.0230       0.3570
     112       0.0000       0.0000       0.4990       0.2210       0.0000       0.2780       0.0010
     113       0.0000       0.0000       0.4990       0.2210       0.0000       0.2700       0.0100
     114       0.0000       0.0000       0.1490       0.2210       0.0000       0.5350       0.0950
     115       0.0000       0.0000       0.0000       0.0000       0.0000       0.0000       0.0360
     116       0.0000       0.0000       0.0000       0.0000       0.0000       0.0130       0.0210
     117       0.0000       0.0000       0.0000       0.0000       0.0000       0.0130       0.9430
     118       0.0000       0.0000       0.0000       0.0000       0.0000       0.0000       0.6490
     119       0.0000       0.0260       0.0000       0.0000       0.0000       0.0000       0.0390
     120       0.0000       0.0000       0.0000       0.0000       0.0000       0.0000       0.0000
     121       0.0000       0.0000       0.0000       0.0000       0.0000       0.0000       0.0080
     122       0.9990       0.0000       0.0000       0.0000       0.0000       0.0000       0.0000
     123       1.0000       0.0000       0.0000       0.0000       0.0000       0.0000       0.0000
     124       0.9990       0.0000       0.0000       0.0000       0.0000       0.0000       0.0000
     125       0.9450       0.0000       0.0000       0.0000       0.0000       0.0000       0.0000
     126       0.4290       0.0000       0.0000       0.0000       0.0000       0.0000       0.0010
     127       0.4330       0.5660       0.0000       0.0000       0.0000       0.0000       0.0010
     128       0.0100       0.0000       0.0000       0.0000       0.0000       0.0000       0.9770
     129       0.0020       0.0000       0.0000       0.0000       0.0000       0.0000       0.0000
     130       1.0000       0.0000       0.0000       0.0000       0.0000       0.0000       0.0000
     131       1.0000       0.0000       0.0000       0.0000       0.0000       0.0000       0.0000
     132       1.0000       0.0000       0.0000       0.0000       0.0000       0.0000       0.0000
     133       1.0000       0.0000       0.0000       0.0000       0.0000       0.0000       0.0000
     134       0.8630       0.0000       0.0000       0.0000       0.0000       0.0000       0.1370
     135       0.8630       0.0030       0.0000       0.0000       0.0000       0.0000       0.1340
     136       0.0000       0.0000       0.0210       0.0000       0.0000       0.8780       0.1010
     137       0.0000       0.0000       0.0210       0.0000       0.0000       0.9150       0.0640
     138       0.0000       0.0000       0.0210       0.0000       0.0000       0.8910       0.0880
     139       0.8630       0.0030       0.0000       0.0000       0.0000       0.0000       0.0000
     140       0.8630       0.0000       0.0000       0.0000       0.0000       0.0000       0.1370
     141       0.8630       0.0000       0.0000       0.0000       0.0000       0.0000       0.0780
     142       0.9960       0.0010       0.0000       0.0000       0.0000       0.0000       0.0000
     143       0.9980       0.0000       0.0000       0.0000       0.0000       0.0000       0.0000
     144       0.9990       0.0000       0.0000       0.0000       0.0000       0.0000       0.0000
     145       0.9990       0.0010       0.0000       0.0000       0.0000       0.0000       0.0000
     146       0.0000       0.0000       0.0000       0.0000       0.0000       0.0000       0.0000
     147       0.0000       0.0000       0.0000       0.0000       0.0000       0.0000       1.0000
     148       0.8650       0.0410       0.0000       0.0000       0.0000       0.0000       0.0860
     149       0.8940       0.0000       0.0000       0.0000       0.0000       0.0000       0.0000
     150       0.8930       0.0380       0.0000       0.0000       0.0000       0.0000       0.0000
     151       0.0000       0.0000       0.0000       0.0000       0.0000       0.0000       0.3700
     152       0.0000       0.0000       0.0000       0.0000       0.0000       0.0000       1.0000
     153       0.0000       0.0000       0.8930       0.0590       0.0000       0.0480       0.0000
     154       0.0000       0.0000       0.8930       0.0600       0.0000       0.0470       0.0000
     155       0.0000       0.0000       0.8930       0.0600       0.0000       0.0470       0.0000
     156       0.0000       0.0000       0.3150       0.0600       0.0000       0.6250       0.0000
     157       0.0000       0.0000       0.0000       0.0010       0.0000       0.7120       0.2610
     158       0.0000       0.0000       0.0000       0.0000       0.0000       0.0000       0.1230
     159       0.0000       0.0000       0.0000       0.0000       0.0000       0.2950       0.6990
     160       0.0000       0.0000       0.0000       0.0000       0.0000       0.2950       0.6740
     161       0.0000       0.0000       0.0000       0.0000       0.0000       0.0000       0.1040
     162       0.0000       0.0260       0.0000       0.0000       0.0000       0.0000       0.0000
     163       0.0000       0.0000       0.0000       0.0000       0.0000       0.0000       0.0000
     164       0.0000       0.0000       0.0000       0.0000       0.0000       0.0000       0.6930
     165       1.0000       0.0000       0.0000       0.0000       0.0000       0.0000       0.0000
     166       1.0000       0.0000       0.0000       0.0000       0.0000       0.0000       0.0000
     167       1.0000       0.0000       0.0000       0.0000       0.0000       0.0000       0.0000
     168       0.9980       0.0000       0.0000       0.0000       0.0000       0.0000       0.0000
     169       0.0020       0.0000       0.0000       0.0000       0.0000       0.0000       0.0100
     170       0.0000       0.0000       0.0000       0.0000       0.0000       0.0000       0.0060
     171       0.0000       0.0000       0.0000       0.0000       0.0000       0.0010       0.1500
     172       0.0000       0.0000       0.0000       0.0000       0.0000       0.0010       0.0000
     173       0.0000       0.0000       0.0000       0.0000       0.0000       0.0000       0.0000
