#Frame        phi:121      psi:121
       1    -119.9321      -7.9237
       2    -125.8501       4.7386
       3     -94.5480       2.8367
       4    -107.5299       1.0437
       5    -119.8515      -0.9231
       6    -103.6564       9.1508
       7     -90.1054      -9.0131
       8    -110.0758       5.4103
       9    -116.9130       7.5588
      10    -101.1377       7.9887
      11     -91.8284      -9.3959
      12    -111.8592      -5.9547
      13    -117.5412       3.7993
      14    -129.0152      -7.2363
      15    -136.2607       8.2995
      16    -145.2910      -7.0330
      17    -133.4006      -3.8648
      18    -117.0364       2.0783
      19    -114.4980      12.3269
      20    -104.7021       1.8008
      21    -100.9388     -12.4000
      22     -90.1262     -17.5185
      23     -99.4894     -13.3542
      24    -113.1679      -2.4225
      25    -109.1557      -6.0860
      26    -118.7888      -4.1790
      27    -103.2432      -6.9151
      28     -97.2863     -11.7279
      29    -109.3337       0.5792
      30     -93.3048      -7.6527
      31    -101.8559     -11.2988
      32     -93.0170     -13.6834
      33    -102.8235      -8.3251
      34    -100.8370      -8.7978
      35     -77.8079     -15.7804
      36    -113.6686     -13.9161
      37    -103.9586       0.6686
      38    -104.4012     -10.2546
      39     -98.5118     -17.5881
      40    -102.7930      -6.8805
      41    -104.7489       7.7675
      42     -88.5172      -2.7833
      43     -82.1036     -12.5811
      44    -106.1966     -14.4951
      45    -102.4575     -12.4027
      46    -120.9802      -4.8898
      47     -96.9677      -9.9231
      48    -115.3525     -17.3270
      49    -127.9053      -7.7465
      50    -122.5237     -15.4027
      51    -135.7422     -15.0208
      52    -130.2031       0.8350
      53     -98.5433      -8.7539
      54    -113.7249      -8.1572
      55     -89.0997      -5.3872
      56    -108.1550     -14.2691
      57     -77.9346      -6.4714
      58    -105.1555      -2.5216
      59    -106.9865     -18.7224
      60     -87.9657      -8.1767
      61     -94.9962      -5.4062
      62    -100.4253      -3.0082
      63    -101.3891     -17.0465
      64     -77.0516      -8.5440
      65     -98.4777     -17.0531
      66    -100.6125       7.8014
      67    -113.6335       0.3229
      68     -74.5792     -16.1675
      69     -80.7657      -6.8233
      70     -95.3348      -6.9638
      71    -116.2943       3.7661
      72     -88.7720     -15.5663
      73    -117.2809      -9.6439
      74     -88.5543     -17.8874
      75    -126.3592      -2.1752
      76     -80.1875     -12.7224
      77     -90.3328     -17.6020
      78     -90.8947      -9.2631
      79    -128.0074      -7.5106
      80    -117.3227      -8.7216
      81    -121.6116       0.1249
      82     -77.0333       7.6460
      83    -122.6179      -4.3136
      84    -125.5913     -20.1553
      85    -115.4218      -8.1811
      86    -114.2946       3.5780
      87    -128.5711      -2.8300
      88    -105.2731      -3.8121
      89    -144.5662     -20.3389
      90    -107.6891       1.7547
      91    -122.8285       0.1033
      92    -115.3139      -5.8125
      93    -128.0891       8.3321
      94    -119.4471      -8.6054
      95    -117.9295      -6.1623
      96    -120.2232     -12.1226
      97    -104.4675       0.2638
      98    -126.2030      19.6611
      99    -127.8852      -4.2093
     100    -124.3754       8.3603
     101    -116.9972       2.7849
     102    -120.6794      -6.5670
     103    -129.5608      12.4301
     104    -126.1783       5.8196
     105    -122.6356       6.6912
     106    -125.4743       5.7661
     107    -129.8468       0.5252
     108    -121.5328       4.7709
     109    -103.8665      -4.9179
     110    -115.2257      -0.7908
     111    -120.0683       5.8649
     112    -111.0258      -7.4200
     113    -116.1925       6.5226
     114    -106.2426       4.9215
     115    -133.6046      -8.2554
     116    -103.7875      -8.4008
     117     -89.0827      -2.1523
     118     -82.8636      -9.2346
     119    -133.8247       3.0001
     120     -83.1788       3.4744
     121    -111.6104     -20.4676
     122    -103.9252     -18.6301
     123    -101.1574      -6.6700
     124    -128.6107     -12.3568
     125    -106.1742     -13.8411
     126    -128.5527      -0.1172
     127    -122.3670      -5.8933
     128    -124.9266      -5.9125
     129    -120.7628      -2.1704
     130    -131.3509      -2.9184
     131    -141.1224     -17.1898
     132    -119.4661      -9.2886
     133    -136.5198       2.0821
     134    -128.8522      -8.3787
     135    -117.9410     -13.4315
     136    -126.2302      -5.9221
     137    -128.1507     -13.1059
     138     -87.9518      -7.7593
     139    -122.3210     -20.0733
     140    -123.9264     -20.2805
     141    -113.9695     -11.8500
     142     -99.9476     -16.2916
     143    -121.4079      -9.9259
     144    -113.4594      10.6962
     145    -137.4491       1.6212
     146    -114.0686      -2.4503
     147    -136.7297       3.2940
     148    -127.7223     -18.6230
     149     -88.0679      -6.4798
     150    -144.4173     -26.4153
     151     -93.2199     -12.9380
     152    -124.1663      -3.2571
     153     -97.0355     -16.3853
     154    -116.6709      -0.8890
     155    -133.9702     -21.5960
     156    -109.2726      -4.5172
     157    -106.9026     -15.4664
     158     -85.6917      -6.4488
     159    -121.8360       2.1938
     160    -112.0382      -5.7784
     161    -108.3194      -3.4716
     162    -115.9755      -6.5239
     163    -113.9190      -1.3455
     164    -115.3123      -7.3108
     165    -115.1550     -18.7204
     166    -120.0803       3.1882
     167    -127.8351     -22.6560
     168    -129.8921      -5.0983
     169    -118.2462     -12.3353
     170    -114.5664      -4.9779
     171    -131.9494       2.7234
     172    -130.3760      -0.6878
     173    -134.1725     -11.1090
     174    -128.1579     -17.0859
     175    -101.3445      -2.9692
     176    -120.4099      13.7619
     177    -129.2027       2.1925
     178    -115.4259     -20.8971
     179    -142.8124     -13.8103
     180    -121.0213       1.9664
     181    -147.0045     -12.0553
     182    -115.3632      -9.2821
     183    -129.2061     -11.8339
     184     -71.4118      -9.3372
     185     -98.4104      -9.7518
     186     -96.9459      -6.9501
     187     -75.9966      -1.7607
     188    -128.8574      -3.4785
     189    -114.6606      -1.8739
     190    -110.0509      -3.7011
     191    -114.5224     -15.1576
     192    -114.6243       1.9469
     193    -111.8574     -16.7133
     194    -105.4170     -21.6831
     195    -129.7846     -12.1275
     196    -136.6097     -12.0381
     197    -109.9718     -21.3818
     198     -71.8265     -34.0222
     199    -118.5827       2.9276
     200     -84.1079     -10.6709
     201    -126.1158      -5.7246
     202    -112.9413       6.5386
     203    -116.4318     -14.4145
     204    -155.5690     -10.0005
     205    -129.6954      -2.6850
     206    -134.4902     -15.1056
     207    -135.5903      -3.7074
     208    -140.0524     -13.3945
     209    -123.8759     -12.4972
     210    -135.1738      -3.7787
     211    -119.1485      -6.2597
     212    -125.2749      -4.1760
     213    -124.6083       4.7166
     214    -138.5475      -4.4158
     215    -113.1269       1.0870
     216    -118.4253      -8.7809
     217    -103.3378     -26.5870
     218    -135.8230      -4.5125
     219    -107.6008     -10.2780
     220    -124.2030      -0.9137
     221    -106.7237      -5.4829
     222    -103.8379      -3.0495
     223    -120.8093     -16.7225
     224    -132.5488       0.2977
     225     -96.4257     -16.1505
     226    -113.5362     -14.6769
     227     -97.3750      -2.5191
     228    -126.1648     -15.5886
     229    -100.1102     -15.9384
     230     -88.3611     -21.6193
     231    -111.4018      -7.4798
     232    -118.4470     -12.4714
     233    -130.7305      -3.3819
     234    -107.4130      -2.3870
     235     -89.1597     -17.5618
     236    -127.5564      -4.9213
     237    -128.7732     -19.7073
     238    -148.2802      -5.4569
     239    -116.2916     -12.4996
     240    -117.6379      -8.5595
     241    -122.5087     -17.8875
     242    -120.6200     -19.3809
     243     -99.3459     -12.6540
     244    -110.5064      -2.3284
     245    -116.3372      -7.3418
     246    -132.8594       7.9285
     247    -108.6273       0.9423
     248    -134.4571      -0.0183
     249    -119.9626       5.5859
     250    -138.2678       6.1170
     251    -129.9755     -15.9842
     252    -127.1087      -9.2699
     253    -112.5132      -8.2088
     254    -129.1121       0.6550
     255    -134.6680     -12.0429
     256    -129.7919     -12.1647
     257    -132.2463      -0.6835
     258    -128.4468     -10.8901
     259    -126.7572     -13.3639
     260    -109.5493      -3.4669
     261    -121.7850     -10.3699
     262    -127.6957       4.5097
     263    -108.3967      -2.1246
     264    -114.2918      -8.3987
     265    -107.7613     -19.3199
     266     -90.8485      -5.1583
     267    -106.8026     -20.8140
     268    -111.4482     -10.7776
     269    -125.6638      -8.3893
     270    -113.3306     -11.6820
     271    -131.3155     -20.6541
     272    -136.1543      -5.9679
     273    -114.4981     -22.9566
     274    -110.4844      -9.0085
     275    -139.5961     -12.2032
     276    -116.1879     -12.8312
     277    -111.8637     -16.6609
     278    -104.4864     -18.5917
     279    -107.8442     -13.7003
     280    -112.4272       0.6614
     281    -118.1799       5.1962
     282    -100.7643     -22.4888
     283    -101.6564      -1.1687
     284    -112.5534      16.4365
     285     -73.5205     -25.7190
     286     -97.2807     -10.5547
     287     -95.1753     -19.7344
     288    -120.0816     -15.6055
     289    -134.2904      -6.4558
     290     -94.5539      -1.5262
     291     -90.2649      -2.7236
     292    -108.2362     -15.4435
     293    -142.7194      -7.4108
     294     -90.6848      -6.2072
     295    -110.1538     -12.9399
     296    -124.5975       9.7690
     297    -134.1439     -20.4332
     298    -115.0958      11.3242
     299    -102.5614     -16.0881
     300    -103.5403      -6.2865
     301    -135.9837     -13.5684
     302    -121.0304      -3.9930
     303    -126.7834       0.5571
     304    -148.5662      -1.0977
     305    -118.6677       2.7754
     306    -125.4016      -1.6923
     307    -134.2827     -23.7593
     308    -125.0301       1.3160
     309    -129.2406      -5.6134
     310    -140.0646     -20.4580
     311    -139.5884      -4.6887
     312    -141.1077     -15.7065
     313    -117.4512      -6.1895
     314    -122.9727     -15.1405
     315    -118.3304       1.4005
     316    -108.5193      -0.8634
     317    -112.2984     -13.2473
     318    -141.9177      -0.7504
     319    -123.7561      -3.1770
     320    -114.5267      -6.6324
     321    -104.8056       4.8765
     322    -103.5478       0.3118
     323     -99.7393      -8.3647
     324    -101.4831     -29.9182
     325    -118.7422     -14.6786
     326    -139.2570     -10.0859
     327    -138.9163      -6.4068
     328    -127.3161      -8.4837
     329    -107.2815     -10.0033
     330    -132.5644     -19.6695
     331    -123.4975      -5.5078
     332    -145.6477      -8.4800
     333    -123.6061      -4.1821
     334    -127.2393      -0.5904
     335    -135.4256       6.3939
     336    -130.4797      -0.2695
     337    -126.3705      -4.1910
     338    -117.3050       3.1796
     339    -129.0912       3.5883
     340    -130.0111     -14.5474
     341    -141.3540     -13.7497
     342    -137.4371      -7.7824
     343    -140.5247     -13.8897
     344    -134.3703     -11.5039
     345    -133.4956     -11.1167
     346    -125.5580     -15.0340
     347    -131.0054      -9.8068
     348    -148.2611       1.8040
     349    -133.5760     -17.7262
     350    -138.8173      -7.5340
     351    -133.0013     -12.3299
     352    -132.7519       2.1653
     353    -153.3709      -3.9876
     354    -124.8371      -5.5816
     355    -119.3609      -3.9555
     356    -121.9956      -2.0942
     357    -127.3313      -8.1630
     358    -122.8577     -13.1402
     359    -124.8429     -16.7303
     360    -149.4419      -9.6141
     361    -126.3602       0.4461
     362    -138.5191      -7.4617
     363    -135.3746       0.1162
     364    -117.0672      -9.8329
     365    -115.9775     -12.1731
     366    -131.2461       6.5662
     367    -143.9924       1.9182
     368    -139.0912     -26.6978
     369    -116.4488     -13.2475
     370    -117.0158      -9.5267
     371    -125.6650       2.7675
     372    -138.0536     -14.1229
     373    -127.5771      -5.1026
     374    -135.6676       9.2899
     375    -136.8973       5.9232
     376    -142.3136      15.4666
     377    -121.6220      -6.7781
     378    -142.7439      -5.7627
     379    -118.0298      -0.6038
     380    -142.8812      11.9110
     381    -131.6704       6.2151
     382    -131.4690      -4.6730
     383    -130.9537       4.5836
     384    -137.7597      -1.8995
     385    -142.2649     -15.3025
     386    -134.4245       1.3091
     387    -110.8658      -9.2434
     388    -143.3581      14.7419
     389    -145.0654      -4.0510
     390    -134.1975       1.3992
     391     -95.3963     -29.0675
     392    -148.6643     -21.4753
     393    -125.0453      -7.8815
     394    -131.0249      -0.3113
     395    -119.2152     -18.5161
     396    -120.0619     -10.5696
     397    -123.2028       1.0162
     398    -120.9017       3.1176
     399    -114.7653      -6.5491
     400    -137.0681      -8.4655
     401    -132.8360     -18.1988
     402    -131.2153      -3.3731
     403    -139.4501     -13.4673
     404    -144.1744      -4.6593
     405    -135.1352     -11.8382
     406    -133.8339      -8.1238
     407    -129.3160      -4.8381
     408    -128.9605      -0.3026
     409    -113.3746     -12.8923
     410    -136.5444       1.2901
     411    -116.7747     -25.0414
     412    -128.7742      -9.0590
     413    -124.5691     -10.9245
     414    -135.4124       2.9403
     415    -136.9439     -12.9421
     416    -126.9449      -5.6176
     417    -131.0148      -4.1124
     418    -126.5122      -3.9137
     419    -109.7598      -2.6592
     420    -125.8689      13.0990
     421    -133.3937     -15.8719
     422    -106.7791     -17.2857
     423    -120.5360      -5.3772
     424    -124.0010      -5.2005
     425    -120.1834       2.2042
     426    -141.2173       1.4214
     427    -127.2694       1.5008
     428    -119.1583       2.3197
     429    -118.6150     -12.8998
     430    -138.3709      -0.2235
     431    -125.7710     -17.0785
     432    -130.8757      -2.3380
     433    -108.1324     -18.2649
     434    -117.0522     -15.0496
     435    -115.4151     -13.5412
     436    -110.2257      -6.0371
     437    -144.5051     -13.5440
     438    -136.8471       4.8346
     439    -115.5762     -20.4519
     440    -129.1418      -7.1020
     441    -106.5628     -19.9707
     442    -137.0887      -5.3111
     443    -161.8869      -2.7396
     444    -126.5913      -9.2465
     445    -131.3461     -10.3303
     446    -123.5554     -28.2696
     447    -123.2343     -13.9907
     448    -128.0237       9.6582
     449     -97.7967      -9.9084
     450    -106.9236      -5.5798
     451    -133.7349     -27.5408
     452    -131.6268      -8.0489
     453    -128.3807      -6.2307
     454    -121.0535      16.4264
     455    -116.0627      -8.2034
     456    -115.8153       1.0389
     457    -116.0729     -10.6407
     458    -109.6494     -26.3662
     459    -112.5714      -9.8529
     460    -126.0924      -7.8319
     461    -138.9452      -8.8254
     462    -127.6815      -4.8780
     463    -132.2489      -5.9252
     464    -112.7719     -18.2390
     465    -116.9638      -8.4885
     466    -129.9917      -2.2474
     467    -114.2832     -11.3173
     468    -115.6427     -28.6533
     469    -126.1970     -10.7740
     470    -127.1230       4.5307
     471    -123.1785       0.3550
     472    -126.1164     -12.9945
     473    -124.2517      -2.1649
     474    -112.1493     -17.6766
     475    -112.6820      -1.4259
     476    -118.5816      -2.8958
     477    -130.7404      19.8553
     478    -106.5374     -12.8592
     479    -109.8907      12.4548
     480    -112.8499     -10.1115
     481    -106.6162      -4.3236
     482    -122.6397       1.2415
     483    -115.8590       1.3265
     484    -124.2957     -18.8987
     485    -132.0731      -2.6471
     486    -107.2085     -20.3225
     487    -112.1262     -15.4981
     488    -120.0979     -23.5456
     489     -83.2829     -26.7886
     490    -125.3370      -4.6290
     491    -123.7148     -12.5032
     492    -125.6124     -28.7845
     493    -115.2154       7.9782
     494    -111.0677     -22.5453
     495    -122.8171       4.7094
     496    -125.0317       3.8131
     497    -109.1273      -3.5234
     498    -122.7647     -14.8558
     499    -133.0052      -6.4471
     500    -126.8027       5.3213
     501    -133.9631      -4.9926
     502    -132.0769      -4.5627
     503    -146.3234       0.8928
     504    -133.7602      -1.1930
     505    -133.9787      -2.7382
     506    -138.9734      -3.6379
     507    -123.0486     -22.0371
     508    -139.8945      10.0495
     509    -117.9183     -16.3249
     510    -125.5515      11.7626
     511    -122.1952      -2.7135
     512    -117.0445      -9.6606
     513    -123.5963      -3.8779
     514    -118.7825       5.8617
     515    -125.7489     -13.4270
     516    -142.5526       5.8802
     517    -119.9170      -5.7034
     518    -126.8599       5.7695
     519    -113.2120     -21.4553
     520    -121.1836      -9.5331
     521    -133.0513     -16.5049
     522    -126.9294       7.2738
     523    -105.0181     -13.9337
     524    -120.7197     -17.7434
     525    -130.9109       4.8713
     526    -125.0226      -1.0313
     527    -136.9550      -5.5402
     528    -133.9980      -1.7453
     529    -125.1863      -6.2171
     530    -115.9202     -17.7752
     531    -127.3724       1.6582
     532    -131.2583       1.2650
     533    -107.3710     -17.4405
     534    -120.5354       3.5672
     535    -114.6315      -4.5366
     536    -115.7249      -4.9446
     537    -116.6974     -18.3744
     538    -127.9716      -2.1637
     539    -121.1461     -28.4897
     540    -122.9547       7.2983
     541    -113.2499     -11.1187
     542    -109.1775      -2.5531
     543    -112.0953     -10.3872
     544    -138.3030      -4.0199
     545    -120.8500     -15.7238
     546    -101.3764      19.6553
     547    -120.2792      -5.1429
     548    -126.0728     -21.7811
     549    -122.9426     -10.4968
     550     -96.9492     -13.7519
     551    -107.4089       3.1952
     552    -117.2247       2.3935
     553    -105.2345      -6.5170
     554    -115.7244     -20.8329
     555    -118.0845       0.3140
     556    -100.4392     -15.5350
     557    -135.6150      -4.1779
     558    -110.8426     -10.6230
     559    -114.1415       3.9215
     560    -121.7511      -4.4190
     561    -128.6074      -2.7577
     562    -126.4035     -13.4813
     563    -106.5940     -12.7753
     564    -123.5535      -9.2392
     565    -108.4343     -30.7389
     566    -128.3085       2.9771
     567    -113.2644     -14.0805
     568    -133.6103      -9.3465
     569    -121.5000     -21.6528
     570    -117.5796      -6.0865
     571    -101.6556     -18.7577
     572    -116.0432       0.9368
     573    -122.9989     -14.6925
     574    -140.3470     -12.8990
     575    -122.2466      -1.1616
     576     -91.2871     -26.8925
     577    -133.1349      -9.2493
     578    -116.5663     -12.1795
     579    -111.3532     -13.0209
     580    -124.0610     -16.2695
     581    -108.3321     -23.9224
     582     -98.0595     -20.3442
     583    -123.8877     -30.3386
     584    -111.6003      -4.9449
     585    -133.2385     -28.3763
     586    -111.1560      -7.8745
     587    -136.2946      -4.2694
     588    -139.8670      -7.7261
     589    -122.7037      -7.8831
     590    -122.1457      -3.0521
     591    -117.3598     -14.1117
     592    -120.4986      -2.6495
     593    -131.9797       8.3374
     594    -137.2577      -4.2744
     595    -112.3827     -16.7744
     596    -119.4872     -18.9537
     597    -109.4851     -16.7007
     598    -116.6354      -6.4633
     599     -89.2275      -9.1818
     600    -128.6483      -4.6543
     601    -115.0231      -6.1246
     602    -116.7548      -7.1325
     603    -112.4019      -5.7346
     604    -138.4250     -11.5279
     605    -109.1883       1.8164
     606    -102.4725     -24.6053
     607    -124.1980     -13.4743
     608    -131.4240     -23.6703
     609    -108.4528     -12.9171
     610    -126.7677     -17.9272
     611    -108.4347     -21.1696
     612    -124.3476     -12.2134
     613    -107.2618      -9.7760
     614     -93.5278     -17.9543
     615    -113.0476       2.3633
     616    -119.5360      -8.1123
     617    -118.0611     -14.8339
     618    -110.8954      -4.1262
     619    -102.6276     -16.5053
     620    -125.8529     -14.1598
     621    -102.0922      -8.2961
     622    -140.4020      -8.7697
     623    -120.3072     -11.3553
     624    -118.6257     -13.6785
     625    -118.6995      -9.7163
     626    -142.4955      -4.5617
     627    -133.8478      -7.2384
     628    -134.1112      -9.1452
     629    -116.9390      -7.4461
     630    -133.6941     -12.4576
     631    -130.9284      -1.4952
     632    -119.0017      -8.6879
     633    -102.2378      -5.7205
     634    -120.3730      -6.7198
     635    -109.8023      -6.6964
     636    -129.1400     -15.5969
     637    -117.1694       0.8403
     638    -123.0715     -29.5464
     639    -146.8395       4.9918
     640    -105.8313      12.3464
     641    -100.8935     -12.7875
     642    -139.6720     -16.0033
     643    -120.3355      -1.9933
     644    -131.9390      -0.8831
     645    -134.1530     -11.1163
     646    -110.7811     -18.6620
     647    -116.9709      -8.3800
     648    -125.8157      -7.4905
     649    -132.7157       0.8362
     650    -133.3123      -7.9999
     651    -114.1492     -27.4931
     652    -124.4444      -0.7710
     653    -116.2373      -4.6116
     654    -142.9104     -16.0892
     655    -106.8283     -11.3511
     656    -127.9450      11.3726
     657    -134.2556      12.2793
     658    -112.9108      -5.6544
     659    -111.1363       3.5162
     660    -121.2355       3.8119
     661    -143.7473      -3.5536
     662    -115.1284     -29.8986
     663    -127.2091     -18.8096
     664    -117.6053      -2.6957
     665    -130.6565      -8.6607
     666    -112.6407      -9.5322
     667    -111.1988      -8.3891
     668     -99.2109      -4.4366
     669    -120.0016      -6.6328
     670    -110.0305      -8.9968
     671    -121.3162       2.3156
     672    -127.5704      -9.4225
     673    -118.4893     -11.3392
     674    -131.1009      -7.5233
     675    -105.8927      -1.4095
     676    -104.3976     -25.0367
     677    -122.3961     -12.1109
     678    -132.2955      -7.0338
     679    -150.1384      10.2568
     680    -126.6678      -7.1562
     681    -133.4521      -5.7785
     682    -118.3878     -25.1121
     683    -113.1921     -18.3270
     684     -98.5836     -22.8320
     685    -133.5845      -6.0355
     686    -103.0018      -6.9474
     687    -128.5788      -6.3692
     688    -119.3801      -2.8608
     689    -110.3049     -18.0744
     690     -94.2920       2.0899
     691    -113.4564     -16.2494
     692    -126.7231       4.4530
     693    -120.8177      -0.6546
     694    -144.1193      -2.5806
     695    -122.5851       6.0404
     696    -137.6217      -2.5421
     697    -111.5704      -3.0550
     698    -128.4661     -17.6428
     699    -124.9269      -8.2627
     700    -113.5451      -5.2294
     701    -121.4756      -8.8164
     702    -128.0428      -8.3658
     703    -118.4813     -15.7837
     704    -100.1788     -16.5346
     705    -100.4739      -4.0956
     706    -132.7355     -10.7291
     707    -111.2053     -11.5005
     708    -122.1436     -16.7241
     709    -132.6057      -5.8466
     710    -132.2057     -19.2814
     711    -101.1643     -21.5414
     712    -131.4088     -10.2231
     713    -117.6139     -26.5989
     714    -113.6761     -19.3871
     715    -126.6221     -14.0751
     716    -124.5010     -11.1913
     717    -112.7842     -23.5207
     718    -124.3585      -7.9114
     719    -135.9426      -9.4583
     720    -107.6307     -18.2204
     721    -135.9261     -12.4514
     722    -109.4649       0.4540
     723    -125.1731      -8.3247
     724    -115.8397      -6.0975
     725    -110.7311      -6.1923
     726    -116.2366     -13.3041
     727    -121.5230      -3.4158
     728    -130.8392     -14.2195
     729     -99.8958     -17.7714
     730    -133.6207      -1.0643
     731    -124.7295      -9.9986
     732    -121.4888     -10.5551
     733    -113.6866      -9.8106
     734    -127.8825     -13.9052
     735    -122.0895      -7.4517
     736    -120.0112      -8.1510
     737    -130.7679      -4.1029
     738    -125.6268      -9.1550
     739    -102.8550      -3.7401
     740    -123.4094      -8.8464
     741    -127.2025      -7.6778
     742    -121.7241      -5.9790
     743    -124.2177       9.4780
     744    -117.1253      -8.8050
     745    -118.4118       3.3565
     746    -118.6714     -19.2525
     747    -126.6269     -22.1236
     748    -123.3307     -24.6447
     749    -134.1601      -6.3263
     750    -128.0334      -6.9360
     751    -139.6110      -0.4241
     752    -120.4975     -12.8427
     753    -126.1576      -8.5100
     754    -122.5719      -5.6965
     755    -136.2556      -8.9715
     756    -115.5324     -11.0605
     757    -131.2906      -4.7037
     758     -98.4095       3.5965
     759    -133.8640      13.6477
     760    -121.1225     -11.3108
     761    -126.7333       3.3717
     762    -131.7045      11.1967
     763    -114.0848      -7.2673
     764    -114.2945     -19.3682
     765    -135.7764       7.8555
     766    -114.9479     -12.5007
     767    -121.7649      -3.6632
     768    -123.6832      -6.3049
     769    -138.8049     -17.3743
     770    -106.1924      -4.6711
     771    -124.6321      -7.7122
     772    -117.0973     -16.9714
     773    -130.7024     -11.5082
     774    -119.4682      -2.9459
     775    -131.0728     -18.7159
     776    -118.2853      -3.9528
     777     -97.6417     -13.5851
     778    -115.8618      -3.7352
     779    -115.8833     -12.6316
     780    -114.7380      -8.1080
     781    -135.9969      -0.7063
     782    -141.6352     -22.7845
     783    -128.8302     -17.6786
     784    -112.4427     -13.3110
     785    -117.8280      -1.4003
     786    -128.8310      -7.6667
     787    -132.9377      -9.3722
     788    -137.4843      -5.0148
     789    -134.8878      -6.1292
     790    -131.8208     -18.2257
     791    -133.8138     -16.7459
     792    -126.4324     -10.6667
     793    -110.9204      -7.1505
     794    -133.8428     -11.2488
     795    -139.9366     -11.1221
     796    -114.4313     -11.1103
     797    -127.5450       3.5219
     798    -134.6148     -12.2283
     799    -120.2866      -5.2998
     800    -108.9220      -8.0408
     801    -113.0154     -15.6547
     802    -125.1507     -13.6586
     803    -115.2059      -3.1552
     804    -112.8647      -8.0340
     805    -138.2593      -9.6832
     806    -122.7268       2.4578
     807    -122.3750      -3.8845
     808    -139.6873      -1.6374
     809    -118.1848       4.9452
     810    -143.0123      -2.2427
     811     -98.4423      -1.8737
     812    -114.9714      -6.0594
     813    -128.9315      -0.6849
     814    -101.7536     -22.0711
     815    -119.0408      -8.4594
     816    -106.8153     -26.3521
     817    -117.2854      -3.5107
     818    -113.7600       4.0081
     819    -136.4307      18.5574
     820    -123.1392       7.3085
     821    -134.3085       6.0052
     822    -118.6112      -6.8256
     823    -127.8083       4.1224
     824    -128.9477       4.5340
     825    -124.5626       2.9361
     826    -123.2340     -11.7128
     827    -137.4523      -4.0009
     828    -122.7597     -17.1235
     829    -125.7717     -18.7511
     830    -116.1601      -9.4320
     831    -106.3036      -4.5792
     832    -115.8899      -4.9233
     833    -123.2132       5.3484
     834    -108.5176     -14.4716
     835     -96.6120     -19.0515
     836    -114.7764       5.8548
     837    -118.8235     -28.8910
     838    -126.9254      -4.4067
     839    -138.5208     -18.4972
     840    -117.2993      -3.0123
     841     -94.7806     -10.9971
     842     -91.7129     -12.5167
     843    -129.0053      -5.7573
     844    -127.2592      -8.5435
     845     -97.8209     -19.8123
     846    -108.5738      -4.0636
     847    -129.4002       7.2331
     848    -132.0110     -13.1799
     849    -108.2210      -8.1802
     850    -101.0591      -0.8850
     851    -122.4310       6.0201
     852     -86.6129     -18.2109
     853    -111.5723     -17.9787
     854    -103.9935     -17.2241
     855    -106.7201       6.8691
     856    -108.5374     -31.7133
     857    -110.5866     -27.2404
     858    -112.2639     -23.7533
     859    -116.2327     -17.3102
     860    -117.1246      -3.7550
     861    -119.3769     -10.7297
     862    -104.2560     -29.8247
     863    -121.5954     -18.1786
     864    -121.3434      -2.5220
     865    -141.4169      -5.2266
     866    -124.6949       4.7820
     867     -92.1988      -9.7178
     868    -133.9583     -23.8075
     869    -113.9697     -18.6216
     870     -95.9116       0.8641
     871    -117.6246     -12.1710
     872    -119.6505      -7.2789
     873    -105.8737     -18.8813
     874    -116.7722     -13.1213
     875    -109.1674     -28.5475
     876    -104.8411     -17.3873
     877    -123.2538     -34.0922
     878     -94.1234     -23.9083
     879    -114.6208     -20.5280
     880    -127.2093       5.2742
     881    -114.4930     -24.0391
     882    -112.7832     -22.6739
     883    -124.0030     -10.0992
     884    -122.0734     -11.0633
     885    -103.9826     -10.6692
     886     -95.8844     -28.3954
     887    -125.9535     -13.3883
     888    -132.4307      -0.9880
     889    -114.6294     -24.5909
     890    -115.7321     -16.9241
     891    -124.5303      -1.3366
     892    -121.1428     -16.8520
     893    -111.6817     -15.3561
     894    -115.3963      -0.2179
     895    -117.0595     -16.0900
     896    -129.2532     -22.5677
     897    -127.8638     -20.7488
     898    -116.3961     -15.5922
     899    -119.4342     -21.0772
     900    -116.5802     -36.3234
     901    -119.8370     -16.0550
     902    -117.9774     -15.5042
     903    -107.9462     -15.2614
     904    -121.5007     -19.5435
     905    -104.5676     -35.6926
     906    -125.9778     -18.6878
     907    -119.0734      -1.1517
     908    -129.6740     -21.4167
     909    -117.8152      18.2577
     910    -113.6635     -28.8224
     911    -107.6556      -8.7212
     912    -121.6892      -7.2746
     913    -126.7507     -19.0668
     914    -123.1384      -5.6547
     915    -125.7510     -11.7226
     916    -121.9285     -17.1275
     917    -103.6555       3.4007
     918    -120.1681     -19.5127
     919    -123.1015     -12.3024
     920    -107.7734     -23.5485
     921    -112.0286     -12.4964
     922    -138.0689     -15.4077
     923    -125.3148      -5.5583
     924    -136.4763     -10.5426
     925    -131.4624      -2.3057
     926    -110.5152      -4.1180
     927    -132.5344      16.3793
     928    -127.2257      -9.5959
     929    -122.4131     -15.4664
     930    -124.0677     -15.3925
     931    -131.2501     -10.4658
     932    -130.7466     -17.7678
     933    -125.0246     -24.8309
     934    -123.1305      -3.4499
     935    -137.3106      -1.6663
     936    -139.9887     -15.9968
     937    -134.1905     -13.7578
     938    -110.5567      -8.5317
     939    -131.8816      -4.5800
     940    -125.3302      -8.3134
     941    -120.2145     -25.5866
     942    -124.2824      -0.8723
     943    -133.1669     -10.8671
     944    -124.9533      -0.6132
     945    -138.3893       7.3234
     946    -137.3444      12.4802
     947    -132.1822       0.1134
     948    -136.1465      -1.2507
     949    -135.2492     -14.7049
     950    -127.4591     -18.6408
     951    -152.9310      -6.8732
     952    -127.0124      -8.6468
     953    -133.0087     -10.2194
     954    -136.8796     -15.0574
     955    -132.5506      -5.3943
     956    -125.5171     -17.9733
     957    -108.9009     -11.0932
     958    -135.8408     -12.8827
     959    -124.2958       2.4572
     960    -135.7546      -6.1203
     961    -141.7543     -17.1254
     962    -125.8160      -8.9379
     963    -124.4222     -15.6429
     964    -127.3694     -12.3647
     965    -133.9679     -15.4127
     966    -149.1266      -4.8879
     967    -129.0983      -1.7054
     968    -114.1552     -24.7531
     969    -133.3222     -16.6354
     970    -126.3683      -8.9495
     971    -127.1919     -13.8296
     972    -131.0770     -17.3492
     973    -119.7621     -27.4395
     974    -136.7264      -3.1663
     975    -130.5160       0.8102
     976    -102.9582     -14.4084
     977    -124.2419     -16.9725
     978    -135.5002     -20.4759
     979    -119.8784      -9.9510
     980    -113.8781     -15.4491
     981    -126.6629      -1.5575
     982    -122.4700     -15.0623
     983    -122.8465     -12.4001
     984    -122.0392       7.4753
     985    -132.0186      -9.4118
     986    -134.7370       6.2998
     987    -115.3884     -19.0590
     988    -128.1352     -23.5232
     989    -126.6112     -29.0713
     990    -123.1035      -5.7633
     991    -107.0799       4.1195
     992    -148.7656     -32.6955
     993    -132.0456     -17.7575
     994    -120.4354      -8.4187
     995    -121.2642     -18.8636
     996    -137.0927      -6.1741
     997    -145.5896     -10.2937
     998    -112.7515     -11.3261
     999    -147.9432      -7.5472
    1000    -127.6910      -9.4794
