#Frame      RoG_00004 RoG_00004[Max]
       1      17.1912        30.4283
       2      17.0847        29.5825
       3      17.0903        30.5420
       4      17.0427        31.0020
       5      16.9406        30.7691
       6      17.1405        30.8923
       7      16.8814        30.1196
       8      16.9141        31.3829
       9      16.9515        30.5924
      10      17.0549        31.8230
      11      16.9612        30.4645
      12      16.9640        29.8922
      13      16.9451        30.0851
      14      16.9813        29.2576
      15      16.9182        30.5108
      16      17.0812        30.4671
      17      17.0129        30.4532
      18      17.0787        30.8112
      19      16.9865        29.3609
      20      17.0478        31.4121
      21      16.8810        30.7198
      22      17.0271        31.6272
      23      16.8626        30.8767
      24      16.9635        30.5608
      25      17.1246        30.2297
      26      17.1514        30.7552
      27      17.1563        30.7684
      28      16.8981        30.0710
      29      17.0380        29.3276
      30      16.9676        30.3837
      31      17.0028        30.7307
      32      17.0330        30.1136
      33      16.9255        31.1850
      34      17.2137        30.5833
      35      17.0661        29.9223
      36      17.1461        31.5452
      37      17.1830        30.7678
      38      17.2876        31.6613
      39      17.1357        31.3150
      40      16.9873        30.4040
      41      17.0510        31.1012
      42      17.1210        31.4701
      43      16.9762        30.4469
      44      17.1975        31.9760
      45      17.3200        30.7264
      46      17.0731        30.3799
      47      16.9085        31.2524
      48      17.1334        31.6559
      49      17.0882        32.2561
      50      17.1158        31.2761
      51      17.2857        32.0154
      52      17.0766        32.3448
      53      17.1424        31.5808
      54      17.0416        31.2188
      55      16.9595        30.9330
      56      16.9985        30.7309
      57      17.1135        30.5899
      58      17.0991        30.5821
      59      16.8129        29.2108
      60      16.9898        30.3778
      61      17.0149        31.1817
      62      17.0953        32.0043
      63      17.0984        31.3726
      64      17.0368        32.3094
      65      16.9736        29.2502
      66      17.0564        30.5276
      67      17.1418        31.8949
      68      17.2953        31.2310
      69      17.0160        30.5185
      70      17.0264        30.7817
      71      17.1512        32.7824
      72      17.1896        30.3066
      73      17.1037        31.1513
      74      17.2094        30.9433
      75      17.3153        31.4408
      76      17.1656        30.6384
      77      17.1496        29.6148
      78      17.0522        29.6971
      79      17.2060        30.9347
      80      16.9565        30.5277
      81      16.9139        30.4738
      82      16.9268        30.5104
      83      17.1745        30.4884
      84      16.9367        30.7397
      85      17.1080        31.6793
      86      17.0880        31.4773
      87      17.2065        32.0552
      88      17.1414        32.2133
      89      17.1335        29.4918
      90      17.1365        30.2654
      91      17.1037        31.8564
      92      17.0381        30.6088
      93      17.0363        31.1372
      94      17.1387        31.6329
      95      17.1052        30.7501
      96      17.1833        32.5740
      97      17.1098        30.6527
      98      17.1487        30.0035
      99      17.0500        31.8332
     100      17.2299        31.3012
     101      17.0841        30.8265
     102      17.0801        31.1903
     103      17.1025        32.3135
     104      17.1474        31.0881
     105      16.9510        31.1347
     106      17.3065        32.1953
     107      17.2079        30.7190
     108      17.1342        31.4852
     109      17.1405        31.6949
     110      17.1569        31.2288
     111      16.9831        31.5500
     112      17.1775        31.9056
     113      17.1147        32.4878
     114      17.2033        31.8952
     115      16.9746        32.8390
     116      16.9124        29.9114
     117      16.9106        30.6538
     118      17.0613        30.5062
     119      17.0369        30.5518
     120      17.1073        31.0894
     121      16.9166        29.8217
     122      16.8853        30.7586
     123      16.9775        31.3113
     124      17.0876        29.3792
     125      17.1580        31.0147
     126      17.0678        29.7327
     127      17.0845        30.1621
     128      17.0300        30.2682
     129      16.9523        29.9389
     130      16.9082        31.2714
     131      16.9133        29.7353
     132      16.9954        31.3147
     133      16.9164        30.9857
     134      17.0821        29.8774
     135      16.9372        30.5735
     136      16.9201        29.2967
     137      17.0538        30.4856
     138      16.9195        29.5149
     139      17.0246        30.3362
     140      16.9931        31.2904
     141      16.9295        29.4029
     142      17.0071        29.1645
     143      17.0920        30.0817
     144      16.9424        30.7838
     145      17.1774        31.6195
     146      17.0117        31.2225
     147      16.9999        30.5533
     148      17.0076        32.3126
     149      17.2743        31.4234
     150      16.9243        30.7579
     151      17.1110        29.9853
     152      16.9017        30.9968
     153      16.8992        30.8020
     154      17.0723        31.2015
     155      16.8196        29.9409
     156      16.7289        30.3714
     157      16.8331        32.4388
     158      17.1043        30.1135
     159      16.9628        30.7014
     160      16.9143        29.0649
     161      16.9406        29.4546
     162      16.8883        30.8760
     163      16.9473        31.2983
     164      17.1097        31.1354
     165      17.0776        30.8131
     166      17.1283        30.0020
     167      17.0027        30.5439
     168      17.0459        30.9976
     169      17.1637        30.1237
     170      17.1031        29.8663
     171      17.0934        31.8661
     172      17.0813        32.0566
     173      17.1416        31.5149
     174      17.0084        29.5804
     175      17.0232        30.6271
     176      17.0770        29.6725
     177      16.8973        29.9018
     178      17.0279        29.1330
     179      16.9696        31.0329
     180      16.9763        29.4801
     181      17.0863        31.2116
     182      16.9669        30.8058
     183      17.0405        32.3183
     184      17.0629        32.2082
     185      17.1221        31.5850
     186      16.9081        32.0606
     187      17.0229        29.8366
     188      17.1584        30.6186
     189      16.9630        30.9149
     190      17.1469        30.0261
     191      17.0060        29.8225
     192      17.1166        30.2379
     193      17.0887        31.7572
     194      17.0992        30.9314
     195      16.9735        30.1258
     196      17.0789        31.3643
     197      17.2023        31.3793
     198      16.9509        31.5035
     199      16.9751        31.5618
     200      16.9881        31.5876
     201      17.0656        29.8112
     202      16.8258        30.7613
     203      17.0951        30.1907
     204      17.3362        31.7251
     205      17.0839        30.1287
     206      16.9918        29.7962
     207      17.2682        32.0708
     208      17.0275        31.2747
     209      17.1262        31.2678
     210      17.0550        31.5725
     211      16.9765        29.5747
     212      17.0174        31.0711
     213      17.0034        30.2943
     214      16.9413        29.2845
     215      17.0155        31.0069
     216      16.9295        29.6098
     217      17.1404        29.9525
     218      17.0891        29.9048
     219      16.9974        30.0655
     220      17.1583        30.0458
     221      17.1334        29.3582
     222      17.1747        31.5259
     223      17.1129        30.1870
     224      17.0360        31.0051
     225      17.0971        31.4854
     226      17.0520        32.4410
     227      17.0505        31.0962
     228      17.0066        31.3286
     229      17.0026        29.6478
     230      17.1192        30.7220
     231      17.1256        31.2268
     232      17.0179        31.1676
     233      16.9555        29.5673
     234      16.9143        31.5574
     235      17.0017        31.0724
     236      17.0721        30.0014
     237      17.3053        30.2440
     238      16.8733        30.1202
     239      16.7266        29.2250
     240      16.9093        29.1704
     241      16.7994        29.5227
     242      16.7635        31.3526
     243      16.8826        29.7717
     244      16.8760        30.7884
     245      16.8511        29.9542
     246      16.8211        29.7924
     247      16.8019        31.8097
     248      16.8365        30.5623
     249      16.9197        30.4045
     250      16.8999        30.1417
     251      16.8107        29.1566
     252      16.9690        30.5678
     253      16.7508        29.1438
     254      16.9793        29.8655
     255      16.8232        30.7768
     256      17.0182        31.1688
     257      17.0197        29.9875
     258      17.0225        30.0943
     259      17.0696        31.0535
     260      17.2456        30.5182
     261      17.1233        31.9838
     262      17.1029        30.4138
     263      17.1812        29.9859
     264      17.1294        31.1816
     265      17.2224        30.8766
     266      17.1149        30.5330
     267      17.1324        32.4274
     268      17.2914        31.4720
     269      17.1248        31.4884
     270      17.2124        31.5249
     271      17.2738        32.9593
     272      17.0844        30.1256
     273      17.0763        30.6669
     274      17.0865        30.3921
     275      17.3496        30.9873
     276      17.1747        30.3473
     277      17.1314        31.0327
     278      17.0718        29.8063
     279      17.1507        30.7383
     280      17.0564        31.0063
     281      16.8838        31.0798
     282      17.1435        30.8360
     283      17.3036        31.0502
     284      17.0681        30.1027
     285      16.8738        29.9382
     286      17.0110        30.6571
     287      16.9289        29.5607
     288      17.0414        29.7144
     289      17.0264        29.9883
     290      17.0268        31.0070
     291      17.0372        29.6679
     292      16.9817        30.7928
     293      17.2818        30.7645
     294      17.0311        30.0902
     295      17.2550        32.2969
     296      17.2590        31.5475
     297      17.1006        30.7667
     298      17.1941        31.2307
     299      17.2023        30.1395
     300      17.1724        30.0868
     301      16.9959        29.7084
     302      17.1927        31.9990
     303      17.0247        30.4608
     304      17.2496        31.5153
     305      17.0139        30.6709
     306      17.1361        31.6176
     307      16.9409        30.7637
     308      16.8732        31.2306
     309      17.0221        30.3850
     310      17.0431        31.7194
     311      16.9201        31.0455
     312      16.9030        29.9122
     313      16.9900        30.5104
     314      16.9846        30.5056
     315      17.1086        30.1618
     316      17.1987        31.6662
     317      16.9125        32.9803
     318      17.0543        33.8196
     319      17.1268        31.0365
     320      17.0424        29.4153
     321      17.0766        30.4735
     322      17.2259        31.8347
     323      17.1451        33.1613
     324      17.2216        32.9934
     325      16.9129        31.4115
     326      16.9677        30.7499
     327      17.1816        31.3933
     328      17.1881        30.5066
     329      17.0188        30.7876
     330      17.2375        31.4632
     331      17.1153        30.9928
     332      17.0336        32.3912
     333      17.0911        32.2810
     334      17.0352        31.7973
     335      17.1257        30.7814
     336      17.2348        31.3644
     337      17.1268        31.0477
     338      17.0404        31.2606
     339      17.1033        31.3736
     340      17.1040        30.6528
     341      17.0402        30.4772
     342      17.2454        31.6136
     343      17.1601        31.2263
     344      17.1949        30.2300
     345      17.2519        31.0564
     346      16.9916        31.3778
     347      17.0466        29.9935
     348      17.0689        32.4323
     349      17.2211        30.2623
     350      17.0753        30.2979
     351      17.0634        30.7009
     352      17.2236        31.9171
     353      17.1780        31.7277
     354      17.1501        33.2851
     355      17.0570        31.5053
     356      17.0619        30.8678
     357      17.1228        30.6284
     358      17.1689        32.1497
     359      17.0442        31.8848
     360      17.1892        31.5388
     361      17.0778        32.4637
     362      17.1534        31.3773
     363      16.9864        30.4043
     364      17.1495        31.9318
     365      16.9914        29.5079
     366      16.9788        30.5434
     367      17.2234        30.4362
     368      17.0303        29.6920
     369      17.1526        32.0681
     370      16.9732        30.5463
     371      16.9358        29.9541
     372      17.0144        31.1276
     373      17.0442        29.7692
     374      17.0737        29.6425
     375      17.0404        29.9979
     376      17.2252        30.1799
     377      17.0950        30.9297
     378      17.1269        30.8189
     379      17.1430        32.5528
     380      17.0473        30.2342
     381      17.1892        30.1640
     382      17.0421        31.1141
     383      17.1280        31.2489
     384      17.2812        30.9956
     385      17.1028        30.9550
     386      17.3338        31.6371
     387      17.0330        30.8348
     388      17.0718        31.6070
     389      16.8155        29.6237
     390      17.0353        29.6375
     391      17.1668        31.2949
     392      17.1124        32.1378
     393      17.0871        30.5401
     394      17.2761        30.7662
     395      17.1844        31.3953
     396      17.0834        31.7373
     397      17.0528        29.8500
     398      17.0842        31.5860
     399      17.2191        30.3371
     400      17.0508        30.2266
     401      16.9470        29.9862
     402      16.9290        30.7040
     403      17.0791        31.6572
     404      17.2358        31.8494
     405      17.0976        31.5248
     406      17.1361        31.6642
     407      17.0692        29.9151
     408      16.9660        31.6103
     409      17.1164        31.1266
     410      17.1207        30.3073
     411      16.9921        30.1965
     412      17.3615        31.5535
     413      17.3184        31.7451
     414      17.3824        32.5875
     415      16.9675        30.7688
     416      17.3096        30.9938
     417      17.1239        31.5459
     418      17.1052        31.4674
     419      17.2362        31.8128
     420      17.1389        31.4930
     421      17.0749        30.5832
     422      17.1807        31.4394
     423      17.0902        31.1997
     424      17.0922        30.6823
     425      17.0369        31.4255
     426      17.1935        31.2278
     427      17.1892        31.0373
     428      17.1930        30.4027
     429      17.1965        31.9354
     430      17.0994        30.7932
     431      17.1515        31.4001
     432      17.0061        30.0131
     433      17.0086        31.6800
     434      16.9580        32.4649
     435      17.4252        33.6982
     436      17.1847        33.4563
     437      17.3253        32.7275
     438      17.1650        31.8469
     439      17.1028        30.9654
     440      17.1309        30.8238
     441      17.3079        31.8562
     442      17.1032        32.1880
     443      17.1350        31.2096
     444      16.9893        30.7981
     445      17.1920        30.9304
     446      17.0512        32.6550
     447      17.0684        32.2670
     448      17.1822        33.6126
     449      17.0297        29.9587
     450      17.0112        29.8013
     451      17.1334        30.5685
     452      17.0608        30.6413
     453      16.9821        33.0338
     454      17.0119        30.0820
     455      17.0073        30.0126
     456      16.9590        31.5037
     457      16.8473        31.2322
     458      16.9631        33.2921
     459      17.0216        31.7377
     460      17.1604        33.4563
     461      17.0316        33.7599
     462      17.1231        31.0555
     463      17.1195        31.4622
     464      16.9995        31.7303
     465      17.1591        31.6177
     466      17.0220        31.1732
     467      17.1030        31.5942
     468      17.0837        31.2255
     469      16.9933        30.5951
     470      17.1094        31.6565
     471      16.9610        31.1910
     472      17.0192        32.0035
     473      17.1556        31.7042
     474      17.2036        32.4066
     475      17.1589        31.3421
     476      17.2351        31.6745
     477      17.2388        31.8785
     478      17.0305        30.9493
     479      17.1887        31.9535
     480      17.0740        31.8361
     481      17.0532        31.9480
     482      17.0662        31.8372
     483      17.0139        31.0923
     484      16.9765        31.7051
     485      17.2444        32.6814
     486      17.1583        32.0567
     487      17.1626        31.7940
     488      17.1349        31.6337
     489      17.1067        31.9659
     490      17.1815        31.9385
     491      17.0348        31.3087
     492      17.1021        31.6174
     493      17.1313        31.9242
     494      17.0884        32.2662
     495      17.0942        31.9024
     496      17.0915        31.5688
     497      17.2137        32.0145
     498      17.1945        31.8534
     499      17.0667        31.4324
     500      17.4199        32.1223
     501      17.2245        32.1147
     502      17.2444        31.8101
     503      17.2776        32.0780
     504      17.1986        31.7820
     505      17.2399        31.6012
     506      17.1361        31.7235
     507      17.0911        31.7286
     508      17.2170        31.4403
     509      17.1900        31.2706
     510      17.2479        31.8523
     511      17.2548        31.6367
     512      17.4060        32.3894
     513      17.0774        32.7157
     514      17.1728        30.8948
     515      17.1357        31.2298
     516      17.2634        30.7875
     517      17.2370        34.3037
     518      17.2556        31.6315
     519      17.2265        33.5242
     520      17.2992        32.3267
     521      17.4074        32.1219
     522      17.2037        31.1858
     523      17.2318        31.1592
     524      17.2180        31.5694
     525      17.1184        30.7726
     526      17.1157        31.7319
     527      17.3022        32.7428
     528      17.2984        34.9952
     529      17.3753        34.8219
     530      17.2964        33.2213
     531      17.1917        33.2726
     532      17.1627        31.5056
     533      17.2252        31.0481
     534      17.2479        32.2889
     535      17.1926        31.8201
     536      17.2967        31.8060
     537      17.2456        33.2163
     538      17.2928        31.5561
     539      17.2368        31.4541
     540      17.3355        31.5531
     541      17.2172        32.1983
     542      17.2289        31.7321
     543      17.1497        31.3723
     544      17.1831        31.8232
     545      17.2073        32.0735
     546      17.1806        31.1581
     547      17.1896        31.4224
     548      17.2866        32.1208
     549      17.3128        32.1653
     550      17.1637        31.1762
     551      17.3138        31.8563
     552      17.2304        31.8503
     553      17.2524        31.6617
     554      17.2800        31.6577
     555      17.2021        31.9998
     556      17.3444        31.7765
     557      16.9976        31.1536
     558      17.0251        31.6201
     559      17.2103        32.4785
     560      17.3115        30.4534
     561      17.1302        30.4946
     562      17.1072        31.2012
     563      17.2206        34.2998
     564      17.2148        31.1474
     565      17.1963        31.2450
     566      17.1298        32.2398
     567      17.1743        31.6447
     568      17.0595        31.5322
     569      17.2106        33.4095
     570      17.1472        30.6332
     571      17.2641        31.9790
     572      17.1565        33.5833
     573      17.3423        34.5065
     574      17.0049        31.8409
     575      17.1680        34.1443
     576      17.0873        32.6652
     577      17.1690        31.5760
     578      17.1012        33.0845
     579      17.2071        31.2984
     580      17.2000        33.4655
     581      17.1385        30.7993
     582      17.2546        31.9857
     583      17.1117        33.3753
     584      17.1208        31.0357
     585      17.2538        32.9447
     586      17.2161        30.6892
     587      17.2707        31.3391
     588      17.2835        32.1396
     589      17.1402        30.9732
     590      17.0917        30.7219
     591      17.1249        30.5093
     592      17.0228        32.2221
     593      17.1410        31.3687
     594      17.1326        31.2762
     595      17.1182        30.7509
     596      17.2412        32.7506
     597      17.1673        30.9117
     598      17.2268        34.2936
     599      17.1388        30.4448
     600      17.3193        30.6085
     601      17.1589        31.1356
     602      16.9985        30.2308
     603      17.0663        32.1379
     604      16.9231        30.0697
     605      17.0521        30.4058
     606      17.0965        32.1780
     607      17.1214        31.3660
     608      17.1705        33.6450
     609      17.0790        31.7804
     610      17.0900        31.8959
     611      16.9688        32.0157
     612      17.0435        30.6025
     613      17.1139        30.6102
     614      17.1646        30.4884
     615      17.1394        31.7968
     616      17.0433        30.0531
     617      17.1223        30.9533
     618      17.3002        30.9774
     619      17.1175        30.6127
     620      17.0973        33.3931
     621      17.0616        32.0566
     622      17.2338        32.1657
     623      16.9910        31.7230
     624      17.0793        32.2893
     625      17.0008        29.8650
     626      17.0980        32.0410
     627      17.2551        31.5417
     628      17.0319        31.1979
     629      16.9463        30.3475
     630      17.0943        32.9236
     631      17.1090        30.2890
     632      17.1817        31.5512
     633      17.1200        32.5562
     634      17.1147        32.9845
     635      17.0567        30.3544
     636      17.0371        31.2600
     637      17.0579        31.4516
     638      17.1324        32.6420
     639      17.1243        31.5695
     640      17.1045        30.5657
     641      17.2431        32.4563
     642      17.2910        32.3026
     643      17.1566        31.2733
     644      17.2866        33.7679
     645      17.2357        32.1106
     646      17.1536        30.6672
     647      17.1831        31.1116
     648      17.1999        32.9549
     649      17.2149        32.3994
     650      17.1591        30.5446
     651      17.1552        31.4713
     652      17.1756        34.2358
     653      17.1659        30.8794
     654      17.0312        31.6305
     655      17.3417        31.3989
     656      17.1340        31.0338
     657      17.2674        31.4728
     658      17.2162        31.1682
     659      17.2144        30.2712
     660      17.3111        31.1215
     661      17.2602        30.8741
     662      17.4317        32.1673
     663      17.2521        33.0077
     664      17.0939        31.6072
     665      17.1152        30.3267
     666      17.0255        32.0425
     667      16.9672        31.2529
     668      17.2135        31.7340
     669      17.0773        33.7431
     670      16.9933        33.1910
     671      17.0626        33.6996
     672      17.2009        32.1779
     673      17.2292        30.3501
     674      17.1147        31.3523
     675      17.2699        32.9767
     676      17.4453        29.8334
     677      17.3254        33.3513
     678      17.1319        32.9041
     679      17.2602        31.3951
     680      17.1162        30.7703
     681      17.1829        32.1180
     682      17.1393        30.5412
     683      17.2761        29.7200
     684      17.1877        34.0025
     685      17.1928        32.3900
     686      17.2401        32.0725
     687      17.2383        32.2828
     688      17.0311        32.0753
     689      17.1522        32.4182
     690      17.0896        31.8708
     691      17.1809        32.0006
     692      17.0868        31.5659
     693      17.0584        31.0785
     694      17.0974        31.1897
     695      17.2152        31.8626
     696      17.1928        31.7687
     697      17.0465        31.6258
     698      17.1144        31.6061
     699      17.1741        31.4853
     700      16.9661        30.9978
     701      17.1710        31.6652
     702      17.2284        31.5899
     703      17.1141        31.1541
     704      17.2190        31.3481
     705      17.2042        32.1524
     706      16.9981        31.2122
     707      17.1402        31.7879
     708      17.0915        31.4741
     709      17.0826        33.5753
     710      17.2245        34.1497
     711      17.1260        33.0429
     712      16.9544        29.7928
     713      17.0581        30.2687
     714      17.1583        33.4439
     715      17.1874        32.0143
     716      17.1445        31.6260
     717      17.0440        30.5610
     718      17.0253        31.6168
     719      17.0600        30.2385
     720      17.2056        30.2545
     721      17.2400        31.2255
     722      17.3226        31.6846
     723      17.1653        31.1779
     724      17.1511        31.4231
     725      17.1408        31.8740
     726      17.0750        31.4135
     727      16.9435        30.8479
     728      17.0477        31.3063
     729      17.0839        31.0835
     730      17.2055        31.6450
     731      17.2143        31.7902
     732      16.8126        31.1333
     733      17.0892        31.9817
     734      16.9763        31.3571
     735      17.2234        32.4964
     736      17.1024        31.6155
     737      16.9120        32.6051
     738      16.9910        31.6805
     739      17.0535        29.8091
     740      17.0612        34.2713
     741      17.0388        33.0436
     742      16.9878        32.0067
     743      17.1284        32.7778
     744      17.0451        30.9422
     745      17.0359        30.3123
     746      17.1042        31.5691
     747      17.1269        33.3890
     748      16.9790        30.8586
     749      16.9496        31.6072
     750      17.0635        31.5461
     751      17.0915        32.6920
     752      17.0110        31.7303
     753      17.0976        32.7260
     754      17.0516        33.2550
     755      17.0329        31.9032
     756      17.2039        32.2720
     757      17.0765        33.5209
     758      16.9824        31.1155
     759      16.9911        34.4579
     760      17.2313        33.2418
     761      17.1125        34.8787
     762      17.0184        34.7670
     763      17.0593        33.1371
     764      17.0199        30.5954
     765      17.0249        31.4710
     766      16.9799        31.7856
     767      17.0651        31.0139
     768      17.0961        31.6286
     769      17.1142        33.5543
     770      16.9174        30.1243
     771      16.9493        31.8924
     772      17.0931        29.9120
     773      17.1566        30.9366
     774      17.1883        32.6524
     775      17.1090        31.3301
     776      17.1214        30.6606
     777      16.9084        30.8689
     778      17.0670        30.4760
     779      17.0084        30.1514
     780      16.8889        29.6793
     781      16.9401        31.3352
     782      16.9973        30.7765
     783      17.0656        31.0124
     784      16.9336        30.0831
     785      17.0914        30.8262
     786      16.8720        29.9289
     787      17.0655        29.7261
     788      16.9815        29.8147
     789      16.8592        31.2009
     790      16.8184        31.3135
     791      17.0265        31.6640
     792      16.7935        29.9063
     793      16.9170        30.4659
     794      17.1683        30.2361
     795      17.1086        30.6137
     796      16.8525        29.6202
     797      16.8599        30.3074
     798      16.9251        30.1061
     799      16.8638        30.5449
     800      16.9147        30.3864
     801      17.0782        30.8509
     802      17.0740        31.9846
     803      17.0277        31.1088
     804      17.0905        29.9909
     805      17.0367        31.9613
     806      17.0639        30.0232
     807      17.2947        30.2404
     808      17.1029        30.5296
     809      16.9321        29.7907
     810      17.0349        32.2628
     811      16.9775        31.1164
     812      17.0699        30.1984
     813      17.1124        30.3036
     814      17.1530        30.1323
     815      16.9917        29.5909
     816      17.0016        29.7200
     817      17.2266        29.7380
     818      17.1295        30.7256
     819      17.0179        31.4010
     820      17.1553        30.9656
     821      17.2108        30.3542
     822      17.1644        30.3777
     823      17.4399        30.9055
     824      17.0096        30.6851
     825      17.0867        31.1837
     826      17.1446        31.1378
     827      17.2223        30.1777
     828      17.1473        30.6092
     829      17.0521        30.2446
     830      17.1949        30.6387
     831      17.1882        31.1132
     832      17.1602        31.9072
     833      17.1001        30.4281
     834      17.1197        32.3970
     835      16.9869        30.6061
     836      16.9843        30.9889
     837      16.9709        30.1156
     838      16.8146        30.3507
     839      16.8564        30.4321
     840      16.7809        31.0679
     841      16.8145        31.1369
     842      16.9690        30.4732
     843      16.8660        31.0042
     844      16.9908        30.9022
     845      17.0859        29.7861
     846      17.1580        30.6075
     847      17.1207        30.9497
     848      16.9828        30.5631
     849      17.0900        31.6668
     850      17.1222        31.7074
     851      16.9763        30.6488
     852      17.1922        30.0446
     853      17.1902        29.9796
     854      17.1006        29.4659
     855      17.0348        29.2421
     856      16.9337        30.0656
     857      16.8316        30.4095
     858      16.9520        30.2014
     859      17.0949        29.9621
     860      16.9363        29.1822
     861      17.0516        30.8920
     862      16.8878        30.4537
     863      17.1262        30.3507
     864      16.8525        29.7739
     865      17.1906        30.2591
     866      16.9960        30.6881
     867      17.0512        30.2410
     868      17.1363        29.7121
     869      16.9047        29.2325
     870      17.2279        31.1376
     871      17.2772        31.5394
     872      16.9581        30.4034
     873      17.1617        30.8370
     874      17.1331        32.3714
     875      17.1173        30.0453
     876      17.1390        30.5865
     877      17.1148        30.9146
     878      17.1535        31.1296
     879      17.2500        30.9168
     880      17.1361        30.5383
     881      17.1739        30.4828
     882      17.2217        31.2020
     883      17.1471        31.5102
     884      17.1062        31.1210
     885      17.1337        30.7000
     886      17.1311        30.8054
     887      17.1290        30.4441
     888      17.1093        30.4773
     889      17.0836        31.2838
     890      17.0633        30.5705
     891      16.9686        30.2692
     892      17.1079        31.0819
     893      17.1445        30.1569
     894      17.0469        30.0583
     895      17.0343        31.3042
     896      17.1001        31.8121
     897      17.0742        30.8940
     898      17.2394        30.6126
     899      17.2463        31.8449
     900      16.9813        30.0963
     901      17.1413        30.8763
     902      17.1579        31.0554
     903      17.4027        31.6371
     904      17.4649        31.8739
     905      17.5226        30.9920
     906      17.3368        30.7408
     907      17.3709        31.5119
     908      17.6669        31.4312
     909      17.9735        32.6574
     910      17.8558        31.6943
     911      17.5735        32.1777
     912      17.7734        32.2049
     913      17.7141        31.4286
     914      17.8199        32.5469
     915      17.6197        32.2679
     916      17.6718        31.2732
     917      17.4702        31.4320
     918      17.3801        32.3454
     919      17.3941        32.7229
     920      17.3330        30.6217
     921      17.5354        30.7445
     922      17.4491        32.5013
     923      17.4283        31.2876
     924      17.7907        32.4119
     925      17.5700        31.5338
     926      17.6129        31.3965
     927      17.3706        31.4365
     928      17.3208        30.5042
     929      17.3033        29.8488
     930      17.3481        33.3458
     931      17.3215        30.5758
     932      17.4282        30.2533
     933      17.4588        30.7880
     934      17.6030        31.9090
     935      17.5647        31.9065
     936      17.5430        32.1559
     937      17.4112        32.6142
     938      17.4353        31.2934
     939      17.3571        30.6424
     940      17.3859        31.5075
     941      17.5086        30.8967
     942      17.5568        31.8096
     943      17.9646        31.6878
     944      17.8792        32.5487
     945      17.9394        31.7890
     946      17.8005        32.4349
     947      17.7435        31.8034
     948      17.7430        32.6701
     949      17.7652        32.1201
     950      17.6984        32.9784
     951      17.3888        31.1862
     952      17.4350        32.8550
     953      17.1534        30.8702
     954      17.4015        30.8076
     955      17.4722        31.6456
     956      17.4717        31.4494
     957      17.7284        31.8864
     958      17.4997        31.6559
     959      17.8177        32.0289
     960      18.0826        32.9005
     961      17.5807        31.8116
     962      17.8149        32.3804
     963      18.3514        33.4812
     964      17.6124        32.7042
     965      17.5825        31.9416
     966      17.8069        31.7862
     967      17.5366        32.2332
     968      17.7115        31.9397
     969      17.8314        32.1653
     970      17.9011        31.3774
     971      18.0581        33.1592
     972      17.6373        31.5513
     973      17.6769        31.1179
     974      17.3873        33.0899
     975      17.4472        31.3123
     976      17.3152        32.2794
     977      17.7941        32.5986
     978      17.6797        31.2352
     979      17.7992        33.0304
     980      18.0635        32.1262
     981      18.1167        34.2212
     982      18.1107        33.3013
     983      17.9447        33.6152
     984      17.9387        32.7198
     985      17.5448        33.4108
     986      17.6048        32.9025
     987      17.7878        32.1941
     988      18.0617        32.7407
     989      17.6528        31.5376
     990      17.4358        32.5267
     991      17.6615        31.4583
     992      17.6037        31.2156
     993      17.7585        31.7243
     994      17.7547        33.2142
     995      17.4732        32.2283
     996      17.6726        32.3951
     997      17.7781        31.7218
     998      17.9515        31.9162
     999      17.8817        31.7776
    1000      17.7468        31.8846
