#Frame      RoG_00004 RoG_00004[Max]
       1      16.9698        29.9161
       2      16.8794        29.1948
       3      16.9064        32.0017
       4      17.1096        31.0820
       5      17.0076        30.0034
       6      17.1424        28.9358
       7      16.9780        29.0977
       8      17.0698        29.5442
       9      17.0548        29.4080
      10      17.0642        29.2836
      11      17.0525        29.6483
      12      16.9571        29.8851
      13      16.8385        29.2299
      14      17.2277        29.8790
      15      17.2375        30.1398
      16      17.0854        29.5429
      17      17.1811        30.8698
      18      17.0621        28.9929
      19      17.0719        30.2396
      20      17.0438        30.5295
      21      17.0499        30.1662
      22      17.0540        30.4248
      23      17.3186        31.9603
      24      17.2350        31.1061
      25      17.0565        30.7425
      26      17.0373        29.8267
      27      16.8973        30.9037
      28      16.9485        31.7353
      29      17.2271        30.4389
      30      17.2367        31.2226
      31      17.0463        30.4204
      32      17.0029        30.4735
      33      17.0850        29.6827
      34      17.0924        30.9554
      35      17.1282        30.6720
      36      17.0562        31.2698
      37      17.0555        30.1925
      38      17.0511        30.1066
      39      17.1036        29.4501
      40      17.1089        29.8277
      41      17.0769        30.0828
      42      17.0625        29.7772
      43      17.1132        29.6517
      44      17.1099        31.5768
      45      17.2009        31.5846
      46      17.0529        30.4585
      47      17.1501        32.0562
      48      17.2511        32.0984
      49      17.0130        30.6626
      50      17.1487        31.1685
      51      17.1707        30.3835
      52      17.2549        31.2339
      53      17.2096        31.1410
      54      17.2030        31.9365
      55      17.3491        30.5717
      56      17.0446        30.6211
      57      17.0070        29.3810
      58      17.0499        31.4635
      59      17.0028        30.8775
      60      17.0585        30.9411
      61      17.1767        30.5003
      62      17.1707        30.0118
      63      17.1746        29.7889
      64      17.0261        29.6751
      65      16.8823        29.4693
      66      17.0831        31.0416
      67      17.1431        29.7363
      68      17.4257        31.6797
      69      17.4411        31.0798
      70      17.1639        31.1291
      71      17.1496        29.3366
      72      17.0436        29.6415
      73      17.1743        30.2421
      74      17.1915        30.8495
      75      17.0628        29.5336
      76      17.1361        30.1297
      77      17.0280        29.5554
      78      17.0542        29.5548
      79      17.0414        30.8840
      80      17.0902        30.5559
      81      17.0809        29.8676
      82      17.1870        30.3286
      83      17.2008        30.4341
      84      17.1556        29.7376
      85      17.1867        30.7378
      86      17.4036        30.6241
      87      17.2032        29.7041
      88      17.1229        30.0363
      89      17.3064        30.6237
      90      17.3031        30.4005
      91      17.1001        30.6466
      92      17.0699        30.8122
      93      17.2387        30.4790
      94      17.0848        30.5196
      95      16.9767        30.8933
      96      17.0520        30.3058
      97      17.0198        31.0500
      98      16.9079        30.5527
      99      16.9717        29.6277
     100      16.9691        30.7434
     101      16.9354        31.3461
     102      16.9068        31.3979
     103      17.0284        30.9642
     104      17.0181        30.3382
     105      16.8695        29.4770
     106      16.7930        30.8524
     107      16.9426        30.6561
     108      16.8028        30.7887
     109      17.0197        31.9759
     110      16.9359        30.5019
     111      16.9241        30.0663
     112      16.9295        29.1774
     113      17.0257        30.3014
     114      16.9998        31.9820
     115      16.8899        29.4264
     116      16.7728        30.2528
     117      16.8102        28.9786
     118      16.9235        29.8275
     119      16.9512        31.2047
     120      16.8399        30.4713
     121      16.8550        30.4817
     122      16.8099        31.3370
     123      16.9899        31.4648
     124      16.9921        30.9097
     125      16.8752        30.7550
     126      16.7956        30.2106
     127      16.7486        31.7899
     128      17.1029        31.3012
     129      16.8789        29.8762
     130      16.8811        29.8140
     131      16.8160        29.9112
     132      16.9477        31.9225
     133      16.9222        28.9621
     134      16.9770        30.1894
     135      16.8920        30.5133
     136      16.8427        31.3146
     137      16.9537        29.8708
     138      16.9325        30.5409
     139      16.6872        30.4529
     140      16.8032        29.0746
     141      16.7110        29.8804
     142      16.7740        29.8503
     143      16.7269        29.3028
     144      16.7248        28.7663
     145      16.7869        30.2010
     146      16.9608        29.9301
     147      16.9847        30.9681
     148      16.8709        29.0679
     149      16.8968        29.6184
     150      16.8895        29.1632
     151      16.9587        29.3635
     152      16.8722        29.2371
     153      16.9951        30.2740
     154      16.8976        29.3181
     155      16.7606        28.9511
     156      16.7861        28.6723
     157      16.8043        29.5967
     158      16.8026        31.4790
     159      16.8929        31.6011
     160      16.8555        30.5107
     161      16.7088        28.8051
     162      16.7285        29.8682
     163      16.7425        32.1968
     164      16.6757        30.2602
     165      16.9090        30.4981
     166      16.9485        30.9787
     167      16.9275        30.8976
     168      16.9487        30.8812
     169      17.0124        31.5149
     170      17.0049        32.2773
     171      16.9291        30.8491
     172      17.0507        31.3044
     173      16.9953        31.1500
     174      16.8924        31.4133
     175      16.7013        31.0910
     176      16.8535        29.5085
     177      16.9218        31.5331
     178      16.8765        31.4917
     179      16.7728        30.8156
     180      16.8917        30.6507
     181      16.9760        31.4265
     182      16.8154        30.7303
     183      16.8856        29.6337
     184      16.7631        29.9534
     185      16.8440        29.3741
     186      17.0151        31.9321
     187      16.8939        31.2190
     188      16.9517        30.8969
     189      16.8510        30.3814
     190      16.7862        30.7932
     191      16.9400        31.2916
     192      17.0264        31.8490
     193      17.0021        30.3743
     194      16.9020        31.1867
     195      16.9789        29.3631
     196      16.7648        31.3110
     197      16.7554        30.5688
     198      17.0532        31.4485
     199      16.6743        30.1081
     200      16.8158        29.5363
     201      16.8225        30.6245
     202      16.7846        31.6762
     203      16.9787        31.5570
     204      16.8565        29.8538
     205      16.8539        31.0579
     206      16.8501        31.3424
     207      16.8760        31.2994
     208      16.7755        30.6729
     209      17.0132        31.5052
     210      16.8766        29.6576
     211      16.7500        30.5388
     212      16.9628        30.4403
     213      16.6919        30.9310
     214      16.7690        29.9391
     215      16.7989        29.0556
     216      16.7491        30.1044
     217      16.7210        29.6082
     218      16.7062        30.3610
     219      16.7146        30.5202
     220      16.7946        28.7787
     221      16.7850        29.1902
     222      16.8537        29.3997
     223      16.7495        29.2577
     224      16.8854        29.2854
     225      16.8889        28.8687
     226      16.8094        29.8397
     227      16.9585        29.7171
     228      16.7598        30.1005
     229      16.7893        30.8691
     230      16.7188        30.8026
     231      16.6888        30.4714
     232      16.8198        31.7989
     233      16.7862        31.3885
     234      16.9298        29.9343
     235      16.9240        31.0204
     236      16.6982        29.9774
     237      16.7396        30.1091
     238      16.7310        30.2930
     239      16.7701        29.3677
     240      16.7380        29.9763
     241      16.7660        29.7524
     242      16.7668        29.6015
     243      16.8664        29.9824
     244      16.7890        30.1940
     245      16.7783        30.3054
     246      16.7278        29.6044
     247      16.8166        29.9202
     248      16.7514        29.8247
     249      17.0043        31.8076
     250      16.9670        30.5155
     251      16.6804        28.8496
     252      16.6702        30.4531
     253      16.8614        28.9982
     254      16.7670        29.4549
     255      16.8079        29.8553
     256      16.8503        30.5669
     257      16.9122        31.3255
     258      16.8190        30.3448
     259      16.7489        29.6356
     260      16.8816        29.4529
     261      16.9229        31.0512
     262      16.9355        29.6159
     263      16.9379        30.7518
     264      16.8518        30.3316
     265      16.9409        29.3322
     266      16.7597        30.6604
     267      16.7955        30.7769
     268      16.7490        30.5729
     269      16.8109        30.3305
     270      16.9596        31.7228
     271      16.9069        30.6374
     272      16.7274        30.7992
     273      16.9203        31.9752
     274      16.6752        29.9643
     275      16.7473        30.2805
     276      16.8766        30.2624
     277      16.7105        28.6422
     278      16.7837        29.8600
     279      16.9166        29.9013
     280      16.8935        31.8420
     281      16.9229        30.1946
     282      17.0270        31.5695
     283      16.8104        31.5437
     284      16.8825        30.1698
     285      16.8844        30.2397
     286      16.9230        29.4904
     287      16.8861        30.9876
     288      16.9379        30.8602
     289      16.9357        30.5936
     290      16.8844        33.4709
     291      16.8619        29.3964
     292      16.9725        30.3358
     293      16.8875        31.0969
     294      16.8723        29.0868
     295      16.8646        30.1879
     296      16.8798        32.0479
     297      16.7610        30.9820
     298      16.9007        30.3615
     299      16.7865        31.3063
     300      16.8683        30.0565
     301      16.7999        30.0083
     302      16.9515        31.3023
     303      16.9690        29.7731
     304      16.8655        29.4924
     305      17.0506        30.2614
     306      16.9686        29.7933
     307      16.9571        30.0161
     308      17.0323        31.2537
     309      16.9339        30.5052
     310      17.0290        30.2281
     311      16.8063        30.1754
     312      16.9123        30.5107
     313      16.8121        28.8543
     314      16.7946        31.6478
     315      16.7816        30.2910
     316      16.7531        29.9662
     317      16.7581        30.2415
     318      16.7005        31.2582
     319      16.8928        31.8310
     320      16.8228        31.1344
     321      16.6653        29.3700
     322      16.7105        29.1683
     323      16.7525        29.7507
     324      16.8045        29.5785
     325      16.8257        30.6382
     326      16.8289        30.4034
     327      16.8584        29.2578
     328      16.9139        30.2149
     329      16.9431        29.0197
     330      16.8333        29.5742
     331      17.0203        30.6512
     332      16.9643        29.1253
     333      17.0135        30.3934
     334      16.9920        31.0942
     335      16.9402        30.6005
     336      16.9698        29.7802
     337      16.9888        30.2179
     338      16.8882        30.6050
     339      16.8397        30.6118
     340      16.8644        31.2755
     341      16.9278        30.0668
     342      16.8215        30.1813
     343      16.8398        30.6422
     344      16.8604        30.0725
     345      16.9411        30.2436
     346      16.9448        30.9366
     347      16.9128        30.7312
     348      17.0102        31.1395
     349      16.8658        30.5766
     350      16.8459        29.2843
     351      17.0692        31.2180
     352      16.9862        31.8202
     353      16.9635        31.1555
     354      16.9963        31.8332
     355      16.9329        30.4570
     356      17.1391        30.9299
     357      16.9751        30.3054
     358      17.0097        30.3892
     359      16.9922        29.8150
     360      16.8521        30.1417
     361      16.8278        29.7846
     362      16.7644        30.9180
     363      16.7952        30.5808
     364      16.8397        30.6850
     365      16.8146        29.9754
     366      16.8779        30.8782
     367      16.8656        30.4689
     368      16.9973        31.4516
     369      16.8909        31.0439
     370      17.0421        29.6042
     371      16.9749        29.8624
     372      16.9914        30.7362
     373      16.7199        30.7398
     374      16.7967        30.9115
     375      16.9073        31.4969
     376      16.8103        30.2392
     377      16.7992        28.6186
     378      16.7719        29.3705
     379      16.8427        30.1343
     380      16.8874        30.9503
     381      16.9270        29.6917
     382      16.8587        31.5662
     383      16.8386        29.9423
     384      16.6882        29.3773
     385      16.7684        30.5365
     386      16.8807        29.4581
     387      17.1043        31.0143
     388      16.7924        30.4131
     389      17.0046        30.0689
     390      16.9964        29.6138
     391      16.9999        29.8670
     392      16.9520        30.2266
     393      16.9108        30.1071
     394      16.9930        30.7790
     395      16.8163        28.6968
     396      16.7747        29.3201
     397      16.9020        30.5170
     398      16.8381        30.0478
     399      16.8962        30.0498
     400      16.7191        30.4750
     401      16.8108        30.1799
     402      16.7644        29.2844
     403      16.8108        30.0559
     404      16.7081        30.2878
     405      16.9892        29.6895
     406      17.0108        31.3642
     407      16.9610        30.1682
     408      16.9421        29.7750
     409      16.9423        29.8559
     410      16.9240        29.2394
     411      16.9240        30.8475
     412      16.9461        29.9945
     413      16.8677        29.7171
     414      16.9669        30.3699
     415      16.9133        32.9733
     416      16.7408        29.7182
     417      16.8115        29.5259
     418      16.8779        30.5233
     419      16.8811        29.6194
     420      16.9687        31.0355
     421      16.8626        29.4986
     422      16.9821        30.1483
     423      16.9850        31.5178
     424      16.8781        30.8778
     425      16.9208        31.1278
     426      16.9696        30.4660
     427      16.9780        30.6546
     428      16.9028        30.8081
     429      16.7786        30.9041
     430      16.9721        29.3216
     431      16.8839        30.0786
     432      16.9471        29.9153
     433      16.9964        29.1707
     434      16.8102        29.0451
     435      17.0882        29.3362
     436      16.9173        29.1201
     437      16.9441        31.4229
     438      16.9088        30.2467
     439      16.8232        30.3429
     440      17.0267        31.6483
     441      16.8199        30.9234
     442      16.9793        31.0651
     443      16.8743        29.5635
     444      16.9184        30.2810
     445      16.9217        31.3384
     446      16.9035        30.7834
     447      17.0399        30.9876
     448      17.0042        31.4476
     449      17.0011        31.9347
     450      16.9592        29.7123
     451      16.9714        30.3163
     452      16.9956        29.9086
     453      16.8839        29.7419
     454      16.8894        29.8819
     455      16.8292        30.2088
     456      16.7846        30.0627
     457      16.8187        29.7117
     458      16.9261        29.7313
     459      16.8139        29.5819
     460      17.2088        30.4385
     461      16.9745        29.7361
     462      17.0204        30.4685
     463      17.0245        30.5892
     464      17.0224        30.1801
     465      17.0705        30.7084
     466      16.9352        29.7483
     467      17.0403        30.0119
     468      16.9369        28.9135
     469      16.9875        29.6337
     470      16.8782        30.6074
     471      16.9820        29.5439
     472      16.9076        29.6348
     473      17.0259        29.2980
     474      17.1127        30.1128
     475      16.9560        29.6985
     476      17.0418        29.4880
     477      17.0692        29.7087
     478      16.9331        30.9841
     479      16.9899        29.5225
     480      17.0168        31.1369
     481      16.9835        29.2227
     482      16.9664        30.1094
     483      16.9515        31.4066
     484      16.9398        29.6834
     485      16.8312        29.6136
     486      17.1218        30.4693
     487      17.0279        29.6884
     488      17.0227        30.6329
     489      17.1298        30.4086
     490      17.0304        30.9052
     491      17.0419        30.0900
     492      16.9425        29.9045
     493      17.0234        30.3429
     494      16.9601        29.4167
     495      17.1254        30.7532
     496      17.0840        29.8591
     497      17.1239        31.3549
     498      17.2051        30.0944
     499      17.0749        29.8754
     500      17.3151        31.1978
     501      17.0844        30.5172
     502      17.0364        29.8451
     503      17.0244        29.9170
     504      17.0403        30.2128
     505      16.8630        28.8951
     506      17.0778        29.6063
     507      16.8933        30.5128
     508      16.9456        29.9263
     509      16.9953        29.7488
     510      16.9291        30.0819
     511      17.0424        29.8574
     512      16.9921        30.4814
     513      17.3102        31.0845
     514      17.1063        31.3727
     515      16.8934        30.8043
     516      16.9566        31.1940
     517      17.0546        30.0319
     518      17.1588        30.2994
     519      17.0129        29.2866
     520      17.0391        29.9401
     521      17.0809        31.1251
     522      16.9078        30.0488
     523      17.0844        31.0856
     524      17.0137        30.5717
     525      16.9147        29.5851
     526      17.0484        29.6286
     527      17.1207        29.7806
     528      16.9532        30.5010
     529      17.1345        30.2995
     530      17.0925        30.5824
     531      17.2418        30.3385
     532      17.0163        30.7844
     533      17.1459        31.1584
     534      17.1401        30.0117
     535      17.1373        29.7850
     536      17.1213        29.3210
     537      17.0900        29.8332
     538      17.1652        30.6840
     539      17.0377        30.1997
     540      17.2938        31.5271
     541      17.1433        31.2626
     542      16.9285        30.5850
     543      17.2502        30.9862
     544      16.9132        30.7374
     545      17.0533        30.3062
     546      16.9120        30.5397
     547      17.1194        30.0179
     548      17.0244        30.6356
     549      16.9917        29.5519
     550      16.9314        30.1787
     551      16.8613        29.3002
     552      16.8928        30.6169
     553      17.1091        30.9612
     554      16.9335        31.8858
     555      17.0233        30.9464
     556      16.9720        31.4272
     557      16.9160        29.6539
     558      17.0746        30.0749
     559      17.0715        31.2255
     560      17.0297        31.2223
     561      17.2532        31.7121
     562      16.9475        31.3642
     563      17.1882        31.3435
     564      17.1032        29.3165
     565      16.9197        29.3407
     566      17.1283        31.5832
     567      17.0517        29.9071
     568      17.0110        30.3541
     569      17.0355        31.2778
     570      17.1094        30.3926
     571      16.9835        30.2183
     572      17.0444        29.6391
     573      16.8922        30.5068
     574      16.9609        31.1047
     575      17.0735        30.4268
     576      16.9665        30.2326
     577      16.9368        31.5963
     578      17.0173        30.8049
     579      16.8503        29.3392
     580      17.0985        30.8830
     581      17.0324        30.6140
     582      17.0924        30.0402
     583      17.0186        29.6296
     584      17.0545        30.3862
     585      17.0659        29.8443
     586      17.2912        31.7535
     587      17.0404        31.1904
     588      17.1147        31.3427
     589      16.9979        30.9555
     590      16.9635        29.2901
     591      16.9783        29.0468
     592      17.0197        30.7993
     593      16.9669        29.9302
     594      16.9621        29.8949
     595      16.9768        30.9080
     596      16.9734        29.4007
     597      16.9343        29.7672
     598      16.9288        29.3299
     599      16.8866        30.3202
     600      16.9795        30.3162
     601      16.9559        30.3466
     602      17.0272        29.6335
     603      16.9903        30.7519
     604      17.0801        30.1940
     605      17.1262        31.1881
     606      17.0579        30.8139
     607      17.0627        30.6653
     608      17.0086        30.7283
     609      17.0177        30.4033
     610      17.0348        29.5242
     611      16.9258        30.7036
     612      16.8270        29.0024
     613      16.9483        29.7023
     614      16.9487        30.5676
     615      16.9790        31.4628
     616      16.9453        30.6739
     617      17.0574        30.5138
     618      17.0037        30.6176
     619      16.8961        30.3297
     620      16.8676        31.3966
     621      16.8501        30.3223
     622      16.9062        30.6706
     623      16.8113        30.0632
     624      16.8037        30.8804
     625      16.8602        30.4793
     626      17.0207        30.2897
     627      16.9922        30.0780
     628      17.0188        30.8000
     629      17.1440        30.4751
     630      16.9037        30.5505
     631      17.0983        29.8609
     632      16.9938        31.0601
     633      16.9935        30.6807
     634      16.9014        30.4767
     635      16.9779        30.6910
     636      16.7811        29.3915
     637      16.7957        30.8758
     638      16.9092        29.0341
     639      17.0162        31.9755
     640      16.9463        30.1466
     641      16.9393        30.5450
     642      17.0278        29.7883
     643      16.9862        31.1464
     644      16.9981        30.1765
     645      16.9502        29.9433
     646      16.9134        31.3824
     647      16.9421        29.4428
     648      17.0551        30.0193
     649      16.9150        28.9513
     650      16.8749        30.0811
     651      16.8875        31.2304
     652      17.1366        31.1013
     653      17.0208        29.8691
     654      17.0176        29.2275
     655      16.9676        30.0594
     656      16.9280        29.3153
     657      17.1086        29.5902
     658      16.9230        30.6010
     659      16.8924        29.5425
     660      16.9180        30.0637
     661      16.9497        29.0759
     662      16.8436        30.1214
     663      16.9645        31.2956
     664      16.9777        30.4643
     665      16.8886        30.4223
     666      16.8713        30.7545
     667      17.1166        30.8641
     668      17.0076        29.9052
     669      17.1011        32.0092
     670      17.0244        30.2109
     671      16.9677        28.6494
     672      16.9338        29.1807
     673      17.0287        29.2865
     674      16.9930        29.0780
     675      16.9391        29.5761
     676      17.0154        29.1871
     677      17.0800        30.5681
     678      17.0211        29.2553
     679      17.1372        29.0756
     680      16.9087        30.9424
     681      16.9802        29.8418
     682      17.0986        30.0438
     683      16.9069        29.2034
     684      17.0478        32.4023
     685      17.0092        30.6965
     686      17.1665        30.0249
     687      16.8573        31.3854
     688      17.0516        30.0790
     689      16.9442        29.9410
     690      16.8448        29.7328
     691      16.9019        30.3883
     692      16.9178        29.2496
     693      16.9511        29.4779
     694      16.9365        29.1022
     695      16.8769        29.8704
     696      16.9640        29.9402
     697      17.1223        30.6182
     698      16.9610        29.8774
     699      17.0256        30.0427
     700      16.8828        29.6470
     701      16.8840        31.1140
     702      16.9085        29.7263
     703      16.8267        30.0496
     704      16.9638        28.9909
     705      16.8078        29.5456
     706      16.9829        29.8493
     707      16.9175        29.9013
     708      16.9608        29.6908
     709      16.9498        30.9612
     710      16.8057        30.3870
     711      16.8654        30.9595
     712      16.9074        30.9730
     713      16.9337        29.7265
     714      17.0725        30.6303
     715      16.9431        30.3720
     716      17.0195        30.7540
     717      17.1518        30.6351
     718      16.9520        30.7431
     719      17.0702        30.1098
     720      16.9538        30.6047
     721      17.2138        30.0130
     722      17.0259        30.5786
     723      17.1837        31.2029
     724      17.2657        31.1324
     725      17.0803        29.7429
     726      17.1999        30.6684
     727      16.9888        31.8113
     728      17.0186        29.8389
     729      17.0078        29.0977
     730      17.1555        30.0530
     731      16.7909        30.9050
     732      17.0019        31.2710
     733      17.0630        29.8208
     734      17.4827        30.2967
     735      16.9896        29.2857
     736      16.8712        29.5783
     737      16.9438        28.9606
     738      17.1551        30.7726
     739      16.9981        29.6892
     740      17.0488        30.7062
     741      16.9383        29.9177
     742      16.9956        29.8084
     743      16.9071        29.5941
     744      16.9866        30.0034
     745      16.8654        28.9546
     746      17.0041        29.6343
     747      17.1266        29.5006
     748      16.9630        29.2939
     749      17.0460        29.4179
     750      17.0368        30.2465
     751      17.0772        30.2356
     752      16.9866        29.1842
     753      17.0071        29.6701
     754      16.8996        30.3597
     755      17.0128        30.3296
     756      16.8920        30.2375
     757      16.7911        30.0153
     758      16.9334        29.7504
     759      17.0899        29.9975
     760      17.1632        30.5603
     761      17.1440        29.8751
     762      16.9310        30.2016
     763      16.9385        30.0292
     764      17.0385        31.4361
     765      16.9858        30.0315
     766      17.0033        29.4291
     767      16.9353        29.3563
     768      17.1270        31.3355
     769      16.9335        30.1979
     770      16.8609        30.0664
     771      17.0741        30.2919
     772      16.9962        31.3830
     773      16.8895        30.6177
     774      16.9628        29.9568
     775      17.0287        30.6766
     776      16.8491        30.9808
     777      16.8923        29.7767
     778      16.9622        31.8056
     779      17.0850        29.5765
     780      16.9864        32.3757
     781      17.0097        31.4516
     782      17.1079        29.3636
     783      16.9276        29.4734
     784      17.1902        30.7611
     785      17.0893        29.6109
     786      16.9956        29.2045
     787      16.9360        29.5724
     788      17.1072        31.7090
     789      16.9820        29.8101
     790      17.0963        29.4010
     791      17.0535        28.7994
     792      17.1177        30.0226
     793      16.9572        29.9106
     794      17.0165        29.8192
     795      17.1752        28.9151
     796      16.8738        28.8033
     797      16.9676        29.7186
     798      17.0022        30.2213
     799      16.9147        28.7044
     800      17.1149        29.6547
     801      16.9361        30.9394
     802      16.8567        31.8576
     803      17.1422        30.5083
     804      17.0041        31.5454
     805      17.0875        30.7263
     806      17.1488        31.4562
     807      17.1030        30.5377
     808      17.0363        29.9801
     809      17.0064        29.9284
     810      17.0845        29.2038
     811      17.1469        29.9873
     812      17.1662        30.2938
     813      17.1798        29.3919
     814      17.0153        30.4359
     815      17.1874        29.9978
     816      17.1012        29.2594
     817      17.0556        31.1095
     818      16.9622        29.2026
     819      17.0513        30.2367
     820      17.1448        30.8616
     821      16.9978        29.6083
     822      17.2512        30.4332
     823      17.0334        28.9872
     824      17.1428        31.0486
     825      16.9662        29.8489
     826      17.0959        30.6525
     827      16.9798        30.0176
     828      17.1729        30.6455
     829      17.0246        29.2894
     830      17.0246        30.1659
     831      17.1142        30.1033
     832      17.2102        29.5746
     833      17.0268        30.3810
     834      16.8994        29.5659
     835      17.0650        31.2199
     836      17.0196        29.9363
     837      16.9499        29.3009
     838      17.1805        30.2160
     839      16.8427        29.3593
     840      16.8752        30.3832
     841      16.9516        29.4197
     842      17.0417        29.7541
     843      17.1424        29.5259
     844      17.0463        29.3632
     845      16.9602        29.8594
     846      16.9443        30.7846
     847      16.9365        30.7839
     848      17.0178        31.2523
     849      16.9472        29.5452
     850      16.9213        30.2359
     851      17.1135        29.0703
     852      17.0164        31.1574
     853      17.0581        29.5388
     854      17.0436        29.5632
     855      17.0009        29.8748
     856      16.8687        29.4675
     857      17.0145        30.2181
     858      16.9786        30.0795
     859      16.8274        29.4547
     860      16.9038        29.6409
     861      16.9487        31.2880
     862      16.7957        29.3650
     863      16.9183        30.5363
     864      17.0267        29.7145
     865      16.7542        29.5044
     866      16.9903        30.3013
     867      16.9678        29.3184
     868      17.2023        29.2071
     869      17.2454        30.5706
     870      16.9964        29.5092
     871      17.0167        30.5988
     872      17.2552        31.3918
     873      16.9397        30.5552
     874      16.9662        30.9298
     875      17.1808        31.3402
     876      17.1022        31.0787
     877      17.1183        31.6696
     878      17.1347        30.7776
     879      16.9519        30.4185
     880      17.0016        30.6510
     881      17.0423        30.7806
     882      16.9833        29.5144
     883      16.9779        30.0210
     884      17.0436        29.6612
     885      16.9428        28.7118
     886      17.1019        29.6400
     887      17.0414        29.4105
     888      17.2713        29.9175
     889      16.9320        29.5165
     890      16.9558        30.3215
     891      17.0862        30.3357
     892      16.9802        29.7958
     893      16.9235        29.8844
     894      17.0093        29.7863
     895      17.2488        30.0143
     896      17.1753        29.6849
     897      17.0761        29.6549
     898      16.8987        29.1503
     899      16.9977        29.3960
     900      17.0077        31.2861
     901      17.1164        31.8392
     902      17.0336        31.2896
     903      16.9485        29.8403
     904      16.9741        30.4372
     905      16.9854        29.7165
     906      17.0000        29.3240
     907      16.9141        30.3976
     908      17.0954        30.5228
     909      17.2016        30.2272
     910      17.1356        31.0457
     911      17.2086        31.3223
     912      17.2428        30.4192
     913      17.0355        29.8225
     914      17.0335        29.3865
     915      17.1415        29.4895
     916      17.0099        31.3095
     917      16.9432        31.0492
     918      16.9495        29.6079
     919      17.0237        30.8624
     920      17.0109        29.3563
     921      17.0223        30.0455
     922      17.0863        31.5072
     923      17.2276        29.5303
     924      17.0190        29.5091
     925      17.0157        29.2978
     926      17.0469        31.3323
     927      17.0329        29.1903
     928      17.0428        29.8814
     929      16.9873        30.4405
     930      16.9255        28.5892
     931      16.9522        29.1276
     932      16.8701        28.8629
     933      17.0110        30.2816
     934      16.9458        28.9196
     935      16.9272        29.5046
     936      16.9143        28.9293
     937      17.0028        30.2998
     938      17.1136        30.2757
     939      16.9475        30.6530
     940      17.0352        29.5011
     941      16.9618        30.1219
     942      16.9290        29.1216
     943      16.9628        29.3477
     944      16.8742        29.3220
     945      17.0165        29.9854
     946      17.1875        31.1876
     947      17.1059        29.7674
     948      17.0311        30.2007
     949      16.9743        29.8508
     950      17.0753        30.8281
     951      17.0851        30.2878
     952      17.0406        29.2838
     953      17.0840        29.3712
     954      17.1540        29.3396
     955      17.0895        29.0649
     956      17.2043        31.1995
     957      17.0281        29.2058
     958      17.0361        28.9304
     959      17.0683        29.9623
     960      16.9977        30.0407
     961      17.0838        29.8371
     962      17.0605        30.0874
     963      16.9070        31.1206
     964      16.8201        31.0428
     965      16.9134        29.4760
     966      16.9945        30.4356
     967      16.9194        29.7888
     968      17.0510        29.8819
     969      17.0506        30.7998
     970      17.2235        30.4310
     971      17.0826        30.8362
     972      16.9828        30.1411
     973      17.0197        29.6784
     974      17.0657        30.1451
     975      17.1093        30.1563
     976      16.9127        29.1605
     977      16.9562        29.7898
     978      17.0402        30.1793
     979      17.0344        29.7130
     980      17.0324        29.5172
     981      17.0537        29.5055
     982      17.0009        30.5078
     983      16.9512        30.0863
     984      17.0937        29.8589
     985      16.9848        30.0660
     986      16.8262        28.4371
     987      17.0942        30.2440
     988      16.9952        30.0498
     989      17.0855        30.7330
     990      17.0920        28.7991
     991      17.1121        29.7896
     992      16.8894        29.6804
     993      16.9864        29.0834
     994      16.9520        29.3775
     995      17.0801        30.7433
     996      16.8353        30.4095
     997      16.9306        31.1824
     998      16.9215        30.2386
     999      16.8529        29.0180
    1000      16.8858        30.5827
