#Frame        phi:121      psi:121
       1    -105.3128     -31.3937
       2    -120.8501       2.1518
       3    -111.3170     -15.7438
       4     -99.2136     -17.8309
       5    -116.5165       7.1729
       6    -133.3326      -9.6006
       7    -103.9482     -13.1417
       8    -110.1715     -16.1090
       9    -112.8977      -0.8385
      10    -106.0568     -10.1396
      11     -93.2818       6.8988
      12     -97.8905     -15.3090
      13     -85.8684       1.3913
      14    -112.3262      -6.6735
      15    -102.0979      -4.9153
      16    -103.6993       2.1918
      17    -102.2295     -14.1640
      18    -124.8193       0.0782
      19    -118.7704     -12.3212
      20    -111.1796       6.7796
      21    -108.4088     -23.6633
      22    -125.9432      -1.4404
      23     -98.2690      -5.8751
      24    -109.9165      -9.2468
      25    -109.3398       4.3147
      26    -103.2686      -9.1208
      27    -123.8439       1.5379
      28    -127.7791      -2.9737
      29    -108.4691     -10.2181
      30    -119.6368      -4.2510
      31    -135.9715       3.0301
      32    -123.7903      -7.9850
      33    -128.4382     -18.2060
      34    -122.5400     -17.3513
      35    -127.0063      -7.6509
      36    -114.4713     -18.2872
      37    -112.1520     -13.1097
      38    -120.8951      -7.5721
      39    -107.3371      -8.0505
      40    -107.6986     -20.5897
      41    -112.9753     -12.8948
      42    -141.7184       3.9115
      43    -111.4233      -9.8291
      44    -119.2590     -12.9381
      45    -143.5294       8.5918
      46    -132.6686      -9.8079
      47    -118.9828     -25.4794
      48    -126.7950     -24.7584
      49    -123.1611     -20.8200
      50    -127.5119     -14.4220
      51    -109.1819     -12.7471
      52    -114.7954     -21.0139
      53    -123.4192      -7.4556
      54    -124.7115      -6.5702
      55    -100.5753     -13.4251
      56    -117.9854     -12.8999
      57    -121.6376       0.8494
      58    -121.6283       0.5333
      59    -139.6503     -13.0330
      60    -115.0841      -9.0945
      61    -117.6419     -16.3209
      62    -114.7493     -15.6583
      63    -120.4105     -24.7235
      64    -108.7198     -12.2312
      65    -137.8177      -6.2546
      66    -110.3444     -16.1399
      67    -118.8650       0.9916
      68    -115.8361      -3.6448
      69    -114.5040      -2.2447
      70    -112.1034     -20.2199
      71    -106.3922     -20.7656
      72    -132.7636     -21.8179
      73    -112.4238     -13.3341
      74    -113.2091     -38.5235
      75    -123.8173      -8.8139
      76     -99.7110     -10.3053
      77    -122.2604      -7.0190
      78    -118.6687     -27.4540
      79     -96.5392     -13.0712
      80     -98.1076     -30.5812
      81    -128.5795     -21.3888
      82    -118.2758     -18.1998
      83    -109.9458     -32.3650
      84    -119.9886     -15.2455
      85    -127.0095     -23.1683
      86    -139.1465     -13.3032
      87    -137.7682      -3.3284
      88    -108.3154     -30.0685
      89    -121.6394      -2.4596
      90    -107.6830     -21.3018
      91    -131.2816     -10.8352
      92    -124.2950      -6.9927
      93    -111.7663      -6.5679
      94    -121.8351     -25.0143
      95    -144.0825     -11.5631
      96    -136.7446     -24.0113
      97    -114.9552     -13.1252
      98    -124.0977     -16.7411
      99    -130.2536      -0.0808
     100    -131.5990     -20.4829
     101    -122.0204      -7.0036
     102    -108.4654     -22.2643
     103    -105.1211     -14.3392
     104     -92.9470     -36.9639
     105    -115.7818      -5.1475
     106    -106.5091     -33.6648
     107    -142.9598       8.8585
     108    -104.2332      -7.2402
     109    -118.6099     -15.9671
     110    -108.3577     -33.6507
     111    -103.1003     -23.6175
     112    -100.4622     -30.9407
     113    -114.0155     -17.3454
     114    -132.3881      -0.1000
     115    -127.8203     -35.5353
     116    -139.8044       1.7432
     117    -127.5161      -2.3238
     118     -88.2770     -21.5618
     119    -136.4885       9.9066
     120    -116.8086      -4.6603
     121    -122.6179     -26.9750
     122    -132.2567       2.6009
     123    -123.9004      -2.5458
     124    -135.9800       3.0918
     125    -120.7629     -10.6368
     126    -114.5000      -5.1613
     127    -125.5559      -1.1371
     128    -123.8548     -16.2500
     129    -139.0724       7.6184
     130    -116.2828     -19.5630
     131    -120.9650       8.4355
     132    -116.3900       7.1295
     133    -111.4263      -5.6303
     134    -133.0296     -20.8423
     135    -123.8370      -6.8170
     136    -123.2147     -19.5380
     137    -108.1010     -11.9781
     138    -113.9278      -1.7911
     139    -116.3600     -12.7782
     140    -107.8899     -18.1931
     141    -120.5394     -25.1105
     142    -106.7274      -7.4905
     143    -111.3942     -12.3578
     144     -98.7000     -18.9892
     145    -110.6524       4.6185
     146    -119.4532     -12.8852
     147    -141.2221       6.1808
     148    -110.9564       4.8268
     149    -115.7367       1.4020
     150    -102.7191     -10.4452
     151    -120.9024     -14.5150
     152    -129.1927     -18.0680
     153    -119.1125     -14.7323
     154    -133.6330       4.1725
     155    -101.3137     -15.6088
     156    -107.9919     -22.2320
     157    -117.2381       3.4052
     158    -125.6689     -23.6171
     159     -99.8654      -6.5200
     160    -130.2367      -2.9979
     161    -123.5869      -5.6379
     162    -111.3118      -4.6282
     163    -128.7726       2.0577
     164    -119.4737     -18.6735
     165    -126.3591     -12.6848
     166    -108.1587     -23.6327
     167    -137.7377      -6.7129
     168    -139.9113      -6.6417
     169    -133.2578     -22.4083
     170    -114.0033     -10.2342
     171    -124.5693     -13.3033
     172    -115.8819     -28.0070
     173    -110.9931     -15.1404
     174    -121.9172      -0.9069
     175    -125.6833      -1.2527
     176    -134.4911     -12.6624
     177    -105.4644      -9.9194
     178    -107.4787      -4.6193
     179    -111.5817     -22.4460
     180    -117.9214      -9.6971
     181    -118.1406      -7.1084
     182    -117.5472      -1.7007
     183    -139.0632      -1.3731
     184    -133.5959     -27.3609
     185    -121.4025     -14.0483
     186    -118.8750     -24.5293
     187    -130.9317       0.1081
     188    -114.5143     -14.5657
     189    -121.6207      18.1141
     190    -112.3102     -27.8723
     191    -124.9264      11.5017
     192    -123.3842     -17.4787
     193    -116.5313     -26.0614
     194    -129.7436       1.9662
     195    -123.8848     -27.9048
     196    -122.6708     -13.0485
     197    -106.7752      -2.3100
     198    -123.7295      -5.8032
     199    -110.2767      -8.2819
     200    -107.5266     -16.3762
     201    -120.8396     -16.1589
     202    -118.1274     -13.3483
     203    -106.9194     -11.5003
     204    -113.7334     -11.9266
     205    -129.8131     -17.3699
     206    -127.1408      -5.9806
     207    -113.8827       0.9517
     208    -105.8860      -8.4683
     209    -109.4337     -12.5563
     210    -107.1293     -26.1190
     211    -119.4779       1.5032
     212    -114.6971     -17.6222
     213    -123.7969     -10.0157
     214    -116.6756     -19.3710
     215    -120.5261     -22.1780
     216    -110.5063      -7.7699
     217    -111.2798     -14.2771
     218    -108.2118     -13.6216
     219    -112.3221      -0.1884
     220    -136.3178     -15.2155
     221    -102.5749      -8.4273
     222     -94.8302     -20.0234
     223    -108.8801     -22.3304
     224    -118.4634       0.1857
     225     -88.8952     -30.5101
     226    -104.0450      -7.5216
     227    -123.5989      -0.7025
     228    -114.8730      -6.6805
     229    -131.1720      -8.2057
     230    -131.7641      -9.7954
     231    -135.5680     -31.0404
     232    -150.9887     -26.6680
     233    -120.5997      -8.6715
     234    -103.9421      -1.3946
     235    -119.8094       7.7711
     236    -122.0979      10.9638
     237    -121.1996       0.5467
     238    -133.3246     -11.5899
     239    -119.6392     -25.2724
     240    -125.3778     -10.1516
     241    -123.9826       9.7154
     242    -133.0296      -5.2971
     243    -104.3740     -19.3105
     244    -130.2981      -7.3612
     245    -127.8428       5.2774
     246    -112.8398      -1.4129
     247    -111.8197     -10.3309
     248    -113.9538     -20.3064
     249    -117.2497      -5.9650
     250    -125.1940      -4.9464
     251    -118.8922     -11.6137
     252    -135.8383       9.3599
     253    -145.0494     -18.3818
     254    -132.0131     -34.0743
     255    -130.9238       5.1981
     256    -120.3381      -8.5669
     257    -127.9012     -12.0409
     258    -125.5872      -6.7727
     259    -123.1003     -15.9339
     260    -129.6564       5.8689
     261    -116.6896      -5.5563
     262    -127.9667      14.6224
     263    -130.4573      -9.2432
     264    -114.1163     -19.4349
     265    -125.2345       3.9655
     266    -130.5077       0.6207
     267    -115.6656     -11.9149
     268    -113.2326     -11.6015
     269    -117.0859     -16.2440
     270    -137.9128     -23.4319
     271    -102.8667      -1.4830
     272    -115.1890     -11.0247
     273    -118.4923      -7.9387
     274    -126.5862       2.2942
     275    -110.2313      -3.0600
     276    -136.9194     -17.0752
     277    -121.5720       4.5433
     278    -124.3698       0.7581
     279    -144.7315       1.5051
     280    -119.3090     -24.2273
     281    -107.5079       1.9018
     282    -148.5808       6.6451
     283    -125.6809      -1.4634
     284    -134.9622       0.4970
     285    -138.5817     -10.3179
     286    -134.5238      -4.4635
     287    -100.6678      -8.6574
     288    -115.9043      12.4115
     289    -135.6461      12.9252
     290    -145.8341      11.4432
     291    -128.8263     -12.5273
     292    -119.7173      -2.3069
     293    -137.9482       4.5626
     294    -125.0905      10.2480
     295    -121.8486       8.5231
     296    -146.1165       5.5071
     297    -133.9869      19.4103
     298    -131.2939     -17.6497
     299    -140.9576      -2.7292
     300    -135.0433      -1.7630
     301    -123.3743      -2.1583
     302    -121.6022       1.4479
     303    -127.3052      13.7244
     304    -145.5940      12.1841
     305    -138.4069      -4.2224
     306    -122.4752      -0.0902
     307    -119.2008       9.1338
     308    -129.7255       2.5164
     309    -121.5728      -5.6002
     310    -113.9887      -3.4066
     311    -111.0859       4.7652
     312    -126.4608       7.3464
     313    -129.6558       8.7000
     314    -129.1484      -8.5996
     315    -117.7528      -1.3885
     316    -118.1891     -13.7611
     317    -129.0858     -12.4168
     318    -145.6106       5.8198
     319    -133.3973       4.8343
     320    -137.3480       3.5849
     321    -111.2109      -1.3602
     322    -139.1896      -1.2574
     323    -138.1293       1.0393
     324    -118.6544      -3.6103
     325    -106.9531       2.4486
     326    -135.6360      -8.1525
     327    -119.4288       7.2016
     328    -121.9034      10.6712
     329    -121.2460      -5.1455
     330    -133.9693      -4.3982
     331    -147.7775      16.4011
     332    -120.9785      -0.6292
     333    -137.7576      -0.3664
     334    -122.9480      -3.3988
     335    -125.7098      -2.6338
     336    -115.9661      -6.8074
     337    -124.0194      -5.9776
     338    -124.3528      12.5973
     339    -115.3755       4.5458
     340    -119.5969       2.9939
     341    -133.6848       6.9610
     342    -138.4133      10.4622
     343    -132.9401      -3.9496
     344    -134.8388      13.5894
     345    -126.0937      -9.6855
     346    -135.3169      -6.5557
     347    -126.0765      -6.2903
     348    -139.7634       3.6720
     349    -129.3824      -3.3051
     350    -129.4997     -10.3660
     351    -124.7062      -5.7471
     352    -146.7014      -3.1586
     353    -123.0326      -4.8359
     354    -114.5836       0.9032
     355    -116.5073     -24.2774
     356    -131.5572       6.6808
     357    -128.5406       4.8896
     358    -124.4145      -0.1877
     359    -121.0388      -7.2766
     360    -127.7395      -6.5407
     361    -117.0125      -7.5123
     362    -135.3875      12.8249
     363    -118.6109      -2.5230
     364    -122.6643      -1.1223
     365    -127.8646      -2.2827
     366    -116.5250      -7.0502
     367    -148.8106     -12.2875
     368    -118.0070      -4.2716
     369    -133.3282      -0.4422
     370    -123.0260       6.8314
     371    -117.3313      -1.9418
     372    -137.8521       2.4669
     373    -122.0083      -0.7095
     374    -119.4878      -2.2557
     375    -121.3896       6.5315
     376    -121.4991       0.2224
     377    -122.9346       5.5144
     378    -141.8442       0.8203
     379    -107.7144      -6.4349
     380    -133.9216      10.6861
     381    -136.2343       6.4494
     382    -106.1197     -16.1802
     383    -125.0312     -14.5855
     384    -103.7782      -7.0118
     385    -127.7690      -5.0221
     386    -138.6394      11.8440
     387    -121.1959     -10.1442
     388    -117.3920      -5.9700
     389    -132.3977       8.5250
     390     -96.3922     -14.7976
     391    -129.6912      13.1806
     392    -122.6063       2.2362
     393    -114.8894      -7.9974
     394    -125.1013      -7.9780
     395    -123.8657     -14.1158
     396    -126.5449      -8.4936
     397    -134.2356       7.6543
     398    -142.4147      -3.4395
     399    -135.6942      16.3248
     400    -107.6194     -23.6649
     401    -125.7174       8.3081
     402    -131.8029      -9.0486
     403    -129.5843       0.4813
     404    -124.8227      -4.8332
     405    -115.0202     -20.4504
     406    -122.0226       5.0150
     407    -100.6725      -7.4122
     408    -116.9241      -6.2650
     409    -130.0836      -5.9206
     410    -110.2547      -4.1999
     411    -104.8805     -18.5691
     412    -122.9103     -19.7139
     413    -125.5373      -6.9815
     414    -138.8274     -13.0847
     415    -142.8447       2.6256
     416    -124.6338     -14.0070
     417    -124.4845      -6.6259
     418    -111.0975     -12.7780
     419    -119.8777     -17.0020
     420    -132.7264      -2.9795
     421    -132.1548       8.6740
     422    -137.0263       8.2699
     423    -122.1798      -5.1527
     424    -109.2066       5.4629
     425    -129.2763      13.9125
     426    -128.7681       2.5992
     427    -111.4948      -8.4957
     428    -147.0818      -0.3489
     429    -115.0138       5.2221
     430    -141.2478      -1.7177
     431    -114.6844       6.2743
     432    -133.1106      -5.9501
     433    -118.4583     -14.7523
     434    -131.6445     -21.3009
     435    -126.0160      -6.2864
     436    -112.7229     -16.2694
     437    -127.3480       0.9215
     438    -147.2892       6.1828
     439    -124.2975      -8.8035
     440    -139.3762      -1.3015
     441    -133.1495      -4.5655
     442    -135.1530      -4.5791
     443    -114.8545      -3.1500
     444    -106.2359      -1.6415
     445    -116.5402     -14.9283
     446    -132.8016       4.5066
     447    -125.2543       9.1270
     448    -127.1232       6.0497
     449    -140.4809       1.6677
     450    -130.2950      19.2738
     451    -144.2998      -0.8104
     452    -117.2345      -7.6845
     453    -143.7574       3.2216
     454    -128.3421      11.2860
     455    -124.2634      -6.6424
     456    -116.6065      -2.9909
     457    -135.2256       0.1998
     458    -131.8151      -3.4561
     459    -126.8841     -18.2093
     460    -132.9456       2.1518
     461    -122.2906      11.9643
     462    -124.7441      -9.4540
     463    -133.7861      -4.6179
     464    -126.9205       6.9769
     465    -114.0795      -3.3906
     466    -116.0956      -0.2568
     467    -125.7672     -12.8127
     468    -126.4919      -3.9872
     469    -125.2591      -8.5247
     470    -123.9562      -6.9583
     471    -113.8324     -13.5559
     472    -136.4227      -0.7965
     473    -134.0490       1.4876
     474    -122.6435       2.0760
     475    -134.6386      -4.6648
     476    -131.3370     -12.9174
     477    -115.4377     -12.0832
     478    -111.3750      -6.1051
     479    -133.0892       6.9382
     480    -134.5682      22.1770
     481    -136.3296      -5.9094
     482    -114.4800     -12.4872
     483    -124.8090      -7.5357
     484    -139.1945      -0.3266
     485    -119.0150      -4.0900
     486    -119.2848       3.4576
     487    -131.1996       1.1648
     488    -124.1825       0.4085
     489    -112.2200       1.4660
     490    -135.6697      -2.0919
     491    -114.9357      -3.2406
     492    -123.5312       4.2560
     493    -116.4061     -11.4745
     494    -121.1245       2.0838
     495    -128.2624     -14.3011
     496    -114.5357      -0.3996
     497    -121.1789     -17.6815
     498    -122.9915      -5.4705
     499    -134.6802      -4.8765
     500    -130.1755     -14.8813
     501    -112.7385       4.7564
     502    -131.8183      -2.0599
     503    -136.8996     -10.8398
     504    -127.5609     -20.3664
     505    -140.1718     -11.9049
     506    -133.2966       2.4953
     507    -112.2145       6.5450
     508    -111.9452      -6.0710
     509    -143.9877      -4.8884
     510    -120.9704     -20.5593
     511    -132.7663     -11.0226
     512    -134.7047     -10.2509
     513    -136.2891      -2.5539
     514    -124.3090      -9.2523
     515    -126.6114     -16.2575
     516    -116.4365     -11.9651
     517    -119.9933       4.5127
     518    -142.0871      -7.4868
     519    -136.5834       4.1923
     520    -108.9524       5.3655
     521    -125.7985       5.8696
     522    -121.6272     -19.8155
     523    -124.8136       1.7820
     524     -98.5223      -1.6573
     525    -122.8334      -0.1875
     526    -120.8227       7.7127
     527    -143.9127       3.3663
     528    -131.4938      -7.2854
     529    -109.6115      -1.8788
     530    -121.2698      -8.0049
     531    -113.7412      -9.2939
     532    -131.3969      -6.8745
     533    -134.3014      -0.0124
     534    -134.5914      -0.1758
     535    -113.4922      -9.1552
     536    -140.3094     -20.4739
     537    -136.1050       7.7505
     538    -112.1263      -0.0487
     539    -128.4272       7.3743
     540    -133.0425      -3.1359
     541    -113.3749     -15.1004
     542    -126.3892      -8.0683
     543    -119.0707     -15.3330
     544    -125.5237     -13.7586
     545    -126.6558      -5.5309
     546    -100.4774       0.8147
     547    -102.5289     -31.5305
     548    -129.9257       0.6146
     549    -127.3661      -0.3700
     550    -123.0711       6.9224
     551    -134.1944       5.5692
     552    -133.2793      18.9808
     553    -119.3656     -15.2292
     554    -130.4308     -10.7708
     555    -123.5201       7.5667
     556     -97.9840     -13.5664
     557    -120.7912      -9.7257
     558    -115.6617      11.4773
     559    -108.6312     -29.1313
     560    -140.4676      -8.7477
     561    -108.9532     -33.5648
     562    -117.9498     -15.8802
     563    -146.3063     -16.2311
     564    -116.0103      -9.4005
     565    -135.6943     -18.1184
     566    -112.3906      -3.2206
     567    -128.4882      -2.3391
     568    -138.9833     -16.0447
     569    -106.2381     -20.1038
     570    -127.9848      13.7346
     571    -141.0505       6.1154
     572    -121.0109     -16.0268
     573    -119.3806      -3.9889
     574    -106.4013      -9.0761
     575    -136.1578      -6.8597
     576    -125.9864      -6.2722
     577    -117.7707       3.2302
     578    -129.1737      -4.8105
     579    -134.5274       0.2823
     580    -121.3072     -15.1133
     581    -137.6571       4.3313
     582    -131.8292     -20.2737
     583    -114.7183      -8.9869
     584    -128.1159       8.6610
     585    -128.5648       3.6699
     586    -134.1649      -0.1183
     587    -118.8354     -20.6409
     588    -130.0939      -7.5761
     589    -127.3237      -3.1954
     590    -128.8140      -8.4610
     591    -122.5932     -10.1965
     592    -151.8800      -2.9309
     593    -130.0340       2.6971
     594    -139.4370      -9.2863
     595    -129.6591       5.5442
     596    -140.3541       6.4245
     597    -130.3440      -9.2203
     598    -114.4665      -6.0125
     599    -141.4768      -6.7849
     600    -132.3200      11.2783
     601    -141.6744       8.0172
     602    -115.4212     -15.9366
     603    -153.1640      17.7804
     604    -126.0291     -13.5588
     605    -138.6088      -2.9460
     606    -135.6314       7.7327
     607    -132.8497      -5.7375
     608     -91.7210     -15.7191
     609    -121.9526      -1.4822
     610    -127.7813      -6.4924
     611    -153.0068     -17.8111
     612    -136.0280       4.3571
     613    -136.2214       8.8191
     614    -145.2787       4.2458
     615    -148.3864      -8.2998
     616    -131.7551       1.9726
     617    -143.1502      -0.7404
     618    -139.0385      13.3860
     619    -135.3664      -3.6120
     620    -134.2411      -3.4803
     621    -127.0275      -6.5389
     622    -129.0516      -6.7232
     623    -128.5354       3.5102
     624    -124.2067     -10.6836
     625    -124.7547      -5.4043
     626    -139.2105      -3.6698
     627    -132.6343       0.2549
     628    -117.8633       6.8248
     629    -135.4955      -4.5341
     630    -124.2160     -15.6484
     631    -129.6441       7.7881
     632    -125.4111      -0.9597
     633    -121.3811       6.6034
     634    -130.9969      -0.2358
     635    -146.4084       1.9466
     636    -122.9340       1.7989
     637    -132.5550     -15.9817
     638    -133.5602      -0.0722
     639    -147.2364       9.3142
     640    -119.3560      -7.1755
     641    -136.7497      -5.9202
     642    -141.9123      -8.3109
     643    -122.5622       1.7243
     644    -130.7175       4.3686
     645    -125.9665     -19.6421
     646    -121.7931     -19.7413
     647    -122.6315     -20.3874
     648    -131.8029       4.0330
     649    -117.3791     -21.2948
     650    -125.8800      12.1112
     651    -113.2155       1.4583
     652    -122.2826     -12.2814
     653    -120.7710       7.3380
     654    -136.3281      -2.1214
     655    -122.3650      -5.3743
     656    -143.8587     -11.3952
     657    -123.6024       2.2754
     658    -146.6506      10.0829
     659    -118.9945     -15.3965
     660    -124.0494       1.8305
     661    -121.0976      11.5036
     662    -115.2530     -15.5911
     663    -135.4228      -2.7679
     664    -127.8366       0.1817
     665    -148.5914     -13.2072
     666    -135.9061      -8.7228
     667    -129.7648      -4.2040
     668    -136.1652     -15.0217
     669    -118.2944       8.4141
     670    -125.8873       2.0534
     671    -129.5855      -8.5392
     672    -128.6905       7.5836
     673    -112.6957       4.5480
     674    -121.9499       1.9688
     675    -127.2502      -6.1612
     676    -130.3926     -11.8475
     677    -121.5420     -10.8762
     678    -121.7143      -7.2152
     679    -111.4224     -17.5640
     680    -116.6392      -6.4760
     681    -133.0525       1.7605
     682    -130.9463      -0.2509
     683    -130.3985       4.7128
     684    -144.7438      11.5571
     685    -143.2672      12.5137
     686    -129.9718      -5.5866
     687    -131.6120     -19.6717
     688    -119.2449      -4.3103
     689    -138.3077      -0.0834
     690    -132.0662      -0.4192
     691    -131.6509     -19.7363
     692    -130.5313      11.6550
     693    -107.8534       2.2595
     694    -126.4093       9.9413
     695    -126.4897     -18.0839
     696    -132.7396       8.3852
     697    -141.6679       1.7075
     698    -130.1439      -9.4254
     699    -121.6937      -5.4896
     700    -124.5434       0.8842
     701    -146.4135       3.8055
     702    -128.0028      -6.5630
     703    -106.5513     -19.7213
     704    -145.3114     -13.8456
     705    -112.8079      -3.1917
     706    -132.0970      -5.5635
     707    -141.7759       2.4606
     708    -115.5348     -21.7563
     709    -124.8046      -5.8335
     710    -113.1483     -27.8029
     711    -115.1120      -7.8669
     712    -133.8297      -5.9298
     713    -103.0421     -19.0968
     714    -146.2468      -4.4925
     715    -133.8320      14.8205
     716    -129.2303      -8.7574
     717    -134.2671       0.9766
     718    -117.5275     -18.4684
     719    -133.5722      -7.2261
     720    -142.5025      -4.4430
     721    -120.9603       4.3968
     722    -122.9086      -8.9017
     723    -132.1647     -15.8731
     724    -113.6520     -20.0621
     725    -111.3476     -13.5285
     726    -127.4827     -23.0486
     727    -151.7925     -16.6017
     728    -128.1282      -7.1687
     729    -145.6042     -10.5861
     730    -111.5685      -9.1781
     731    -132.1678       3.9118
     732    -141.2221       7.1517
     733    -122.2772      -3.2655
     734    -133.1735      13.2439
     735    -120.9432       4.5058
     736    -144.5877       5.0561
     737    -127.5302       3.3485
     738    -119.2262       5.0567
     739    -132.5230      -0.8041
     740    -119.4375     -14.5563
     741    -143.8359      22.8097
     742    -137.0849      16.3417
     743    -138.4440      -8.3184
     744    -119.4908     -21.7322
     745    -137.5221     -13.3747
     746    -122.8961     -18.5049
     747    -126.5988      -6.4434
     748    -131.7017      -2.6038
     749    -141.1312       8.8390
     750    -105.5603     -22.2086
     751    -131.2093       0.6670
     752    -123.2383     -21.6000
     753    -130.9485     -10.8526
     754    -114.3186     -16.6199
     755    -121.5270     -11.4043
     756    -111.9096     -31.5108
     757    -136.2392       1.9383
     758    -135.4335     -10.8824
     759    -118.7827     -13.6517
     760    -113.7880     -20.5835
     761    -105.6521      -5.8472
     762     -91.3652     -23.5989
     763    -108.3921     -23.4767
     764    -111.1014     -13.2672
     765    -139.8577      -2.3032
     766    -105.8465      -9.6755
     767    -144.7327     -19.2544
     768    -114.3863      -5.0355
     769    -125.0903       1.4250
     770    -122.3516      -6.5273
     771    -123.7037       5.9324
     772    -116.0340     -18.1430
     773    -125.6830     -10.2912
     774    -120.4619       1.0945
     775    -136.5046     -22.2108
     776    -142.4919      -1.4126
     777    -120.7201     -16.9275
     778    -128.0175      -2.9563
     779    -130.7684       3.6383
     780    -126.2683     -16.7852
     781    -119.8980      14.5121
     782    -124.0878      -9.8389
     783    -131.8336      16.4594
     784    -143.3995     -13.9237
     785    -135.6044     -11.5789
     786    -134.2829       0.6128
     787    -129.0865     -13.9109
     788    -129.0304     -16.4972
     789    -131.7379     -15.2756
     790    -121.4703     -14.3453
     791    -141.5425     -28.9861
     792    -124.7611      -1.7779
     793    -119.3518     -12.2080
     794    -127.3205       1.0230
     795    -113.4133      -3.1153
     796    -108.0444     -13.2884
     797    -116.6361      -3.0127
     798    -134.4802       6.7997
     799    -104.8359     -28.2350
     800    -122.9357     -21.3423
     801    -107.0410      -1.5000
     802    -124.8940     -18.0842
     803    -127.3798     -21.2876
     804    -139.8978     -13.0142
     805    -109.1708     -29.3712
     806    -118.7343      -9.2032
     807    -126.8838     -16.7699
     808    -123.5115     -23.9455
     809    -111.7895     -11.0099
     810    -124.6582      -6.4660
     811    -132.6224       0.2506
     812    -123.0790     -13.0832
     813    -134.4670      -7.5380
     814     -93.8409     -26.0358
     815    -121.7236      -8.1783
     816    -108.2611      -3.6584
     817    -150.4897     -30.6483
     818    -137.8519       3.9214
     819    -123.5090     -11.9821
     820    -102.1869     -11.3995
     821    -122.5701     -26.2248
     822    -114.1216     -15.0441
     823    -111.6840       2.6581
     824    -116.2908      -4.1885
     825    -133.5128       1.1912
     826    -113.4491     -28.9765
     827    -128.8625      -8.6274
     828    -135.8119       0.6779
     829    -137.9244      -4.9649
     830    -132.4847     -20.7389
     831    -124.2162      -0.8039
     832    -144.9482      -2.0755
     833    -131.7560     -29.8542
     834    -132.9158       6.0355
     835    -129.1223       8.8874
     836    -132.6174      -5.3865
     837    -116.5747     -17.1334
     838    -135.4066      -0.8614
     839    -121.2062     -15.1811
     840    -121.8508      -1.7303
     841    -127.3284     -15.0123
     842    -128.8954      -9.0037
     843    -122.7360     -26.3872
     844    -132.5208       3.0300
     845    -133.4670      10.4268
     846    -137.0908       1.8479
     847    -106.2180      -8.8125
     848    -130.7360       9.9688
     849    -110.3409      -8.8385
     850    -113.2184     -18.9949
     851    -129.1408     -16.8473
     852    -120.4073       8.6036
     853    -132.5586     -15.2912
     854    -134.7931       0.7033
     855    -133.4939      -8.5889
     856    -129.5313     -17.5593
     857    -118.6626     -12.6374
     858    -109.9086     -20.0412
     859    -102.7268     -10.7651
     860    -113.3411     -18.7591
     861    -106.4566      -9.6880
     862    -146.2024       7.2297
     863    -113.2482      -3.0512
     864    -105.8139     -10.8162
     865    -135.9703      -1.4795
     866    -112.6477      -0.6406
     867    -127.4520      -5.8018
     868    -106.5757     -13.0878
     869    -133.2211     -20.9620
     870    -123.5041     -26.4500
     871    -101.2242     -40.5993
     872    -129.9556      -1.7922
     873    -144.6897       0.2873
     874    -131.0132     -12.3755
     875     -98.9471     -18.4958
     876    -115.4763     -16.3289
     877    -110.5010     -14.4824
     878     -96.6403     -19.7636
     879    -120.6397      -5.0879
     880    -112.2762       2.0581
     881    -118.5790      -2.2211
     882    -124.8917      -9.2821
     883    -111.0881       4.8520
     884    -103.0665     -19.2176
     885    -125.4349     -21.8534
     886    -111.4518     -22.7446
     887    -116.9113      -3.6614
     888    -115.8607     -10.7515
     889     -86.7694     -29.6178
     890    -120.6654     -15.4607
     891    -130.4665     -11.9163
     892    -106.3423       2.8802
     893    -114.2030     -26.3460
     894    -113.0884     -11.4050
     895    -105.2054      -4.0113
     896     -93.1757      -2.4556
     897    -133.3075      -6.1289
     898     -97.9683      -2.2199
     899     -96.3646     -30.8117
     900     -92.5971     -18.4392
     901    -121.0300     -10.4191
     902    -104.5995     -22.1219
     903    -119.8677     -31.3383
     904    -111.2174      -9.5358
     905    -122.4817      -4.5586
     906     -88.0408     -10.7390
     907    -115.0745     -25.9863
     908    -129.1839     -12.9549
     909    -112.4587     -17.2591
     910    -132.3829     -15.8284
     911    -103.0544     -12.1278
     912    -114.1759      -9.1470
     913     -96.5606     -11.3124
     914    -116.6020     -31.7984
     915    -115.2402     -16.0497
     916    -130.9427     -22.5674
     917    -113.0798      -0.2869
     918    -122.6437      -3.0654
     919     -99.2624     -14.5902
     920    -108.7935      -8.7065
     921    -124.9509      -8.6881
     922    -146.3829       5.7729
     923    -140.7284       7.2141
     924    -131.7345      -1.2319
     925    -124.2138      -5.1295
     926    -132.5557     -11.8610
     927    -133.2296       8.7583
     928    -117.1565      -0.7850
     929    -138.0814      -6.0101
     930    -114.0879      -7.0023
     931    -122.6033       1.6293
     932    -142.1099      -0.6910
     933    -112.3949     -21.8162
     934    -113.4214      -1.5058
     935    -102.9809      -5.1347
     936    -139.3354       5.8238
     937    -117.9319      -9.7424
     938     -96.9259     -20.0925
     939    -103.0777      -6.6463
     940    -115.6057     -13.7892
     941    -121.1272       0.6469
     942    -105.7595      -9.1909
     943    -113.6988      -0.6913
     944    -121.0121      -6.0761
     945    -138.0404       0.7985
     946    -123.6891     -12.2904
     947    -111.5317     -18.2940
     948    -109.6923     -21.5733
     949    -123.1823      -7.6843
     950    -107.7297     -22.9536
     951     -94.0909     -34.2358
     952    -119.0868      -3.3814
     953     -93.7929     -13.3655
     954    -126.1259     -17.0042
     955    -123.3216      -4.8871
     956    -123.3262      -5.8358
     957    -131.6500     -12.8411
     958    -109.0091     -10.9997
     959    -117.7257      -8.9667
     960     -99.2636     -24.4106
     961    -104.5380     -14.5947
     962    -125.9986      -6.9876
     963    -114.6966     -31.9225
     964     -97.5638     -19.6771
     965    -108.6018     -14.0410
     966    -120.3879       1.5269
     967    -127.1399       0.6186
     968    -115.3881     -33.3248
     969    -109.3016      -6.3187
     970    -130.9397       5.3674
     971    -119.2488     -11.7272
     972    -136.7378      16.3075
     973    -118.9371     -14.0247
     974    -125.4942       9.3179
     975    -127.3519     -17.0724
     976    -109.4700     -25.1984
     977    -108.6360     -17.1213
     978    -115.9841     -29.0689
     979    -114.1972     -13.1821
     980    -132.8638     -25.1667
     981    -114.4811     -17.0349
     982    -102.7997     -16.1610
     983    -116.0969     -16.4023
     984    -102.2168     -13.2170
     985     -96.3960      -8.5108
     986     -81.2919      -1.9328
     987    -121.9065      -7.0777
     988    -126.7305      -1.5486
     989    -135.5939      -3.7623
     990    -108.0385     -24.5171
     991    -115.0045      -3.0826
     992    -121.7677       0.0883
     993    -135.9429     -16.2596
     994    -105.8726       1.0063
     995    -120.6420     -16.2168
     996    -118.7159      -8.8185
     997    -120.8504     -10.1420
     998     -98.5127     -17.6676
     999    -130.6570     -14.1543
    1000    -135.0120      16.2799
