#Frame        phi:121      psi:121
       1    -106.5040      -0.9585
       2     -94.4292     -22.5811
       3    -122.3806       3.1421
       4     -92.3957     -12.5513
       5     -92.7017     -23.9347
       6    -103.2814     -32.0990
       7    -108.2972     -20.9604
       8    -131.7417      -9.3152
       9    -138.2799     -14.2760
      10    -118.6139     -12.6012
      11    -111.1902     -15.2029
      12    -136.5435      -4.4194
      13     -98.7825     -17.3635
      14    -108.9128     -20.4605
      15    -110.2892      -5.8679
      16    -110.0333      -3.5653
      17    -106.5213     -24.1257
      18    -101.4894      -4.2927
      19    -100.6986     -21.7968
      20     -94.3645     -10.4721
      21    -121.1436     -18.2614
      22     -87.6935     -11.1432
      23    -114.5286       3.8182
      24    -122.5706     -17.1434
      25    -104.7352     -14.8183
      26    -112.9450      -9.9505
      27    -101.6661     -13.5735
      28    -111.5039     -13.4736
      29    -106.5043     -30.5861
      30    -101.7849       1.8105
      31     -85.7244     -25.2715
      32     -92.5401     -21.2397
      33     -96.7968     -16.2465
      34    -115.4310      -0.1283
      35     -98.8254      -1.2978
      36    -118.8305     -12.7004
      37     -95.6280      -5.5052
      38    -105.6489       2.9519
      39    -106.7636     -13.1256
      40    -107.2737     -16.8234
      41    -103.1199     -14.9620
      42    -105.7470      -7.2566
      43    -114.4773     -33.1210
      44     -95.5244     -22.3164
      45    -112.2955     -18.7290
      46    -110.7631       2.1113
      47    -111.3515      -6.7975
      48     -85.9798     -26.7027
      49    -110.1662      -7.5340
      50    -121.9866      -6.3790
      51     -98.1763      -7.6475
      52     -89.3171     -22.2986
      53     -95.5652      -8.5832
      54    -116.3284      -3.6822
      55    -116.0505     -21.5178
      56    -113.7032      -6.9511
      57    -109.2072     -15.2893
      58    -116.2040      -5.1764
      59    -113.4286     -14.2941
      60    -105.4842     -17.9835
      61    -117.1287      -9.2706
      62    -113.1791     -19.6097
      63    -109.9442      -9.2660
      64    -100.4021     -12.4028
      65    -103.1800     -11.9171
      66    -111.9442      -9.9963
      67    -103.8788       4.0985
      68    -125.2111      -1.0734
      69    -114.6467     -20.6134
      70    -108.5756      -5.9741
      71     -97.0122      -5.1182
      72    -121.9459      -7.9730
      73    -124.4631      -8.0520
      74    -140.6429      -5.1822
      75    -121.0525      -0.1222
      76    -109.6293       7.0950
      77    -106.2100       2.9086
      78    -113.2503     -10.1745
      79    -106.9141      -1.8194
      80    -136.3200     -10.9603
      81     -75.8639     -12.5836
      82    -104.1632     -10.6388
      83    -101.7428       1.1186
      84     -97.1311      -0.3718
      85    -104.3677      -4.7340
      86    -115.7570      10.0435
      87    -124.5570      -5.3302
      88    -106.3321      -0.2676
      89    -101.7790      -8.5793
      90    -126.0885      -5.6746
      91    -122.1370     -12.1836
      92     -98.0730      -3.0924
      93     -89.3997     -16.6093
      94    -120.7237     -10.7821
      95    -114.9310       0.1380
      96    -125.3472      -3.6701
      97     -90.3300     -12.6261
      98    -122.1479       6.0851
      99     -99.0806     -15.2927
     100    -106.2397       0.5839
     101    -122.1026       2.7245
     102    -107.5730     -14.7374
     103    -112.1259     -14.4307
     104    -120.3965      -9.8326
     105    -105.4909       0.1241
     106    -114.0130      -9.9901
     107     -99.6485      -1.2617
     108    -116.8030       6.2362
     109    -107.2233       3.1509
     110    -100.2140      -3.6081
     111    -107.4207      -9.9644
     112    -106.7155       9.9204
     113    -120.5521      -6.9603
     114     -99.5037      -3.9976
     115    -115.0057      -5.6635
     116     -95.3628     -12.7577
     117    -109.8578       0.5668
     118     -94.8407      -8.6080
     119     -91.1025     -13.0640
     120    -105.6099       0.8564
     121    -106.7848      -7.7762
     122    -109.0778       0.6228
     123     -98.2463      -5.9465
     124    -118.7024      -7.9947
     125    -122.9783       5.0315
     126     -96.2551      -6.9894
     127     -94.9442     -33.9788
     128    -112.5395      -8.5857
     129    -118.4964     -12.0527
     130    -109.3302       2.0182
     131    -115.1512      -0.7874
     132     -93.9531       0.3284
     133    -116.8469      11.2076
     134    -110.6771      -5.9914
     135    -117.6605      -6.6815
     136    -104.2279     -10.7320
     137    -100.4333     -15.9397
     138    -119.2348      -9.5689
     139    -108.7756       6.0507
     140    -116.2970     -11.3024
     141    -101.3881       3.9679
     142    -111.1365     -17.8261
     143    -115.6085      -4.4629
     144    -106.3683     -19.1345
     145    -124.8579      -4.3422
     146    -107.6812      -5.4060
     147    -109.7914     -10.1842
     148    -103.8801      -7.3434
     149    -113.7497      -9.1091
     150    -111.9447      -9.5574
     151    -123.8314      -4.6892
     152    -105.8436      -4.2818
     153    -105.4238      -9.5319
     154    -122.2047     -12.0058
     155    -103.5527      -1.7437
     156    -123.1797      -4.5313
     157    -106.6198     -12.6148
     158    -120.0726      -0.5307
     159    -109.3275      -5.8060
     160    -109.4857      -6.7838
     161    -117.6946      -5.3067
     162    -110.9880      -3.7856
     163    -117.2425       5.5974
     164    -130.0745      -7.3603
     165     -96.3304     -14.4879
     166    -116.6815      -9.8448
     167    -119.8774      -7.7825
     168    -112.9121     -23.7998
     169    -109.5247      -8.7580
     170     -79.8962     -10.2360
     171     -99.8634      -6.9408
     172     -96.4088      -3.1629
     173     -95.7721      -4.6241
     174     -95.1484     -10.7439
     175    -113.1004      -8.5727
     176     -97.6046      -6.1500
     177    -110.9635     -16.3408
     178    -112.7590       2.5801
     179    -112.1308       0.0525
     180    -114.3173     -12.7914
     181     -96.7588       1.4087
     182    -113.5729      -8.2564
     183    -102.6876     -10.8825
     184    -119.6378      -4.9575
     185     -97.6596      -8.6793
     186     -89.4364     -14.9759
     187     -91.2228     -10.0618
     188    -134.0914      -5.6017
     189    -102.8497       2.2069
     190    -120.1377      -7.6255
     191     -94.5012      -6.9965
     192    -109.5883       0.2036
     193    -118.4765      -9.6628
     194    -114.4450      -0.8642
     195     -97.8533      -0.6479
     196     -94.0197      -6.3754
     197     -90.6071     -16.2967
     198     -93.5548     -24.6044
     199     -94.2630     -31.3799
     200     -99.7359     -13.2676
     201    -123.7336       3.9470
     202    -125.7053      16.5954
     203    -115.7901      -1.0411
     204    -137.9615       2.3124
     205    -131.4290      -2.4507
     206    -100.3578     -24.3691
     207     -89.4852       2.8632
     208    -112.4059     -23.0326
     209    -105.3786       1.6210
     210    -100.9672     -20.7503
     211     -90.9757       0.7425
     212    -130.2683      -4.0042
     213     -94.9925       0.5945
     214     -94.5685       1.9797
     215    -112.5131       9.0913
     216     -94.0861     -16.8731
     217    -122.1408     -15.9965
     218    -111.9155      -0.4365
     219    -116.4709     -15.1823
     220     -95.6486     -18.9756
     221    -104.0674     -12.5717
     222    -109.5040      -3.9512
     223    -110.0962      -0.1741
     224    -128.3007       0.8133
     225    -120.9442     -16.0589
     226    -113.5351     -13.4406
     227     -95.4962       0.4342
     228     -97.8577     -19.8006
     229    -110.6534     -14.9975
     230    -119.4192     -14.7358
     231    -103.9311      -1.2766
     232    -103.0382      -1.4343
     233    -115.2539      -8.3282
     234    -125.0319      -4.1010
     235    -106.3533     -25.5681
     236    -136.5359      -2.9488
     237    -103.2241     -35.0406
     238     -92.3411     -10.0871
     239    -109.3379      -6.5924
     240    -108.2284     -16.4928
     241    -115.3284      -3.4238
     242    -129.7428      -6.1143
     243     -99.0158     -33.8302
     244    -103.0986      -9.3718
     245    -127.3948       3.1756
     246    -113.1189     -15.8170
     247    -110.0566     -17.1170
     248     -99.2026       9.7654
     249    -126.6738     -23.6333
     250     -98.8168     -15.9237
     251    -110.9655      -2.5152
     252    -104.9913     -17.8573
     253    -105.3879     -24.6074
     254    -107.1792      -6.6714
     255    -115.5010     -26.5019
     256    -101.0553      -7.4961
     257     -99.9875     -10.8978
     258    -113.4186     -29.1015
     259     -99.8915      -4.9720
     260    -107.5621     -25.2213
     261    -115.0862     -16.2159
     262     -93.2232     -26.3792
     263    -110.9535     -12.8763
     264    -109.5589     -24.3483
     265    -100.0812     -28.8754
     266    -114.1937     -13.7867
     267    -103.2292     -10.2817
     268     -86.7022     -14.4440
     269    -120.5068      -3.2635
     270    -105.3072     -21.1668
     271    -100.9975     -28.7914
     272     -78.9201     -36.8746
     273    -105.8833       8.8496
     274     -98.5338      -6.6806
     275    -102.7141     -15.9308
     276    -115.7394      -7.8428
     277     -90.7103     -14.0229
     278    -115.2221      -3.4046
     279    -112.0777      -3.2557
     280    -105.0190     -13.2004
     281    -102.4400     -17.0452
     282    -124.7556      -6.9235
     283    -116.1330     -11.1356
     284     -98.9154       4.5995
     285     -99.2115      -9.9901
     286    -106.1663     -15.3155
     287    -106.6166     -10.6917
     288     -95.2365     -13.6034
     289     -97.4479     -14.3274
     290     -93.5900     -14.3394
     291    -106.5301      -4.2303
     292    -113.9608      -9.2491
     293    -103.3691      -7.3449
     294    -109.4722      -9.6540
     295    -100.1755     -13.8613
     296    -103.9604     -26.5661
     297    -119.3211     -10.7142
     298    -100.5397     -29.1873
     299    -104.6275      -9.1870
     300    -116.7063     -18.3433
     301    -118.6724      -8.9261
     302     -94.3357     -22.7523
     303    -104.9537     -11.2817
     304    -103.4610     -33.4085
     305    -121.6926     -16.8390
     306    -108.8490     -12.4058
     307     -96.8414      -5.0711
     308     -97.3476      -9.9128
     309    -120.2655      -8.4053
     310    -132.3788      -7.3172
     311    -115.6171       0.9219
     312    -124.4354     -18.2565
     313    -112.4736     -22.9552
     314    -100.3700     -17.9636
     315    -112.4491      -3.5627
     316    -110.2539     -27.9454
     317    -108.3998      -9.5598
     318    -113.0219      -6.8867
     319    -107.3398      -7.2629
     320    -114.5368     -18.6948
     321    -117.8367       2.6469
     322     -94.0060       8.4808
     323    -104.6261      -5.5097
     324     -96.1442     -15.6832
     325    -112.6167       4.8256
     326     -96.2501      -7.9078
     327    -114.8522     -28.8917
     328    -114.6478     -15.7298
     329    -111.8273     -11.6449
     330    -109.0062      -7.0088
     331    -124.3477     -10.3479
     332    -126.9334     -12.9804
     333    -100.4852      -6.0251
     334    -129.4619     -20.9624
     335     -97.8790     -11.7644
     336     -92.9624      -5.3092
     337    -140.5468     -16.5173
     338     -99.1220     -10.9390
     339    -118.0848     -18.0963
     340    -125.4847      17.7417
     341    -110.5471      -6.5424
     342    -109.4337     -27.8619
     343    -110.0770     -40.8205
     344     -94.9009      -3.2410
     345     -94.3858       2.6687
     346     -94.7899      -7.4560
     347     -98.0119      -2.5790
     348     -88.8870      -8.7046
     349     -97.6790     -34.4492
     350    -110.0229     -22.1305
     351     -96.7430     -12.5332
     352    -106.0447     -25.2898
     353    -106.9922     -17.2539
     354    -106.8564     -19.9427
     355    -113.3391     -18.1081
     356     -97.6285     -17.9312
     357    -103.1356     -23.6616
     358     -97.8059     -12.7876
     359     -85.1646     -21.6068
     360    -115.5145     -18.3959
     361     -98.3202     -16.8114
     362    -112.6830       6.3273
     363    -120.8634     -18.2540
     364    -122.5749      -8.1257
     365    -101.8644     -10.2185
     366     -90.8932     -14.9041
     367    -126.3529      10.5270
     368    -134.6803     -13.2049
     369    -129.2485     -21.5779
     370    -112.8243     -15.2091
     371    -108.2068      -4.6473
     372    -109.6728     -18.4526
     373     -95.7392     -13.3913
     374     -84.5709     -13.9473
     375    -120.6985      -6.5605
     376    -103.7426     -23.1417
     377    -116.1509     -29.9427
     378     -93.9404     -20.7972
     379    -107.5496      -7.4214
     380    -113.7039      -4.8730
     381    -118.7978     -12.3412
     382    -110.4266     -11.3268
     383    -118.5060      -5.4434
     384    -113.6412      -9.2632
     385    -121.9639      11.7827
     386    -113.3851      -5.4763
     387    -126.1367     -12.2154
     388    -111.4191     -25.4773
     389    -103.6017     -18.8332
     390     -95.6618     -23.4148
     391    -115.5138     -28.5872
     392     -99.0793     -28.4164
     393    -109.6540     -20.6103
     394    -112.5431     -25.9496
     395    -108.2946      -6.0980
     396    -109.9108     -11.8484
     397    -115.4230      -0.3171
     398    -128.2325     -28.2012
     399    -102.4587      -2.9897
     400    -103.2968     -51.4490
     401     -89.0326       0.0390
     402     -85.6367     -24.5024
     403    -109.1667      -4.9231
     404    -129.3750      -4.5625
     405    -113.6191       1.6463
     406    -106.0088     -25.8782
     407    -117.7297      -9.7181
     408    -117.6740      -0.6482
     409     -97.6819     -20.2138
     410    -100.6596     -11.0125
     411    -103.3465     -19.5702
     412     -88.9164       3.1885
     413    -105.9470     -17.9505
     414    -113.6503     -15.2135
     415    -116.2030      -1.1005
     416    -121.6284      -7.0447
     417     -99.1566     -18.9785
     418    -102.3186      -5.3473
     419    -105.2423     -21.5192
     420    -105.5268       4.9964
     421    -110.5846     -15.0157
     422    -118.9698     -15.2042
     423    -129.2213     -25.3182
     424     -90.1265     -15.9473
     425    -111.5260     -29.0487
     426    -114.6591      -5.5196
     427    -125.3047      -7.0465
     428    -111.9273     -25.2595
     429    -114.4331     -17.8243
     430    -113.0995     -11.8942
     431    -110.9594     -14.5007
     432    -103.0927     -20.3558
     433    -133.3673     -25.1864
     434    -119.9991      -3.3026
     435    -131.4870      -3.9906
     436    -133.6434      -4.6552
     437    -121.2233       2.4133
     438    -109.3667      -2.0364
     439    -135.9217      -1.7305
     440    -113.8267     -16.6161
     441    -133.2550      10.6138
     442    -109.1597     -20.7501
     443    -121.5515     -16.0899
     444     -97.3400     -16.6530
     445    -112.9770      -2.7225
     446    -102.0002      -6.2864
     447    -117.3773     -15.2871
     448    -121.3587     -16.0128
     449    -121.1086     -32.2373
     450    -109.7111      -1.8719
     451     -98.9010     -13.3625
     452    -112.4603      -1.4906
     453    -111.7112     -14.3768
     454    -115.6102     -13.0736
     455    -119.0979     -10.9359
     456    -108.7028     -22.0197
     457    -120.5911      -7.1194
     458    -124.1089       4.4603
     459    -118.6156      -4.9015
     460    -124.5117     -13.7469
     461    -116.4441      -7.0959
     462    -108.1150      -4.4759
     463    -103.3355     -12.4300
     464    -103.3246     -14.3586
     465    -108.7862     -19.9829
     466    -102.7856      -2.0098
     467     -99.2252     -22.9254
     468    -109.9954      -0.2732
     469    -118.0679      -2.7026
     470    -130.4754      -2.7260
     471    -114.0176     -17.0054
     472    -117.7627     -29.5057
     473    -135.9012      -2.1042
     474    -114.3278       1.5492
     475    -138.6864       8.4422
     476     -93.8441       7.1944
     477     -81.8825      -4.6351
     478    -112.8606     -10.4330
     479    -118.4894      -7.3939
     480    -103.6591     -12.5980
     481    -104.5074     -13.6125
     482    -100.3718     -12.9436
     483    -109.1951      -8.4042
     484    -105.4347     -21.3188
     485    -100.1927     -12.0798
     486     -99.2641      -3.6404
     487    -115.7847       0.6199
     488    -105.9108     -14.5143
     489    -132.3253     -18.7025
     490    -104.0683      -6.9359
     491    -129.6645     -13.5006
     492    -107.1900     -12.5165
     493    -107.9895      -5.2854
     494    -120.9120     -30.1543
     495     -99.4089     -14.3976
     496    -106.3264       2.5706
     497    -113.5078      -0.3178
     498    -116.3237     -27.4507
     499     -98.4806      -8.6874
     500    -109.9956      -8.9384
     501    -125.8871     -11.2634
     502    -100.2611     -24.4378
     503    -100.9666      -2.7457
     504    -109.3477      -6.5708
     505    -103.9344      -6.9683
     506    -103.2765     -25.7873
     507    -120.8654     -18.9237
     508    -124.8272      -1.4325
     509    -119.4143     -18.3176
     510    -119.2376      16.6699
     511    -102.5572     -11.4293
     512    -122.6556     -10.6220
     513    -124.8054     -10.9918
     514    -116.3626      -4.3641
     515    -105.2395     -25.4632
     516     -93.7117      -7.8918
     517    -115.5297     -11.3731
     518    -121.9063      -6.3016
     519    -109.6900      -1.7473
     520    -105.7144     -13.7068
     521    -108.6793     -23.2453
     522    -126.4972     -11.3405
     523    -110.2114     -14.0708
     524    -114.7884     -15.0851
     525    -114.4452      -9.1607
     526    -120.9138       3.4037
     527    -103.9015     -36.7487
     528    -127.9367      -4.5302
     529    -102.2106     -26.0539
     530    -100.2812     -13.0595
     531    -127.3267      -0.0705
     532    -123.0384     -19.2433
     533     -98.1256     -13.2084
     534    -109.5805      -8.3531
     535    -113.0137       6.9610
     536    -117.5477      -4.2734
     537    -115.3377      -9.7699
     538    -105.4644     -17.3363
     539    -110.5772      -1.3036
     540    -112.2112     -17.0175
     541    -117.0571     -25.6867
     542    -104.9991     -13.3970
     543     -93.4398      -7.5750
     544    -127.1517     -10.5309
     545     -86.2433     -34.1030
     546    -103.2642     -16.8343
     547    -106.7852     -20.4168
     548    -102.9433     -13.7318
     549    -112.3764      -2.5446
     550    -132.7117      -3.7673
     551    -113.6715      -2.6365
     552    -119.4369      -7.2663
     553    -120.5002      -5.1058
     554     -96.4027       0.9661
     555    -125.3358      10.9213
     556    -106.6770      -8.2493
     557    -106.2976     -21.9942
     558    -122.3975      -2.0195
     559    -105.1692      -0.8437
     560    -104.6082       2.1318
     561    -111.0205     -15.3195
     562     -95.6017     -13.2152
     563    -119.2229     -29.7297
     564    -110.3999       6.5350
     565    -112.5942      10.9117
     566    -132.8805      15.9026
     567    -122.1554      -7.1259
     568    -118.5867      10.2265
     569    -112.2709      -5.9104
     570     -96.2655      -9.6602
     571    -126.5215      -5.4571
     572    -124.9996     -10.0870
     573    -124.8623       7.8894
     574    -117.6106      -1.9906
     575    -109.4358     -16.7072
     576    -101.9243     -14.7687
     577     -99.0435     -17.9269
     578    -123.1671      -1.3953
     579    -107.7505      -1.8275
     580    -105.2956      -6.5976
     581     -95.8874     -21.6047
     582    -117.1279     -15.6897
     583    -114.1789       0.0253
     584    -141.6811      -9.1226
     585    -111.3566      -6.2819
     586    -106.9751     -12.7311
     587    -120.2432     -25.0611
     588    -107.4671      -5.1103
     589    -102.4653      -4.9550
     590    -118.1342       2.0153
     591    -102.0252     -14.8944
     592    -114.7181       7.7138
     593    -107.3883      -8.4068
     594    -120.6999      -0.6693
     595    -106.3483     -12.5571
     596    -127.2955     -15.2613
     597    -100.9714      -9.8707
     598     -97.7769      -0.8125
     599    -124.8273      -8.5565
     600    -123.2802     -18.1390
     601    -120.5978       4.3851
     602    -112.0194      -2.5958
     603    -101.5343     -18.4813
     604    -115.7600       0.7225
     605    -116.7705     -15.3033
     606    -114.0902     -19.2607
     607    -134.0092      -0.9449
     608    -121.0122      -1.7703
     609     -73.5106     -27.2148
     610    -124.4851      -4.9996
     611    -110.7836     -19.5727
     612     -92.1591      -9.6610
     613    -117.1482     -12.9310
     614    -112.3480       1.9882
     615     -97.9235     -22.5162
     616     -85.1423     -26.9300
     617    -107.4364     -28.3008
     618    -104.6186      -0.6120
     619    -118.5891      -9.9485
     620    -101.7392     -19.7126
     621     -97.1323     -21.8907
     622     -99.2876     -12.0756
     623    -107.0035      14.7551
     624    -123.7602      -9.0822
     625     -90.8012     -18.4424
     626    -117.6715     -12.7349
     627    -129.6700       4.7939
     628    -104.8206     -11.0477
     629    -106.5574       3.6323
     630     -91.1482     -10.2498
     631    -104.5816      -6.1555
     632    -106.1139      -8.5497
     633    -110.2673      -7.8835
     634    -120.2200     -18.8640
     635    -114.8060     -20.8509
     636    -114.0566     -10.8107
     637     -99.1647     -14.7248
     638     -91.1659      -5.4255
     639    -117.0636     -14.0333
     640    -103.0408      -8.9282
     641    -112.2573      -7.1096
     642    -105.8406     -20.1792
     643    -108.3882     -14.0552
     644    -125.0660      -9.4665
     645    -104.6879     -10.1737
     646     -99.6909      -8.8496
     647    -127.9844     -17.0076
     648    -122.3728     -26.2468
     649    -102.0244     -12.5518
     650     -98.2489     -13.7952
     651    -105.9048      -4.2443
     652    -103.7153      -6.9756
     653    -114.1827      -2.7635
     654     -85.3149     -18.2718
     655    -108.1900     -10.5301
     656     -89.6022       0.3363
     657    -103.7315      -3.4989
     658    -117.5522     -11.5847
     659    -109.1961      -7.9256
     660    -100.0455     -28.3648
     661    -103.6408      -5.0322
     662    -109.8814      -2.5906
     663    -128.6910     -17.0828
     664    -121.6961     -12.2494
     665     -87.4030     -20.0469
     666    -103.6796     -13.7958
     667    -104.2742     -10.9864
     668    -101.5577      -0.9789
     669    -112.5563      -1.1238
     670    -125.7484      -4.6726
     671    -116.6433      -8.7315
     672    -106.3355     -17.2527
     673    -106.9573      -1.6707
     674     -95.8169     -25.9236
     675     -94.6389      -6.0613
     676    -112.2016     -18.8804
     677     -98.3080      -7.0120
     678    -120.8463     -26.6028
     679     -98.0706     -15.6707
     680    -114.1173     -21.0163
     681    -104.3188     -12.6705
     682     -93.2400     -22.0924
     683     -84.7549     -10.4724
     684     -95.1776     -18.0696
     685    -104.4734     -23.9269
     686    -121.2056       6.4542
     687     -91.8631     -15.2960
     688    -111.1475     -17.2661
     689    -118.0266     -16.7912
     690    -103.8743     -16.5835
     691    -107.4836     -20.5706
     692     -99.8595       7.3017
     693     -86.3349     -27.8921
     694     -96.0048     -25.2733
     695    -107.2295     -19.6679
     696     -96.2676     -13.7163
     697    -108.0763      -3.1341
     698     -97.6796     -25.3354
     699     -99.2355     -32.2792
     700    -100.0781     -16.6559
     701    -107.2281      -9.1116
     702    -112.4472     -15.6405
     703    -108.7361     -17.7141
     704    -108.1288     -12.8582
     705    -105.3435     -14.3548
     706    -101.2655      -5.7473
     707     -96.7936     -16.5739
     708    -107.2729     -22.5196
     709     -97.6019     -21.7103
     710     -94.4647     -26.6652
     711    -111.9496     -12.0389
     712     -96.2788     -35.4587
     713    -107.4896      -4.4127
     714    -124.7804      -5.6353
     715     -93.6413      -4.0341
     716    -137.1962      -9.5064
     717    -107.0740      -8.7747
     718    -111.2422     -13.6623
     719     -71.3548     -23.6350
     720     -90.8666      -4.4007
     721    -106.3058     -32.0292
     722    -106.7838     -36.2957
     723    -100.2921     -25.4527
     724    -104.6665       3.2266
     725    -102.5209      -7.7088
     726     -99.0766     -18.6841
     727    -113.0300      -6.1191
     728    -120.9019     -11.4780
     729    -113.6971     -12.0670
     730    -108.2502     -22.1519
     731     -98.4995       8.9099
     732     -96.4470     -14.4521
     733    -100.5367     -23.5419
     734     -79.4595     -29.4137
     735     -94.4805     -33.7104
     736     -90.3407     -12.1377
     737     -87.3337     -29.9866
     738     -97.5567     -24.2174
     739     -81.5926     -24.1399
     740    -110.8191     -33.0090
     741     -98.8214     -36.1685
     742    -103.1434     -33.4823
     743     -79.6999     -32.7412
     744     -99.3858     -25.4661
     745    -109.3159     -25.5079
     746     -94.2480     -21.5210
     747    -107.4689     -10.5495
     748     -99.2557     -12.6305
     749    -101.1385     -13.9335
     750    -108.0715     -13.4650
     751    -109.9397     -10.4839
     752    -113.9803      -8.2961
     753     -88.9806       1.5894
     754     -90.3468       0.6747
     755    -104.8560      -2.2387
     756     -96.1638     -21.0278
     757     -97.4458     -12.8329
     758     -85.8330     -21.7556
     759    -101.5215     -41.7021
     760    -104.7124     -23.0887
     761    -113.1898      -9.5301
     762    -119.9672      -5.3243
     763    -113.9827     -25.5765
     764    -105.6729     -29.6005
     765     -95.6699     -11.0055
     766    -117.9233      -6.3113
     767    -111.3388     -16.4859
     768    -104.9955     -14.7629
     769    -109.5571      -7.9358
     770    -104.5158       2.1550
     771    -103.9934     -24.3400
     772     -97.8390     -13.6737
     773    -110.8902      -5.8675
     774     -96.7002     -18.5284
     775     -95.6307      -7.2452
     776    -102.1902     -16.5589
     777    -100.2939      -0.4735
     778     -98.1715     -14.2500
     779    -107.7410     -21.0389
     780     -98.6305     -33.0285
     781     -96.7316     -23.1915
     782    -120.4164       2.1823
     783    -112.0927      -3.4318
     784    -104.5395     -18.5782
     785    -103.4455     -21.1864
     786    -121.5346       5.5820
     787     -94.1895     -13.7247
     788     -86.1160     -14.1528
     789    -107.8113      -5.0206
     790     -99.7657      -5.7409
     791    -120.4746      -3.2136
     792    -100.8699      -5.9680
     793     -98.6134     -10.4058
     794     -98.9771     -12.7163
     795     -96.9040      -5.9471
     796     -98.5515     -19.6673
     797    -110.6384      -7.1020
     798    -124.9991      -6.0201
     799     -92.5726       3.5784
     800    -100.7240     -12.7806
     801    -115.9697      -9.5176
     802     -98.7817     -13.7519
     803    -124.4514      -5.7936
     804     -98.3171     -30.6332
     805     -96.4446     -28.4802
     806    -108.5672      -1.6508
     807     -89.8502     -14.5492
     808     -98.0584     -17.7455
     809     -99.6422     -17.8305
     810    -121.5249      -0.8624
     811    -106.1774       2.0297
     812     -95.8945      -2.2600
     813    -108.7289     -19.4440
     814     -99.9310      -7.5479
     815    -120.5101     -10.8059
     816    -117.9156      -4.3085
     817    -103.4238     -16.0383
     818    -104.7945      -7.2852
     819    -110.3092      -6.3892
     820    -105.6453      -7.4111
     821     -97.3052       4.3390
     822    -104.8157      -6.0324
     823    -134.2413      -2.1757
     824    -111.1376     -11.4763
     825    -109.8457       7.4473
     826    -109.9397      -7.0626
     827    -115.8030     -29.0900
     828    -111.3304      10.6966
     829    -106.4423     -14.9063
     830    -121.6937     -12.5286
     831    -107.5317      -1.4070
     832    -101.5804      -3.1701
     833     -85.5544     -17.0633
     834     -93.1517       3.9120
     835     -98.1803     -25.4415
     836    -107.0813     -28.4389
     837     -98.7002     -10.9549
     838     -99.6916     -10.0642
     839    -119.8466     -11.1132
     840    -114.3969     -22.8473
     841    -105.7503     -14.5831
     842    -125.9451      -9.2708
     843    -118.4475     -17.3447
     844    -118.7822      -1.6482
     845    -104.3479      -9.8662
     846     -88.3616     -17.9287
     847    -113.2618     -15.5119
     848    -111.1356      -6.9409
     849    -134.3698     -14.8155
     850    -108.1835     -10.9378
     851     -98.8327     -25.2617
     852    -117.6862     -14.5524
     853    -121.8689     -10.9215
     854     -91.6378      -1.7576
     855    -117.3997      -5.6130
     856    -106.1549      -9.0806
     857    -119.7921     -12.9148
     858    -110.5353     -10.7138
     859    -112.6576      -0.6385
     860    -107.0697     -13.6755
     861    -100.7521       0.4216
     862    -109.4474      -4.6472
     863     -92.8336     -15.8191
     864    -102.1963     -11.9543
     865    -125.7339       6.3176
     866    -102.4185     -16.2569
     867    -133.4664       3.7697
     868    -120.2513     -27.4110
     869    -105.3461      10.2946
     870    -106.5001     -12.4992
     871    -127.4772       3.3905
     872    -133.0763      -5.0992
     873    -109.8778      -0.3858
     874     -94.2537     -13.4048
     875    -106.5478     -20.0721
     876    -134.2136     -18.3085
     877     -98.0083       0.9753
     878     -97.6151     -15.6390
     879    -107.7882      -7.6436
     880     -98.6029     -17.8074
     881    -124.4320     -33.1601
     882     -88.8632     -10.3489
     883     -94.5480     -26.8426
     884     -98.5712     -20.1205
     885    -107.7508     -13.7864
     886     -95.7312      -4.6935
     887    -109.0162      -7.3180
     888     -98.2022      -1.2617
     889    -109.4194     -15.8397
     890     -96.3949      -7.4352
     891    -107.3696     -25.2585
     892    -118.9242     -13.1815
     893    -115.3865      -7.2476
     894    -101.4470      -4.9618
     895     -88.2100       2.5322
     896     -89.5542      -0.2127
     897     -97.3398      -5.7230
     898     -98.9435       2.5138
     899    -107.5805       6.3455
     900     -99.6340       2.7230
     901     -93.8161      -2.9400
     902     -93.6123     -27.0181
     903    -105.1809      -9.3492
     904    -121.3596     -12.1224
     905    -115.5786      -5.3539
     906     -92.2959      -5.1780
     907    -101.1589     -15.8202
     908    -103.6972       6.6989
     909     -97.0930      -3.0677
     910     -92.0129     -16.8933
     911    -108.3327       0.1672
     912     -95.5429       0.1618
     913     -93.2632       1.9633
     914     -86.3986      -3.3932
     915     -99.1333      -8.9357
     916    -114.5757       4.7173
     917    -102.2940     -12.1408
     918    -127.2166      -9.8814
     919    -120.3388     -10.8721
     920    -108.6052      -6.4938
     921    -125.0615      -1.5552
     922    -122.9092      -1.0763
     923    -110.5155     -17.2613
     924     -96.5311     -21.9459
     925    -109.0726      -3.9687
     926     -97.4970      -4.0051
     927     -96.1318      -5.2341
     928    -106.9485       4.8288
     929    -102.3512       3.7146
     930    -102.3681     -19.9065
     931    -122.6116     -14.1176
     932    -126.7626       7.9246
     933    -121.9804       6.7098
     934    -123.6026       5.2866
     935     -95.3563       5.8515
     936     -96.5271      -7.1081
     937    -105.5720      -8.5421
     938    -106.3866      -2.8808
     939     -73.7637      -9.6231
     940     -99.3178       3.3147
     941     -95.2307     -12.6675
     942    -106.7966      -2.3798
     943    -105.9839       3.0659
     944    -112.5423     -14.9200
     945    -105.3632       8.8776
     946    -103.7353      -1.8300
     947    -109.3843       5.7952
     948    -104.9210     -10.1419
     949    -108.7773       1.3604
     950    -101.7999     -29.7199
     951    -117.2774      -3.6911
     952     -93.0697      -2.4311
     953    -104.1993      -6.4862
     954     -95.0185     -26.7529
     955    -112.4528     -10.3524
     956    -106.5634     -29.1119
     957    -104.2621       3.3553
     958    -127.6966      -2.3844
     959    -103.2154     -15.7072
     960     -87.4716     -14.5204
     961    -101.1534      -4.6340
     962    -116.2282       4.2335
     963    -112.6291     -21.8509
     964    -125.3320      -7.5289
     965    -105.0082      -3.8775
     966    -105.1122     -16.4772
     967    -130.9196      10.3148
     968    -100.0604       3.8978
     969     -95.3625      -1.5687
     970     -93.0321      -2.5322
     971    -103.0431     -23.8590
     972     -96.8739       2.5370
     973     -85.5308     -11.8478
     974     -96.6144     -15.6440
     975     -78.2795     -12.8943
     976    -105.6661      -9.5608
     977    -107.7062     -11.3775
     978     -88.0687      -6.3288
     979    -106.3501     -21.0794
     980     -98.0827       1.3053
     981    -126.2676     -10.2708
     982    -103.0900     -12.6861
     983    -111.2402     -17.2043
     984    -117.0979      -9.7044
     985    -105.6429      -7.1397
     986     -92.0580     -24.6391
     987    -122.6552      -5.7639
     988    -105.8501      -8.1604
     989     -86.7401     -34.0535
     990     -95.6049     -11.3272
     991     -84.5647       1.0346
     992    -106.7016       1.5920
     993    -112.1158     -14.7421
     994    -106.3853     -26.6957
     995    -114.8547     -10.4548
     996    -112.7279       6.6512
     997     -66.6384     -28.1165
     998    -101.1804     -14.2427
     999    -121.2917     -21.3833
    1000    -107.0257       0.9268
