#Frame      RoG_00004 RoG_00004[Max]
       1      16.8773        29.8152
       2      17.0420        31.3546
       3      17.0670        30.4978
       4      17.1001        30.7401
       5      17.0265        29.3320
       6      17.0663        30.5872
       7      16.9272        29.6430
       8      17.1640        29.6685
       9      17.1199        30.5703
      10      17.0700        30.4430
      11      17.1918        29.9256
      12      17.0794        29.8607
      13      16.9463        30.2298
      14      16.9046        31.1100
      15      16.9940        29.5538
      16      17.0910        29.6641
      17      17.0488        30.2931
      18      17.0958        31.1508
      19      17.0932        30.3979
      20      16.9398        29.5564
      21      17.0986        30.7659
      22      17.0173        30.3724
      23      17.1261        30.7598
      24      16.9500        29.2804
      25      17.0107        28.9703
      26      17.0028        29.8623
      27      16.9034        31.2849
      28      16.9561        30.3646
      29      16.9694        30.5380
      30      16.9494        31.7094
      31      17.0180        29.8572
      32      17.1114        31.0039
      33      17.0105        30.2118
      34      17.0082        31.0911
      35      16.9871        30.2097
      36      16.9940        29.1946
      37      17.1161        31.3390
      38      16.8953        28.8660
      39      17.1557        30.0443
      40      17.1007        29.7789
      41      16.9419        31.4036
      42      17.1214        32.6401
      43      17.1543        30.8081
      44      17.0876        29.8447
      45      16.8557        30.0558
      46      16.9063        29.3090
      47      17.0405        29.4114
      48      16.9483        28.9898
      49      17.0067        30.2974
      50      17.2102        30.4991
      51      17.0791        29.1604
      52      16.9818        29.3716
      53      17.1139        31.8164
      54      17.0620        31.0022
      55      16.9509        30.3338
      56      17.0098        29.1322
      57      16.8870        29.7222
      58      16.9210        29.5326
      59      16.9199        28.9934
      60      16.9799        28.9781
      61      16.9392        29.7023
      62      16.9926        29.3031
      63      16.8632        29.7222
      64      16.7968        29.0810
      65      16.8881        29.7048
      66      16.8846        30.2267
      67      17.1095        31.9997
      68      16.8899        30.5347
      69      17.2025        30.9902
      70      17.1274        30.8661
      71      17.1380        30.0565
      72      17.1153        31.0836
      73      17.1895        31.0757
      74      16.9758        31.5092
      75      16.9990        32.0138
      76      17.0116        30.8967
      77      16.8576        30.4955
      78      16.8656        30.3572
      79      16.9710        31.8430
      80      17.1094        31.3760
      81      16.9627        29.9685
      82      16.9523        30.7318
      83      17.1270        32.1496
      84      17.0731        31.9537
      85      17.1527        32.1282
      86      16.9188        29.8082
      87      16.9790        30.2411
      88      16.9136        29.0617
      89      16.7812        30.7876
      90      16.9669        31.6376
      91      17.0342        30.6310
      92      16.7585        29.7043
      93      17.0796        31.0287
      94      16.9733        30.3485
      95      16.6832        31.0183
      96      16.7088        30.6094
      97      17.0598        30.6864
      98      17.1266        31.7891
      99      16.9358        31.3864
     100      16.8466        30.2483
     101      17.1110        30.9141
     102      17.1366        31.9657
     103      17.0975        31.9007
     104      17.1615        30.6093
     105      16.9691        31.3956
     106      17.2231        32.6743
     107      17.0398        31.1655
     108      17.1996        30.9002
     109      17.2072        30.9731
     110      17.1129        31.7611
     111      17.2249        32.6154
     112      17.3178        31.3141
     113      17.1689        31.4701
     114      17.1769        29.9103
     115      17.1986        30.3492
     116      17.0830        31.8007
     117      17.0540        29.7487
     118      17.1018        30.2307
     119      17.1035        29.1186
     120      17.0158        31.0529
     121      16.9975        30.9764
     122      17.1304        31.4108
     123      17.0221        30.9566
     124      17.1173        29.3561
     125      17.1577        32.1203
     126      17.0194        31.4786
     127      17.1175        31.4082
     128      17.0305        30.5577
     129      17.1256        30.3879
     130      17.0300        30.9644
     131      17.1394        32.5012
     132      17.0354        31.4029
     133      16.9390        30.2775
     134      17.0210        29.6709
     135      17.1396        31.5577
     136      17.3086        30.6622
     137      17.2791        30.8467
     138      17.3202        32.2219
     139      17.4642        30.7640
     140      17.2327        31.2503
     141      17.3334        31.9360
     142      17.3053        31.8644
     143      17.4051        31.8116
     144      17.1600        31.7936
     145      17.0944        30.1097
     146      17.0975        30.1508
     147      17.0695        31.9507
     148      16.8775        30.0737
     149      16.9607        31.0518
     150      16.9201        31.1977
     151      16.9167        31.4664
     152      16.9517        30.1618
     153      16.9219        30.8055
     154      17.0929        30.0812
     155      17.0364        30.4222
     156      16.8345        29.7395
     157      16.8680        30.8278
     158      16.9071        32.5026
     159      17.1055        33.0904
     160      17.0293        30.7564
     161      16.9610        32.1565
     162      16.9964        29.7557
     163      16.8058        28.8413
     164      17.0436        29.4692
     165      16.9487        30.8707
     166      16.9268        31.2095
     167      17.2514        31.6606
     168      17.1956        31.5305
     169      17.0339        31.2109
     170      17.0154        31.2230
     171      16.9433        31.3339
     172      16.9761        31.5068
     173      17.0151        30.9529
     174      17.0348        30.9608
     175      16.9021        30.9880
     176      16.9067        30.3105
     177      16.9666        31.0298
     178      16.8463        29.8361
     179      16.9511        29.8986
     180      17.0242        30.1153
     181      16.9230        30.9909
     182      17.0027        30.8369
     183      16.9493        30.8881
     184      16.8849        32.0040
     185      16.8475        31.4157
     186      17.0913        30.7208
     187      17.0498        32.2062
     188      17.1046        30.9968
     189      16.9693        29.9098
     190      16.9700        30.9459
     191      16.9064        30.5210
     192      16.8130        28.7107
     193      16.8967        28.6041
     194      16.9502        28.8772
     195      16.8722        28.8109
     196      17.0065        30.6715
     197      16.8539        29.1790
     198      16.9165        28.7296
     199      16.8797        29.3108
     200      16.8430        30.0564
     201      16.8850        30.4357
     202      16.7514        28.9752
     203      16.9383        30.2143
     204      16.9022        30.9806
     205      16.9306        30.7415
     206      16.7548        29.3645
     207      16.8912        29.5021
     208      16.7397        28.7794
     209      16.8413        29.4426
     210      16.7088        30.0101
     211      16.6939        29.3905
     212      16.8217        30.3212
     213      16.8799        30.4669
     214      16.8357        29.5274
     215      17.1230        31.8706
     216      16.9465        30.5603
     217      17.2110        30.9683
     218      17.0487        29.5270
     219      17.0432        30.6580
     220      17.2369        32.5396
     221      17.1489        31.3552
     222      16.9014        29.6045
     223      17.3171        31.4777
     224      17.0717        31.9689
     225      17.0599        31.6565
     226      17.0862        29.7531
     227      17.1626        31.1237
     228      17.3009        30.3828
     229      17.2524        30.0038
     230      17.2010        30.2799
     231      17.0346        29.8582
     232      17.0739        29.8313
     233      17.0058        29.7298
     234      16.8722        29.2369
     235      17.1472        30.8983
     236      17.0742        29.6823
     237      17.0359        30.4368
     238      17.0277        29.7362
     239      16.8592        29.5220
     240      17.0008        29.5458
     241      17.1752        30.5210
     242      17.0921        30.9992
     243      16.9833        29.3109
     244      17.1914        31.5381
     245      17.1448        31.0691
     246      17.1296        31.8125
     247      17.0514        31.3888
     248      17.0807        31.6890
     249      17.1932        32.8549
     250      17.2005        29.4269
     251      17.0731        29.3559
     252      17.0089        29.3482
     253      17.2179        30.8212
     254      17.2457        30.1287
     255      17.1830        30.2709
     256      17.2709        30.5488
     257      16.9631        29.7876
     258      17.1977        30.3801
     259      17.6489        31.4463
     260      16.9690        29.9647
     261      17.1583        31.1645
     262      17.2319        30.0041
     263      17.2306        32.6024
     264      17.2040        30.6357
     265      17.2701        30.2886
     266      17.0147        29.2706
     267      17.0443        30.8569
     268      17.0626        29.9761
     269      17.0304        30.2559
     270      16.9428        29.9744
     271      17.0422        30.7078
     272      16.8899        30.5092
     273      16.9313        30.7682
     274      16.8461        30.4040
     275      16.9612        31.7993
     276      16.8688        32.0158
     277      16.9601        31.5388
     278      16.8988        31.0468
     279      16.9296        30.0549
     280      17.0500        32.0855
     281      16.7891        31.1665
     282      16.9797        30.2918
     283      16.8307        29.8622
     284      16.9265        31.3597
     285      16.8088        29.8989
     286      16.8044        31.1815
     287      17.0608        30.0681
     288      16.9365        29.9739
     289      16.7911        30.1258
     290      17.0783        29.3808
     291      17.2235        30.1468
     292      17.0014        30.8250
     293      16.8874        29.4177
     294      16.9318        29.2323
     295      17.0623        31.5757
     296      16.9623        30.4477
     297      16.9220        31.5489
     298      16.8280        30.9499
     299      16.6944        31.1052
     300      16.6204        29.0871
     301      16.8368        30.7439
     302      16.8847        31.0212
     303      16.7636        29.0986
     304      16.6580        28.6541
     305      16.7970        30.0469
     306      16.8838        31.8225
     307      16.6718        29.7585
     308      16.8450        29.5299
     309      16.8717        29.3573
     310      16.9853        28.8051
     311      17.1814        31.9550
     312      16.8522        30.9959
     313      16.8772        30.0663
     314      17.0184        30.9425
     315      16.7765        29.5301
     316      16.7861        29.3569
     317      16.9552        29.3908
     318      17.1033        32.5611
     319      16.8954        29.3223
     320      16.8093        30.3775
     321      17.0348        29.7108
     322      16.9035        30.7842
     323      16.8903        31.5443
     324      16.9623        30.8634
     325      16.9460        31.8647
     326      17.0252        30.2185
     327      16.9349        30.9315
     328      16.9087        30.7129
     329      16.8645        31.0023
     330      16.9946        31.5204
     331      16.6986        29.2939
     332      16.9232        29.5823
     333      16.8791        30.4738
     334      16.7838        30.4178
     335      16.8169        30.3763
     336      16.9815        31.4598
     337      17.0403        31.4031
     338      17.0443        31.7887
     339      17.0636        31.4488
     340      16.9997        30.3519
     341      16.9904        30.7075
     342      16.8662        30.3510
     343      16.9581        30.6752
     344      17.0236        29.7864
     345      16.9997        30.7866
     346      16.8405        32.0837
     347      16.9557        31.2096
     348      16.9383        30.5592
     349      17.0046        31.3301
     350      17.0228        29.8516
     351      17.0793        31.1428
     352      17.0599        31.5892
     353      16.9832        29.8841
     354      17.1087        29.5640
     355      17.2669        32.1132
     356      17.0555        31.2360
     357      17.0292        30.5308
     358      17.1307        30.2430
     359      16.9209        29.2454
     360      17.0562        29.2049
     361      17.0747        29.8786
     362      16.9544        29.5690
     363      17.1660        31.4314
     364      16.8379        31.5699
     365      17.2259        33.1860
     366      17.1124        32.1878
     367      17.2278        31.5241
     368      16.9981        31.0896
     369      17.2690        31.2340
     370      17.1514        32.0107
     371      17.2237        32.3814
     372      17.0322        31.1064
     373      16.9151        30.8988
     374      17.1193        30.3044
     375      16.9910        29.6740
     376      17.0622        31.5872
     377      17.0538        31.5666
     378      17.1692        30.9238
     379      16.8895        29.6646
     380      17.2388        31.1752
     381      17.1816        31.6715
     382      17.2462        30.4301
     383      17.1927        30.0062
     384      17.2468        31.1748
     385      17.1019        30.5678
     386      17.1117        30.2238
     387      17.0873        30.1362
     388      17.0015        29.2041
     389      16.9912        31.0355
     390      17.0770        29.7550
     391      17.1035        30.0045
     392      17.1124        31.0389
     393      17.0954        31.6165
     394      17.0821        30.0115
     395      17.0862        30.2191
     396      17.1208        30.1763
     397      16.9094        30.0144
     398      16.9667        29.9851
     399      16.9997        30.7372
     400      16.9830        30.3183
     401      17.0889        30.0598
     402      17.0921        29.4243
     403      17.0317        29.4712
     404      17.1094        30.6263
     405      17.0764        30.1806
     406      17.0725        30.1012
     407      17.1110        31.7050
     408      17.0905        30.4260
     409      17.0574        29.3484
     410      16.9157        29.4316
     411      17.1649        29.6961
     412      17.0450        31.4957
     413      17.0085        30.1875
     414      17.0678        29.4237
     415      17.0743        30.1164
     416      17.0898        29.9501
     417      17.0763        31.2200
     418      17.1972        30.1319
     419      17.1061        29.7382
     420      17.1908        30.4734
     421      17.1748        31.4175
     422      17.0674        31.8119
     423      16.9818        30.4662
     424      16.9714        30.4115
     425      16.9698        30.0111
     426      17.1216        31.0902
     427      17.0016        30.7928
     428      17.1800        31.3332
     429      17.0529        30.7385
     430      17.0608        30.8275
     431      16.9549        29.7347
     432      17.1836        30.6215
     433      17.1042        30.4234
     434      16.9512        29.2873
     435      16.9690        29.0562
     436      17.0084        30.1475
     437      17.1018        31.0212
     438      17.2779        30.8209
     439      17.2890        32.1049
     440      17.0799        30.8499
     441      17.1069        30.0100
     442      17.1045        30.3838
     443      17.0182        30.7106
     444      17.2727        30.4023
     445      17.0299        30.6753
     446      17.1218        30.6995
     447      17.0053        30.3661
     448      17.2292        31.9621
     449      16.9644        30.9915
     450      17.0224        32.0915
     451      16.7880        31.8798
     452      17.0564        32.1118
     453      17.1210        31.3676
     454      17.0290        31.2773
     455      17.0372        31.1820
     456      16.9207        31.1017
     457      16.8317        30.4776
     458      16.8073        28.9947
     459      17.2951        31.7964
     460      17.0039        31.5274
     461      17.0999        31.3249
     462      17.1314        31.1871
     463      17.1302        30.6538
     464      17.1555        31.4402
     465      17.1361        30.3259
     466      17.1061        30.5193
     467      17.1678        31.3508
     468      17.0578        29.7414
     469      17.1949        32.2393
     470      17.1158        31.2435
     471      17.2181        32.0054
     472      17.1852        29.7820
     473      17.1061        30.7868
     474      17.1124        30.7598
     475      17.0477        31.5312
     476      17.2006        30.8858
     477      17.1968        31.0040
     478      17.1117        31.5662
     479      17.1030        31.4636
     480      17.0435        30.6378
     481      17.0958        31.1761
     482      17.1707        29.7151
     483      17.1706        30.8553
     484      17.0665        31.6748
     485      17.1507        30.6926
     486      17.0527        30.0198
     487      16.9653        30.3837
     488      17.0893        30.8153
     489      17.0965        30.8486
     490      17.1025        30.1296
     491      17.1178        31.1123
     492      16.9334        30.2446
     493      16.9035        30.4782
     494      17.0770        30.9653
     495      17.0598        30.6301
     496      17.0258        31.7177
     497      16.9157        30.9127
     498      16.9547        30.4571
     499      16.8747        30.9281
     500      16.9381        31.4869
     501      17.0004        30.4099
     502      17.0476        30.8295
     503      17.0074        29.6733
     504      17.1812        29.6992
     505      16.9193        29.4049
     506      16.9894        31.0699
     507      16.9016        30.7980
     508      16.8816        29.5548
     509      16.8767        31.3461
     510      17.1295        31.4213
     511      16.9360        29.4086
     512      16.9061        30.4300
     513      16.9743        30.6650
     514      16.9247        30.5585
     515      16.9244        29.9019
     516      16.9189        31.4094
     517      16.9198        29.7374
     518      16.8919        29.6392
     519      16.9332        30.7638
     520      16.7508        29.3671
     521      16.7986        30.1421
     522      16.8065        29.5622
     523      16.8210        30.0461
     524      16.9343        30.4833
     525      16.9820        30.2526
     526      16.7903        31.5557
     527      16.7785        31.4955
     528      16.8647        29.5943
     529      17.1502        32.1406
     530      16.9418        29.7919
     531      17.0251        30.4394
     532      16.8547        29.6107
     533      17.0317        31.6695
     534      17.0350        29.6130
     535      17.2158        30.0904
     536      16.9780        32.4060
     537      16.9824        31.0869
     538      16.8701        29.7338
     539      16.8702        29.3676
     540      17.0327        29.3378
     541      16.9543        29.2272
     542      17.1576        29.5392
     543      17.0295        31.3508
     544      17.1137        30.1123
     545      17.1111        29.7056
     546      16.9337        29.0361
     547      17.1828        30.7969
     548      16.9685        30.5267
     549      17.1691        30.0380
     550      17.1902        30.1859
     551      17.1707        29.9208
     552      16.9756        29.3275
     553      16.8991        29.8420
     554      16.9476        29.4689
     555      17.1039        29.9147
     556      17.1873        32.4350
     557      17.0679        31.2183
     558      17.2751        30.6729
     559      17.2567        30.3846
     560      17.1819        30.1588
     561      17.0901        31.8182
     562      17.0982        29.8088
     563      17.0247        30.7805
     564      17.0968        29.8271
     565      17.0326        29.0677
     566      17.1566        30.2261
     567      17.1277        30.7680
     568      17.1599        30.4673
     569      17.0405        30.5954
     570      17.1071        30.5772
     571      17.0466        30.2314
     572      17.0431        29.7834
     573      16.9223        31.0477
     574      17.0690        30.2488
     575      17.2920        30.4276
     576      17.1565        29.6943
     577      17.2674        30.8070
     578      17.1331        30.5231
     579      17.2782        29.9298
     580      17.0244        29.1104
     581      17.1704        29.5699
     582      17.0524        29.3565
     583      16.9462        28.9391
     584      16.9558        31.0842
     585      17.0928        30.4565
     586      17.1111        30.2854
     587      16.9066        29.3907
     588      16.9362        30.6742
     589      17.0042        30.4819
     590      17.1027        30.2750
     591      16.9916        30.2789
     592      16.9001        31.0892
     593      17.1170        30.8332
     594      17.0281        30.7307
     595      16.9875        29.8000
     596      16.9724        29.3719
     597      16.9379        31.7558
     598      16.9548        29.3738
     599      17.0186        30.4089
     600      16.7990        29.0406
     601      16.8834        28.8495
     602      16.9569        30.1520
     603      17.0227        31.5675
     604      17.1172        31.9487
     605      17.1965        32.1129
     606      17.0818        30.6055
     607      17.0193        30.0718
     608      16.9439        30.0230
     609      16.9271        29.2196
     610      17.0552        30.1343
     611      16.9687        30.5256
     612      16.9617        30.8109
     613      16.9406        31.7297
     614      16.9181        31.5581
     615      16.9637        31.3688
     616      16.9512        31.2886
     617      16.8482        30.0492
     618      16.8058        31.0971
     619      17.0788        31.5662
     620      16.8893        30.3397
     621      16.8420        29.0615
     622      17.1167        29.5383
     623      16.8345        30.5707
     624      16.8806        31.0638
     625      16.8624        30.5137
     626      16.7357        30.7393
     627      16.9153        30.8595
     628      16.7841        29.5971
     629      17.0095        31.3351
     630      17.0275        31.3434
     631      17.0861        30.3798
     632      17.1208        30.9979
     633      16.9419        29.7578
     634      17.0846        30.0369
     635      16.9201        30.0045
     636      16.9497        31.3215
     637      16.8577        31.0917
     638      17.0204        29.5802
     639      17.0765        30.7926
     640      17.0096        30.9409
     641      16.9627        31.1527
     642      16.7782        29.6347
     643      16.7740        29.6311
     644      16.8736        30.7983
     645      16.8058        31.1867
     646      16.7996        29.8578
     647      16.7776        29.5415
     648      16.8765        31.0100
     649      16.8311        31.7764
     650      16.8338        31.9321
     651      16.8460        31.1122
     652      16.8156        30.1552
     653      16.7982        30.4742
     654      16.7150        29.0212
     655      16.8720        29.9130
     656      16.8892        29.7765
     657      16.8677        31.1633
     658      16.8305        30.9441
     659      16.8976        30.8283
     660      17.0218        30.3519
     661      16.9102        29.7581
     662      16.9841        29.3812
     663      16.8380        29.7886
     664      16.7693        29.2468
     665      16.7961        29.8045
     666      16.7484        29.3615
     667      16.7239        30.8719
     668      16.7452        31.1020
     669      16.7736        29.5641
     670      16.7510        30.1423
     671      16.8149        29.3482
     672      16.7254        29.4789
     673      16.8620        29.9450
     674      16.9292        30.8418
     675      16.8564        29.5476
     676      16.8467        29.0325
     677      17.0793        30.9097
     678      16.9376        29.7973
     679      16.9862        31.3732
     680      16.7648        31.8882
     681      16.7032        30.2380
     682      16.6595        29.8884
     683      16.8401        30.4090
     684      16.8814        30.7514
     685      17.0331        30.3956
     686      16.9656        30.3053
     687      16.9081        30.4731
     688      16.9007        30.6363
     689      17.0638        30.8631
     690      17.0875        31.9673
     691      17.0494        31.2353
     692      17.2126        31.3693
     693      17.0364        31.2582
     694      17.0514        31.8560
     695      17.1685        33.1384
     696      17.3434        31.5063
     697      17.1784        30.7956
     698      17.0595        30.6872
     699      16.9233        30.3957
     700      17.1436        32.7240
     701      17.1834        31.8938
     702      17.1671        31.4486
     703      17.0564        30.7541
     704      16.8402        32.0574
     705      16.9247        31.2133
     706      16.9765        30.4136
     707      16.9808        30.7754
     708      17.0142        31.9121
     709      16.9946        30.4346
     710      17.0218        31.1661
     711      16.9064        30.1856
     712      16.9110        29.6067
     713      17.1279        29.9766
     714      17.0131        31.8020
     715      16.9195        30.4390
     716      16.9802        30.7816
     717      17.2335        31.7645
     718      17.1630        31.8282
     719      17.1467        30.4776
     720      17.0513        30.9940
     721      17.0282        30.5563
     722      17.0919        30.0515
     723      17.2179        31.2818
     724      17.1763        30.4936
     725      17.0314        29.6311
     726      17.1028        30.2669
     727      17.1623        30.2676
     728      17.2166        31.6159
     729      17.3059        30.6404
     730      17.2404        30.4983
     731      17.1796        31.6487
     732      17.1479        30.8517
     733      17.2268        31.3703
     734      17.1349        32.2673
     735      17.0918        30.8485
     736      17.2160        31.1127
     737      17.2656        30.4674
     738      17.1941        29.7775
     739      17.2384        29.8200
     740      16.9499        31.1143
     741      17.0856        31.7570
     742      17.2395        30.6004
     743      17.2302        31.1745
     744      17.2423        30.7980
     745      17.0774        30.1427
     746      17.0189        30.9759
     747      17.1935        31.8692
     748      17.1911        31.8836
     749      17.1165        30.5075
     750      17.0494        30.2712
     751      16.9599        30.2100
     752      17.1512        31.2269
     753      17.2914        32.5762
     754      17.1911        30.1869
     755      17.1401        30.5108
     756      17.2679        31.7525
     757      17.2343        30.6858
     758      17.2043        32.1174
     759      17.2509        31.0671
     760      17.1498        30.7620
     761      17.1284        31.3210
     762      17.2661        30.4045
     763      17.2891        30.2175
     764      17.3083        31.6947
     765      17.2907        31.0145
     766      17.3459        31.6562
     767      17.1088        31.2053
     768      17.3390        32.6215
     769      17.1803        30.8240
     770      17.2026        30.4389
     771      17.0528        29.7811
     772      17.0046        30.6682
     773      16.9587        30.0995
     774      16.9830        31.6475
     775      17.1111        31.6521
     776      17.0108        30.8796
     777      16.8864        30.2403
     778      16.9252        30.9698
     779      17.1043        30.5923
     780      16.9713        30.6622
     781      17.0057        30.6128
     782      17.0510        30.8136
     783      17.0035        29.9675
     784      16.8884        30.5171
     785      17.1579        31.0620
     786      16.9992        30.8653
     787      17.2760        30.5751
     788      17.0630        30.6479
     789      17.2701        31.1755
     790      17.1600        31.8016
     791      16.9148        30.8944
     792      16.9604        31.3862
     793      16.9873        30.5778
     794      16.9851        30.9478
     795      16.9707        31.5842
     796      17.0383        30.0651
     797      16.9879        31.6114
     798      16.9559        30.1623
     799      17.1768        30.5064
     800      17.0083        30.9929
     801      17.1248        31.9207
     802      16.9457        32.2137
     803      17.1089        32.7805
     804      16.9762        31.6415
     805      16.9917        30.8854
     806      16.9333        31.4654
     807      17.0157        31.5894
     808      16.8679        31.1839
     809      17.1056        30.6704
     810      17.0764        31.6677
     811      16.9296        31.2653
     812      17.1087        30.5066
     813      16.9870        31.3567
     814      16.9320        30.6342
     815      16.9829        31.2802
     816      16.8912        30.4348
     817      17.1139        31.1168
     818      17.0008        30.3038
     819      17.0689        31.1170
     820      17.0628        30.9675
     821      17.1632        32.3427
     822      16.9082        31.3435
     823      16.9684        31.7383
     824      17.0935        31.3592
     825      16.9676        32.3275
     826      16.9093        30.6249
     827      16.9883        30.4557
     828      16.9675        30.2280
     829      17.1475        30.2841
     830      17.1045        31.1748
     831      17.0826        30.7286
     832      16.9654        29.4014
     833      17.1744        30.7730
     834      17.1065        31.2041
     835      17.1636        30.8879
     836      17.1709        31.1805
     837      17.1189        31.8320
     838      16.9607        31.2311
     839      16.8977        31.3272
     840      17.0399        31.0915
     841      17.2077        31.9466
     842      17.1117        30.8133
     843      16.8435        30.6496
     844      17.1302        30.5402
     845      17.0700        31.4829
     846      17.1814        30.8751
     847      17.0894        30.1570
     848      17.1013        31.1058
     849      17.1738        30.9988
     850      17.0437        31.8455
     851      17.1647        32.1020
     852      17.1980        30.3430
     853      17.0756        32.1965
     854      17.2473        32.1806
     855      17.1209        31.9364
     856      17.3143        32.2033
     857      17.2710        30.6492
     858      17.2611        31.3975
     859      17.7919        31.7449
     860      18.2045        32.7214
     861      18.3728        33.4106
     862      17.8891        33.6178
     863      17.7920        32.9796
     864      17.4799        32.4542
     865      17.8759        33.6889
     866      18.1818        34.0672
     867      18.2779        33.5946
     868      17.8961        33.7247
     869      17.9478        32.4104
     870      18.0044        32.4249
     871      17.9136        32.0045
     872      18.0537        33.4564
     873      17.7461        31.2035
     874      17.5789        30.9217
     875      18.1141        33.1300
     876      17.8094        32.1347
     877      17.6333        31.9918
     878      17.8521        31.6439
     879      17.7253        32.6030
     880      17.9187        32.1662
     881      18.0820        32.3640
     882      18.1093        33.0099
     883      17.6278        30.7761
     884      17.4219        31.0351
     885      17.4350        32.4761
     886      17.3871        30.1761
     887      17.5222        32.7420
     888      17.3317        30.9291
     889      17.5760        31.9317
     890      17.9634        32.2224
     891      17.5855        32.5361
     892      18.3469        32.1504
     893      18.1695        31.4047
     894      17.8312        32.6658
     895      17.5535        32.5122
     896      17.7218        31.0648
     897      17.9193        31.1964
     898      17.6442        30.8464
     899      17.7630        30.4223
     900      17.8150        30.6998
     901      17.1197        31.7673
     902      17.1046        30.2961
     903      16.9286        31.4302
     904      17.0939        31.5314
     905      16.9123        31.1543
     906      16.9872        29.9598
     907      17.1360        31.4794
     908      17.2734        31.6622
     909      17.0059        30.5034
     910      17.1348        31.7718
     911      17.0804        31.6859
     912      16.9975        32.0563
     913      17.1431        30.6384
     914      17.0552        31.4645
     915      17.0249        30.3534
     916      17.0781        30.6977
     917      16.9676        31.7768
     918      16.9143        31.5751
     919      16.9498        31.0206
     920      17.1082        31.9254
     921      16.9036        31.2834
     922      17.0762        30.9846
     923      17.1593        31.0479
     924      16.9996        30.9046
     925      17.0660        31.0336
     926      16.9558        30.7190
     927      16.9594        30.5048
     928      17.0283        31.5492
     929      16.9407        31.3681
     930      16.9776        30.7186
     931      17.0307        30.1505
     932      17.0524        30.1895
     933      16.9749        30.7879
     934      16.8784        30.7223
     935      16.8709        31.4540
     936      16.9518        30.1196
     937      17.0765        31.2018
     938      16.9812        31.2801
     939      16.9775        29.3329
     940      17.0435        32.2142
     941      16.8557        30.5064
     942      16.9372        31.1966
     943      16.9413        30.1530
     944      17.1556        30.8489
     945      16.9769        29.8150
     946      17.0787        29.9168
     947      16.9955        30.9136
     948      17.1877        31.7114
     949      17.2040        31.5233
     950      17.0367        31.8511
     951      17.1286        31.5968
     952      17.0619        30.0745
     953      16.9702        30.2474
     954      16.8604        29.2162
     955      16.8412        29.2298
     956      16.9406        29.8669
     957      16.9120        29.5791
     958      16.9430        31.2589
     959      17.1787        30.8234
     960      17.1643        30.9241
     961      16.8873        29.2321
     962      17.1333        30.2281
     963      17.1144        29.7301
     964      17.0317        29.5531
     965      17.0796        32.1322
     966      17.0401        30.9260
     967      17.3095        30.8323
     968      17.0232        30.1152
     969      17.0936        30.2864
     970      16.9879        30.9064
     971      16.9797        30.6264
     972      17.1280        31.0388
     973      16.9636        30.1020
     974      17.1306        30.0554
     975      16.9600        29.1984
     976      17.0617        29.6567
     977      17.0667        29.5947
     978      17.1903        30.2133
     979      17.2245        31.4413
     980      17.0666        30.6046
     981      17.0867        31.2573
     982      17.1549        31.1227
     983      17.0200        31.1920
     984      17.1887        30.3861
     985      17.2003        31.5191
     986      17.0537        31.2094
     987      17.1066        31.8312
     988      17.2115        31.1292
     989      17.1424        31.8790
     990      17.2226        31.9726
     991      17.1698        30.3398
     992      17.1081        31.3011
     993      16.9531        31.7311
     994      17.1606        31.1799
     995      17.1624        31.6099
     996      17.0763        29.5598
     997      17.2063        30.7896
     998      17.1237        29.7506
     999      17.0251        30.3347
    1000      17.1098        29.9268
