#Residue     Extended       Bridge         3-10        Alpha           Pi         Turn         Bend
       1       0.0000       0.0000       0.0000       0.0000       0.0000       0.0000       0.0000
       2       0.1310       0.0000       0.0000       0.0000       0.0000       0.0000       0.0000
       3       1.0000       0.0000       0.0000       0.0000       0.0000       0.0000       0.0000
       4       1.0000       0.0000       0.0000       0.0000       0.0000       0.0000       0.0000
       5       1.0000       0.0000       0.0000       0.0000       0.0000       0.0000       0.0000
       6       1.0000       0.0000       0.0000       0.0000       0.0000       0.0000       0.0000
       7       0.6790       0.0000       0.0000       0.0000       0.0000       0.0000       0.3210
       8       0.6790       0.0030       0.0000       0.0000       0.0000       0.0000       0.3180
       9       0.0000       0.0000       0.0780       0.0000       0.0000       0.7060       0.2160
      10       0.0000       0.0000       0.0780       0.0000       0.0000       0.8530       0.0690
      11       0.0000       0.0000       0.0780       0.0000       0.0000       0.8200       0.1020
      12       0.6790       0.0030       0.0000       0.0000       0.0000       0.0010       0.0000
      13       0.6790       0.0000       0.0000       0.0000       0.0000       0.0000       0.3210
      14       0.6790       0.0000       0.0000       0.0000       0.0000       0.0000       0.0690
      15       0.9970       0.0000       0.0000       0.0000       0.0000       0.0000       0.0000
      16       1.0000       0.0000       0.0000       0.0000       0.0000       0.0000       0.0000
      17       1.0000       0.0000       0.0000       0.0000       0.0000       0.0000       0.0000
      18       1.0000       0.0000       0.0000       0.0000       0.0000       0.0000       0.0000
      19       0.0000       0.0000       0.0000       0.0000       0.0000       0.0000       0.9540
      20       0.0000       0.0000       0.0000       0.0000       0.0000       0.0000       1.0000
      21       0.0000       0.0000       0.0000       0.0000       0.0000       0.0000       0.0000
      22       0.0000       1.0000       0.0000       0.0000       0.0000       0.0000       0.0000
      23       0.0000       0.0000       0.0000       0.0000       0.0000       0.0000       1.0000
      24       0.0000       0.0000       0.0000       0.0000       0.0000       0.0000       0.0000
      25       0.0000       0.0000       0.0000       0.0000       0.0000       0.0000       0.1310
      26       0.0000       0.0000       0.0150       0.0030       0.0000       0.9820       0.0000
      27       0.0000       0.0000       0.0150       0.0030       0.0000       0.9820       0.0000
      28       0.0000       0.0000       0.0150       0.0030       0.0000       0.9810       0.0010
      29       0.0000       0.0000       0.0000       0.0030       0.0000       0.0000       0.0030
      30       0.0000       0.0000       0.0000       0.0000       0.0000       0.0000       0.9970
      31       0.0000       0.0010       0.0000       0.0000       0.0000       0.0000       0.0520
      32       0.0000       0.0590       0.0000       0.0000       0.0000       0.0000       0.0000
      33       0.0000       0.0000       0.0000       0.0000       0.0000       0.0000       0.4550
      34       0.9910       0.0000       0.0000       0.0000       0.0000       0.0000       0.0000
      35       1.0000       0.0000       0.0000       0.0000       0.0000       0.0000       0.0000
      36       1.0000       0.0000       0.0000       0.0000       0.0000       0.0000       0.0000
      37       0.9990       0.0000       0.0000       0.0000       0.0000       0.0000       0.0000
      38       0.9140       0.0000       0.0000       0.0000       0.0000       0.0000       0.0560
      39       0.9140       0.0100       0.0000       0.0000       0.0000       0.0000       0.0760
      40       0.8290       0.0030       0.0000       0.0000       0.0000       0.0000       0.1650
      41       0.8770       0.0000       0.0000       0.0000       0.0000       0.0000       0.0000
      42       1.0000       0.0000       0.0000       0.0000       0.0000       0.0000       0.0000
      43       1.0000       0.0000       0.0000       0.0000       0.0000       0.0000       0.0000
      44       1.0000       0.0000       0.0000       0.0000       0.0000       0.0000       0.0000
      45       1.0000       0.0000       0.0000       0.0000       0.0000       0.0000       0.0000
      46       0.8940       0.0000       0.0000       0.0000       0.0000       0.0000       0.1060
      47       0.8940       0.0000       0.0000       0.0000       0.0000       0.0000       0.1060
      48       0.0000       0.0000       0.0350       0.0000       0.0000       0.8850       0.0800
      49       0.0000       0.0000       0.0350       0.0000       0.0000       0.9340       0.0310
      50       0.0000       0.0000       0.0350       0.0000       0.0000       0.9210       0.0440
      51       0.8940       0.0000       0.0000       0.0000       0.0000       0.0000       0.0000
      52       0.8940       0.0000       0.0000       0.0000       0.0000       0.0000       0.1060
      53       0.8940       0.0000       0.0000       0.0000       0.0000       0.0000       0.0870
      54       1.0000       0.0000       0.0000       0.0000       0.0000       0.0000       0.0000
      55       1.0000       0.0000       0.0000       0.0000       0.0000       0.0000       0.0000
      56       1.0000       0.0000       0.0000       0.0000       0.0000       0.0000       0.0000
      57       1.0000       0.0000       0.0000       0.0000       0.0000       0.0000       0.0000
      58       0.8350       0.0000       0.0000       0.0000       0.0000       0.0000       0.0000
      59       0.8300       0.0000       0.0000       0.0000       0.0000       0.0000       0.1700
      60       0.9910       0.0000       0.0000       0.0000       0.0000       0.0000       0.0090
      61       1.0000       0.0000       0.0000       0.0000       0.0000       0.0000       0.0000
      62       1.0000       0.0000       0.0000       0.0000       0.0000       0.0000       0.0000
      63       0.0000       0.0000       0.0000       0.0000       0.0000       0.0000       0.9480
      64       0.0000       0.0000       0.0000       0.0000       0.0000       0.0000       0.9980
      65       0.0000       0.0000       0.8020       0.0170       0.0000       0.1390       0.0420
      66       0.0000       0.0000       0.8240       0.0170       0.0000       0.1590       0.0000
      67       0.0000       0.0000       0.8240       0.0170       0.0000       0.1590       0.0000
      68       0.0000       0.0000       0.6840       0.0170       0.0000       0.2990       0.0000
      69       0.0000       0.0000       0.0000       0.0000       0.0000       0.9970       0.0010
      70       0.0000       0.0000       0.0000       0.0000       0.0000       0.0000       0.0030
      71       0.0000       0.0000       0.0000       0.0000       0.0000       0.0000       0.5230
      72       0.0000       0.0000       0.0000       0.0000       0.0000       0.0000       0.7460
      73       0.0000       0.0000       0.0000       0.0000       0.0000       0.0010       0.9860
      74       0.0000       0.0600       0.0000       0.0000       0.0000       0.0000       0.0650
      75       0.0000       0.0000       0.0000       0.0000       0.0000       0.0000       0.0000
      76       0.0000       0.0000       0.0000       0.0000       0.0000       0.0000       0.0170
      77       0.9990       0.0000       0.0000       0.0000       0.0000       0.0000       0.0000
      78       1.0000       0.0000       0.0000       0.0000       0.0000       0.0000       0.0000
      79       1.0000       0.0000       0.0000       0.0000       0.0000       0.0000       0.0000
      80       0.9990       0.0000       0.0000       0.0000       0.0000       0.0000       0.0000
      81       0.3160       0.0000       0.0000       0.0000       0.0000       0.0000       0.0000
      82       0.0000       0.0000       0.0000       0.0000       0.0000       0.0000       0.0000
      83       0.0000       0.0000       0.0000       0.0000       0.0000       0.0000       0.0000
      84       0.0000       0.0000       0.0000       0.0000       0.0000       0.0000       0.0020
      85       0.0000       0.0000       0.0000       0.0000       0.0000       0.0060       0.9280
      86       0.0000       0.0000       0.0000       0.0000       0.0000       0.0060       0.2150
      87       0.0050       0.0010       0.0000       0.0000       0.0000       0.0000       0.0000
      88       0.9920       0.0000       0.0000       0.0000       0.0000       0.0000       0.0000
      89       1.0000       0.0000       0.0000       0.0000       0.0000       0.0000       0.0000
      90       1.0000       0.0000       0.0000       0.0000       0.0000       0.0000       0.0000
      91       1.0000       0.0000       0.0000       0.0000       0.0000       0.0000       0.0000
      92       1.0000       0.0000       0.0000       0.0000       0.0000       0.0000       0.0000
      93       0.3450       0.0000       0.0000       0.0000       0.0000       0.0000       0.6550
      94       0.3450       0.0020       0.0000       0.0000       0.0000       0.0000       0.6530
      95       0.0000       0.0000       0.2510       0.0000       0.0000       0.3760       0.3730
      96       0.0000       0.0000       0.2510       0.0000       0.0000       0.6800       0.0690
      97       0.0000       0.0000       0.2510       0.0000       0.0000       0.6240       0.1250
      98       0.3450       0.0020       0.0000       0.0000       0.0000       0.0010       0.0000
      99       0.3450       0.0000       0.0000       0.0000       0.0000       0.0000       0.6550
     100       0.3450       0.0000       0.0000       0.0000       0.0000       0.0000       0.2210
     101       0.9980       0.0000       0.0000       0.0000       0.0000       0.0000       0.0000
     102       1.0000       0.0000       0.0000       0.0000       0.0000       0.0000       0.0000
     103       1.0000       0.0000       0.0000       0.0000       0.0000       0.0000       0.0000
     104       0.9990       0.0000       0.0000       0.0000       0.0000       0.0000       0.0000
     105       0.0000       0.0000       0.0000       0.0000       0.0000       0.0000       0.9840
     106       0.0000       0.0000       0.0000       0.0000       0.0000       0.0000       1.0000
     107       0.0000       0.0000       0.0000       0.0000       0.0000       0.0000       0.0000
     108       0.0000       1.0000       0.0000       0.0000       0.0000       0.0000       0.0000
     109       0.0000       0.0000       0.0000       0.0000       0.0000       0.0010       0.9990
     110       0.0000       0.0000       0.0000       0.0000       0.0000       0.0010       0.0180
     111       0.0000       0.0000       0.3880       0.2810       0.0000       0.0290       0.2960
     112       0.0000       0.0000       0.4810       0.2810       0.0000       0.2290       0.0000
     113       0.0000       0.0000       0.4810       0.2810       0.0000       0.2140       0.0240
     114       0.0000       0.0000       0.1570       0.2810       0.0000       0.4130       0.1490
     115       0.0000       0.0000       0.0000       0.0000       0.0000       0.0000       0.3170
     116       0.0000       0.0000       0.0000       0.0000       0.0000       0.0000       0.4110
     117       0.0000       0.0000       0.0000       0.0000       0.0000       0.0000       0.3690
     118       0.0000       0.0000       0.0000       0.0000       0.0000       0.0000       0.9020
     119       0.0000       0.4780       0.0000       0.0000       0.0000       0.0000       0.0360
     120       0.0000       0.0000       0.0000       0.0000       0.0000       0.0000       0.0000
     121       0.0000       0.0000       0.0000       0.0000       0.0000       0.0000       0.0830
     122       0.9990       0.0000       0.0000       0.0000       0.0000       0.0000       0.0000
     123       1.0000       0.0000       0.0000       0.0000       0.0000       0.0000       0.0000
     124       1.0000       0.0000       0.0000       0.0000       0.0000       0.0000       0.0000
     125       0.9950       0.0000       0.0000       0.0000       0.0000       0.0000       0.0000
     126       0.8710       0.0000       0.0000       0.0000       0.0000       0.0000       0.0770
     127       0.8710       0.1210       0.0000       0.0000       0.0000       0.0000       0.0080
     128       0.0000       0.0010       0.0000       0.0000       0.0000       0.0000       0.9500
     129       0.0050       0.0000       0.0000       0.0000       0.0000       0.0000       0.0000
     130       0.9990       0.0000       0.0000       0.0000       0.0000       0.0000       0.0000
     131       1.0000       0.0000       0.0000       0.0000       0.0000       0.0000       0.0000
     132       1.0000       0.0000       0.0000       0.0000       0.0000       0.0000       0.0000
     133       1.0000       0.0000       0.0000       0.0000       0.0000       0.0000       0.0000
     134       0.6310       0.0000       0.0000       0.0000       0.0000       0.0000       0.3690
     135       0.6310       0.0000       0.0000       0.0000       0.0000       0.0000       0.3690
     136       0.0000       0.0000       0.1070       0.0000       0.0000       0.6370       0.2560
     137       0.0000       0.0000       0.1070       0.0000       0.0000       0.8290       0.0640
     138       0.0000       0.0000       0.1070       0.0000       0.0000       0.7920       0.1010
     139       0.6310       0.0000       0.0000       0.0000       0.0000       0.0000       0.0000
     140       0.6310       0.0000       0.0000       0.0000       0.0000       0.0000       0.3690
     141       0.6310       0.0000       0.0000       0.0000       0.0000       0.0000       0.1520
     142       1.0000       0.0000       0.0000       0.0000       0.0000       0.0000       0.0000
     143       1.0000       0.0000       0.0000       0.0000       0.0000       0.0000       0.0000
     144       1.0000       0.0000       0.0000       0.0000       0.0000       0.0000       0.0000
     145       0.8470       0.0000       0.0000       0.0000       0.0000       0.0000       0.0000
     146       0.0000       0.0000       0.0000       0.0000       0.0000       0.0000       0.0000
     147       0.0000       0.0000       0.0000       0.0000       0.0000       0.0000       1.0000
     148       0.9430       0.0000       0.0000       0.0000       0.0000       0.0000       0.0550
     149       1.0000       0.0000       0.0000       0.0000       0.0000       0.0000       0.0000
     150       1.0000       0.0000       0.0000       0.0000       0.0000       0.0000       0.0000
     151       0.0000       0.0000       0.0000       0.0000       0.0000       0.0000       0.7800
     152       0.0000       0.0000       0.0000       0.0000       0.0000       0.0000       0.9990
     153       0.0000       0.0000       0.7920       0.1230       0.0000       0.0820       0.0030
     154       0.0000       0.0000       0.7940       0.1230       0.0000       0.0830       0.0000
     155       0.0000       0.0000       0.7940       0.1230       0.0000       0.0830       0.0000
     156       0.0000       0.0000       0.4980       0.1230       0.0000       0.3780       0.0010
     157       0.0000       0.0000       0.0000       0.0000       0.0000       0.9940       0.0060
     158       0.0000       0.0000       0.0000       0.0000       0.0000       0.0000       0.0000
     159       0.0000       0.0000       0.0000       0.0000       0.0000       0.0000       1.0000
     160       0.0000       0.0000       0.0000       0.0000       0.0000       0.0000       0.9980
     161       0.0000       0.0000       0.0000       0.0000       0.0000       0.0000       0.5520
     162       0.0000       0.4780       0.0000       0.0000       0.0000       0.0000       0.0000
     163       0.0000       0.0000       0.0000       0.0000       0.0000       0.0000       0.0000
     164       0.0000       0.0000       0.0000       0.0000       0.0000       0.0000       0.0740
     165       1.0000       0.0000       0.0000       0.0000       0.0000       0.0000       0.0000
     166       1.0000       0.0000       0.0000       0.0000       0.0000       0.0000       0.0000
     167       1.0000       0.0000       0.0000       0.0000       0.0000       0.0000       0.0000
     168       0.9990       0.0000       0.0000       0.0000       0.0000       0.0000       0.0000
     169       0.0050       0.0000       0.0000       0.0000       0.0000       0.0000       0.0270
     170       0.0000       0.0010       0.0000       0.0000       0.0000       0.0000       0.0040
     171       0.0000       0.0000       0.0000       0.0000       0.0000       0.0080       0.4120
     172       0.0000       0.0080       0.0000       0.0000       0.0000       0.0080       0.0000
     173       0.0000       0.0010       0.0000       0.0000       0.0000       0.0000       0.0000
