#Frame        hh_dist
       1      11.5207
       2      11.1114
       3      10.9481
       4      10.8207
       5      10.7208
       6      10.8785
       7      11.0721
       8      11.2037
       9      11.0056
      10       9.9813
      11      10.6356
      12      10.9224
      13      10.4670
      14      11.0542
      15      11.3519
      16      12.0090
      17      11.7179
      18      10.3638
      19      11.3928
      20      10.6772
      21      11.2782
      22      11.0640
      23      10.7699
      24      10.9004
      25      10.8451
      26      11.6514
      27      11.7040
      28      10.9247
      29      11.7544
      30      11.0038
      31      11.4065
      32      11.5742
      33      11.0846
      34      11.0550
      35      11.0512
      36      10.5639
      37      11.1475
      38      11.6660
      39      11.4261
      40      10.1880
      41      12.2043
      42      11.2927
      43      11.1969
      44      11.2968
      45      11.5575
      46      10.7747
      47      10.9429
      48      11.1852
      49      11.6235
      50      11.5491
      51      11.5135
      52      11.6244
      53      11.5672
      54      10.7660
      55      11.1418
      56      10.8905
      57      10.5905
      58      11.6459
      59      10.9832
      60      11.0088
      61      11.1201
      62      11.5744
      63      10.8263
      64      11.1835
      65      11.0455
      66      11.6391
      67      10.9358
      68      11.8388
      69      11.8143
      70      11.7993
      71      11.6396
      72      11.2051
      73      11.5361
      74      11.6273
      75      11.3176
      76      11.2907
      77      11.1749
      78      10.5397
      79      12.0299
      80      10.5303
      81      10.7916
      82      11.1920
      83      10.9004
      84      11.6795
      85      10.7693
      86      10.3946
      87      11.4471
      88      11.1750
      89      11.0653
      90      11.3661
      91      11.8660
      92       9.9710
      93      10.9855
      94      11.3324
      95      11.2866
      96      11.7497
      97      10.9572
      98      11.2833
      99      10.9689
     100      11.2898
     101      10.7946
     102      11.0630
     103      11.4828
     104      11.6161
     105      11.3462
     106      12.8550
     107      12.5968
     108      10.9673
     109      10.8884
     110      11.3001
     111      11.1694
     112      11.9974
     113      11.3549
     114      11.5244
     115      11.2808
     116      11.5208
     117      11.2533
     118      10.7578
     119      11.4147
     120      11.1569
     121      11.7675
     122      10.1831
     123      10.1031
     124      10.3424
     125      11.5472
     126      11.8734
     127      10.7287
     128      10.8139
     129      10.9854
     130      11.0747
     131       9.8023
     132      11.5143
     133      10.5665
     134      10.6036
     135       9.8746
     136      10.5643
     137      10.4632
     138      10.7050
     139      10.8534
     140      12.1674
     141      11.1152
     142      10.9133
     143      10.4596
     144      10.5295
     145       9.2048
     146      10.1503
     147      11.3506
     148      10.0455
     149      10.7891
     150      10.6479
     151      10.4062
     152      11.0420
     153      10.7304
     154      12.2615
     155      10.0767
     156      10.6031
     157      10.3985
     158      11.8811
     159      10.5020
     160      10.5890
     161      10.5820
     162      10.2921
     163       9.9265
     164      10.6450
     165      10.1520
     166       9.8278
     167      10.7077
     168       9.9726
     169      11.5920
     170      10.8098
     171      10.8612
     172       9.8663
     173      11.1404
     174      10.7932
     175      11.1992
     176      10.8346
     177      10.5136
     178      10.4349
     179      11.7652
     180      10.8855
     181      11.0093
     182      10.1940
     183      10.0561
     184      10.9785
     185      10.7338
     186      10.9065
     187      10.2598
     188      10.7359
     189      11.1506
     190      10.0755
     191      10.9352
     192      10.2418
     193      10.1665
     194      10.6286
     195      10.4013
     196      10.7899
     197      10.0372
     198      10.7277
     199      10.7350
     200       9.6276
     201      10.3766
     202      10.5136
     203      10.0674
     204      10.0220
     205      11.3513
     206      10.6342
     207      10.8952
     208      10.4810
     209      10.8013
     210      11.3037
     211      10.3169
     212      10.4702
     213      10.8964
     214      10.7298
     215      10.7219
     216      10.0646
     217      10.5305
     218      10.4907
     219      11.8795
     220      11.0079
     221      12.0394
     222      11.2061
     223      10.4284
     224      10.9293
     225      11.0543
     226      10.8707
     227      11.0674
     228      11.3061
     229      10.4373
     230      11.2913
     231      10.0695
     232      11.0482
     233      11.7948
     234      11.4009
     235      11.1383
     236      10.3455
     237      10.8601
     238      11.8875
     239      10.6151
     240      10.9846
     241      10.1354
     242      10.5713
     243      10.7398
     244      10.5782
     245      10.0678
     246      10.1548
     247      10.2439
     248      10.0266
     249      10.3350
     250       9.9546
     251      10.0257
     252      10.7690
     253      10.9817
     254       9.5504
     255      10.6342
     256      10.4085
     257      11.3249
     258      10.9625
     259       9.3914
     260      10.7443
     261      10.7589
     262      11.0509
     263      10.6610
     264      10.0234
     265      10.8323
     266      10.3897
     267      12.6117
     268      10.4767
     269      10.5532
     270      11.0648
     271      10.5523
     272      11.5867
     273      11.1537
     274      11.4134
     275      10.6695
     276      12.1712
     277      10.8961
     278      10.7356
     279      12.1085
     280      11.6110
     281      11.2677
     282      11.0326
     283      10.6474
     284      12.2366
     285      12.6034
     286      11.0302
     287      11.9586
     288      10.2974
     289      12.1519
     290      11.6772
     291      11.0524
     292      10.5048
     293      12.1443
     294      11.3623
     295      11.4073
     296      11.1757
     297      10.3424
     298      11.6480
     299      11.8363
     300      11.8065
     301      11.4758
     302      12.4283
     303      11.0546
     304      11.5435
     305      11.0925
     306      11.0255
     307      11.3465
     308      11.9296
     309      10.5994
     310      11.1097
     311      11.2007
     312      10.5200
     313      10.1294
     314      11.2987
     315      11.0990
     316      11.7744
     317      11.5756
     318      11.4740
     319      10.7094
     320      10.9135
     321      11.5884
     322      11.4187
     323      11.6633
     324      11.8331
     325      11.1589
     326      11.2896
     327      10.8225
     328      11.3226
     329      10.9300
     330      12.0502
     331      10.9431
     332      10.7198
     333      11.2328
     334      10.9777
     335      12.4576
     336      11.8390
     337      11.1495
     338      11.0720
     339      10.8705
     340      11.1055
     341      11.7157
     342      11.1742
     343      12.1886
     344      11.2183
     345      11.5914
     346      11.4954
     347      10.9573
     348      11.8408
     349      10.6341
     350      11.4952
     351      11.0611
     352      10.5121
     353      11.5617
     354      10.9865
     355      11.1043
     356      10.8583
     357      10.8094
     358      10.9280
     359      10.6340
     360      10.9941
     361      11.4882
     362      11.0924
     363      11.6836
     364      11.9447
     365      12.0316
     366      11.1290
     367      11.9163
     368      11.2366
     369      11.2659
     370      11.2647
     371      10.9300
     372      12.1868
     373      11.0330
     374      11.8939
     375      11.3022
     376      11.1278
     377      11.1968
     378      10.7093
     379      11.4206
     380      11.9847
     381      12.0178
     382      11.5887
     383      11.0159
     384      11.7016
     385      11.3838
     386      11.8491
     387      11.8002
     388      11.1052
     389      10.1990
     390      10.9529
     391      10.9049
     392      11.4476
     393      10.5826
     394      11.4045
     395      11.9438
     396      11.4916
     397      12.3896
     398      11.9679
     399      10.6031
     400      11.0298
     401      11.6163
     402      12.6417
     403      11.4399
     404      11.8223
     405      11.3368
     406      12.1067
     407      11.5306
     408      12.2591
     409      11.9783
     410      12.0049
     411      10.8676
     412      10.0439
     413      12.1293
     414      11.9729
     415      11.4175
     416      11.8681
     417      11.9542
     418      11.0257
     419      12.3841
     420      10.9602
     421      12.5617
     422      12.2744
     423      12.4076
     424      11.7892
     425      12.7918
     426      12.1622
     427      12.1354
     428      11.6564
     429      11.4815
     430      10.6479
     431      12.4581
     432      12.5756
     433      11.8925
     434      12.3631
     435      11.2707
     436      12.6897
     437      11.8310
     438      12.9111
     439      12.4086
     440      11.6310
     441      12.6336
     442      12.8570
     443      12.7768
     444      12.3801
     445      12.7434
     446      12.4439
     447      10.7372
     448      10.7618
     449      11.2518
     450       9.8671
     451      11.1356
     452      10.3175
     453      10.2381
     454      10.5323
     455      10.5869
     456      10.7347
     457      10.9877
     458      12.0767
     459      11.7936
     460      12.0217
     461      11.7018
     462      11.6070
     463      11.7302
     464      11.9089
     465      12.0515
     466      11.8833
     467      11.6829
     468      12.0429
     469      11.9835
     470      12.0919
     471      10.8485
     472      10.3903
     473      11.6712
     474      12.1804
     475      11.6287
     476      11.9609
     477      11.7444
     478      12.7782
     479      11.6780
     480      11.4419
     481      11.8050
     482      10.5651
     483      11.6962
     484      10.4866
     485      10.8392
     486      10.7615
     487      10.6072
     488      10.5492
     489      10.7538
     490      11.2862
     491      11.1945
     492      11.6464
     493      11.4519
     494      10.8029
     495      10.2981
     496       9.9666
     497      10.7258
     498      10.5134
     499      10.8712
     500      10.4220
     501      11.0797
     502      10.5172
     503      11.7798
     504      11.9333
     505      12.5069
     506      11.6587
     507      11.0600
     508      11.5332
     509      10.3806
     510      10.9167
     511      10.0889
     512      10.7194
     513      11.8479
     514      11.4848
     515      12.2405
     516      10.9592
     517      11.7665
     518      11.9343
     519      12.5281
     520      12.4470
     521      12.2257
     522      11.7991
     523      10.7830
     524      11.2106
     525      11.5584
     526      11.0638
     527      11.5806
     528      12.1161
     529      11.7085
     530      11.5901
     531      12.2936
     532      11.7456
     533      12.5997
     534      11.3767
     535      11.8381
     536      11.3522
     537      11.7865
     538      12.2979
     539      12.9449
     540      12.0363
     541      11.4132
     542      12.0582
     543      11.9564
     544      12.3732
     545      11.8844
     546      11.9382
     547      11.9960
     548      11.8326
     549      11.4329
     550      11.5042
     551      11.9333
     552      11.8105
     553      11.8425
     554      12.2625
     555      11.8170
     556      11.7269
     557      11.9979
     558      12.1540
     559      11.8389
     560      12.1631
     561      11.2887
     562      11.6868
     563      11.8428
     564      11.9062
     565      12.0270
     566      12.1429
     567      12.4132
     568      12.5149
     569      11.8803
     570      11.2908
     571      11.4570
     572      11.4153
     573      12.1175
     574      12.2577
     575      11.7681
     576      12.0914
     577      11.8737
     578      11.8524
     579      12.2397
     580      11.5088
     581      11.6192
     582      11.7654
     583      12.2708
     584      12.4496
     585      11.8882
     586      11.4519
     587      12.1822
     588      11.1129
     589      11.5952
     590      11.6251
     591      11.4265
     592      11.0488
     593      11.2631
     594      10.3395
     595      12.0294
     596      11.3643
     597      11.9993
     598      11.6819
     599      11.5325
     600      11.6511
     601      11.6982
     602      11.3590
     603      12.9389
     604      11.9292
     605      12.2518
     606      12.3975
     607      12.3485
     608      12.1944
     609      12.7031
     610      11.5398
     611      12.0139
     612      12.6118
     613      12.4466
     614      11.4309
     615      12.7010
     616      12.4151
     617      13.0574
     618      12.1847
     619      12.5985
     620      11.9990
     621      12.1648
     622      12.6413
     623      12.4460
     624      12.0723
     625      12.5119
     626      11.3704
     627      12.4822
     628      12.5516
     629      12.0618
     630      12.3422
     631      13.1215
     632      13.0041
     633      12.8116
     634      12.5502
     635      12.2225
     636      12.5358
     637      11.9488
     638      11.8898
     639      12.2485
     640      12.5927
     641      12.3578
     642      12.3909
     643      12.3950
     644      12.6261
     645      12.8216
     646      12.1889
     647      12.2651
     648      12.3271
     649      12.9429
     650      13.0390
     651      12.9754
     652      12.2355
     653      12.4308
     654      11.8543
     655      12.5025
     656      12.7827
     657      12.4495
     658      13.0021
     659      13.2371
     660      12.7255
     661      12.9606
     662      11.4275
     663      12.1457
     664      11.9334
     665      12.6037
     666      12.4133
     667      12.0089
     668      11.6468
     669      12.5399
     670      11.7635
     671      12.5087
     672      12.0917
     673      13.2258
     674      11.0874
     675      11.1245
     676      11.6387
     677      12.5271
     678      11.7433
     679      11.3999
     680      12.2331
     681      12.3070
     682      12.3535
     683      12.2464
     684      12.1278
     685      11.8884
     686      11.3348
     687      11.9650
     688      12.3226
     689      12.0806
     690      12.4179
     691      11.5341
     692      12.1232
     693      11.7724
     694      12.2436
     695      12.4212
     696      10.8647
     697      12.5217
     698      11.8650
     699      12.4793
     700      11.5799
     701      12.2277
     702      12.2148
     703      11.5301
     704      11.9302
     705      11.8467
     706      12.1975
     707      12.6489
     708      12.4327
     709      11.6184
     710      10.8312
     711      11.4931
     712      11.6690
     713      11.0161
     714      12.0091
     715      10.9689
     716      11.3855
     717      11.2883
     718      11.1492
     719      11.4581
     720      11.5068
     721      11.4237
     722      10.7113
     723      12.0584
     724      11.1234
     725      11.5637
     726      11.7074
     727      10.8853
     728      12.1484
     729      11.3172
     730      11.4742
     731      11.5516
     732      10.8902
     733      11.0500
     734      12.5408
     735      12.6230
     736      11.5393
     737      11.3249
     738      10.9168
     739      11.1133
     740      10.4341
     741      10.9535
     742      10.7926
     743      11.3976
     744      12.0348
     745      10.8424
     746      11.0454
     747      11.0650
     748      11.3040
     749      10.7436
     750      12.1873
     751      11.7146
     752      10.9741
     753      11.1342
     754      11.5387
     755      12.0788
     756      11.2781
     757      11.8545
     758      12.0115
     759      11.1665
     760      11.1676
     761      11.3265
     762      11.6709
     763      11.5838
     764      12.1846
     765      11.5177
     766      12.3942
     767      11.5807
     768      11.2193
     769      12.2991
     770      12.9518
     771       9.6195
     772      11.4358
     773      11.9054
     774      11.1088
     775      11.2273
     776      12.5423
     777      11.7226
     778      12.6756
     779      11.6999
     780      11.2263
     781      12.3477
     782      12.1875
     783      11.7805
     784      12.1439
     785      12.0804
     786      11.9275
     787      10.6816
     788      12.5793
     789      11.9275
     790      11.8946
     791      12.5389
     792      11.9623
     793      12.2892
     794      12.4617
     795      11.7081
     796      11.3992
     797      11.3340
     798      11.0430
     799      11.4199
     800      11.4409
     801      11.8762
     802      11.6627
     803      10.8469
     804      11.6453
     805      11.5748
     806      11.4533
     807      12.0264
     808      11.5618
     809      11.3275
     810      10.8923
     811      11.5206
     812      11.3857
     813      11.3400
     814      12.0956
     815      11.5881
     816      10.9601
     817      11.8088
     818      12.0913
     819      11.9071
     820      11.7480
     821      11.7858
     822      11.9919
     823      12.2026
     824      11.5908
     825      11.6324
     826      11.4050
     827      11.3314
     828      11.6143
     829      10.8409
     830      12.0405
     831      12.2231
     832      11.3655
     833      11.1552
     834      11.1102
     835      11.7147
     836      11.8477
     837      10.4103
     838      12.2081
     839      11.6681
     840      11.4399
     841      10.5237
     842      11.4151
     843      10.5639
     844      10.7938
     845      11.0587
     846      11.2290
     847      11.7172
     848      12.0985
     849      11.5255
     850      11.2260
     851      11.4546
     852      11.7180
     853      11.0523
     854      11.4197
     855      10.7246
     856      11.5806
     857      11.5936
     858      11.0772
     859      11.4201
     860      11.8647
     861      11.3409
     862      11.6423
     863      11.8997
     864      10.9548
     865      11.4336
     866      11.8785
     867      11.8235
     868      11.7372
     869      11.9201
     870      11.5245
     871      11.4856
     872      10.8044
     873      11.8906
     874      11.1292
     875      11.0836
     876      11.0261
     877      11.3103
     878      12.1958
     879      11.8103
     880      11.2308
     881      11.8383
     882      11.7723
     883      11.5180
     884      11.4843
     885      11.5689
     886      11.1866
     887      11.3214
     888      11.9682
     889      11.3180
     890      10.2805
     891      11.3437
     892      11.0442
     893      11.4889
     894      10.9242
     895      10.7786
     896      11.0805
     897      10.6603
     898      11.2591
     899      10.6710
     900      11.0608
     901      10.9339
     902      10.7204
     903      10.7227
     904      10.6909
     905      11.4853
     906      10.7245
     907      11.3565
     908       9.7509
     909      10.7390
     910      11.4312
     911      11.0993
     912      12.1103
     913      10.5964
     914      11.0943
     915       9.9687
     916      10.8200
     917      10.9007
     918      11.9002
     919      11.8335
     920      11.7117
     921      12.0200
     922      12.1138
     923      11.4105
     924      10.7308
     925      12.3207
     926      10.7220
     927      10.7100
     928      10.9536
     929      11.2002
     930      10.9793
     931      10.8129
     932      11.4521
     933      11.8751
     934      10.9158
     935      12.2825
     936      11.8630
     937      10.5826
     938      10.9823
     939      11.4527
     940      11.5984
     941      11.2716
     942      10.5125
     943      10.7960
     944      10.8910
     945      11.6316
     946      11.4445
     947      10.5912
     948      10.5906
     949      12.2544
     950      10.6514
     951      11.3940
     952      11.6505
     953      11.0651
     954      12.3220
     955      11.3886
     956      11.6248
     957      10.3421
     958      12.1571
     959      11.6063
     960      11.2899
     961      11.5271
     962      12.0760
     963      12.1866
     964      12.0835
     965      11.7479
     966      12.0653
     967      10.6528
     968      12.1363
     969      12.2330
     970      11.2787
     971      11.7384
     972      12.0240
     973      11.9471
     974      12.2520
     975      12.0473
     976      12.3481
     977      11.9950
     978      11.8890
     979      12.6284
     980      12.5024
     981      12.6449
     982      12.3104
     983      12.5694
     984      12.6596
     985      11.7650
     986      11.1801
     987      11.4365
     988      11.5314
     989      11.1731
     990      11.0963
     991      10.1308
     992      12.0097
     993      10.3769
     994      11.1789
     995      10.8291
     996      10.1024
     997       9.7386
     998      10.2229
     999      10.6887
    1000      11.0953
