#Frame   domain_distance
       1         24.8470
       2         24.8376
       3         25.5019
       4         25.0458
       5         24.8401
       6         25.1193
       7         24.9119
       8         24.8276
       9         24.9006
      10         24.8509
      11         25.6344
      12         25.5771
      13         25.4861
      14         25.1202
      15         25.2114
      16         25.5720
      17         25.5276
      18         26.0962
      19         25.3576
      20         25.2834
      21         25.0695
      22         25.2384
      23         25.8959
      24         25.5129
      25         26.0645
      26         25.6239
      27         25.0313
      28         25.5331
      29         25.3952
      30         25.0785
      31         25.9473
      32         25.6865
      33         25.5867
      34         25.6291
      35         25.5222
      36         25.5464
      37         25.9568
      38         25.4803
      39         25.7917
      40         26.0316
      41         25.6085
      42         25.7569
      43         25.5189
      44         25.6350
      45         25.2626
      46         25.8498
      47         25.7543
      48         25.2828
      49         25.4506
      50         25.6009
      51         25.8659
      52         25.5698
      53         25.5667
      54         25.5632
      55         25.9267
      56         25.8650
      57         26.1426
      58         26.1198
      59         26.0403
      60         25.5876
      61         25.3101
      62         25.8275
      63         25.6409
      64         25.1032
      65         25.8929
      66         25.9402
      67         25.5883
      68         26.3785
      69         26.2222
      70         25.8412
      71         26.0296
      72         25.5027
      73         26.2868
      74         25.8268
      75         25.2919
      76         25.3376
      77         25.5587
      78         25.9763
      79         25.6652
      80         25.9008
      81         25.9191
      82         25.8082
      83         25.5218
      84         25.8302
      85         26.6036
      86         26.5065
      87         25.7576
      88         26.0341
      89         25.8788
      90         26.1993
      91         25.6437
      92         25.8571
      93         25.6276
      94         25.5891
      95         26.1317
      96         25.9639
      97         25.7963
      98         25.5239
      99         25.8952
     100         25.4319
     101         25.8498
     102         25.7347
     103         25.6833
     104         25.9292
     105         26.6144
     106         25.9633
     107         25.6615
     108         26.3507
     109         26.2370
     110         26.0093
     111         26.4611
     112         26.5210
     113         26.2723
     114         25.9092
     115         25.8031
     116         25.8873
     117         25.6836
     118         26.1134
     119         25.8103
     120         25.3381
     121         25.7477
     122         25.1580
     123         26.0582
     124         25.3036
     125         26.1283
     126         26.2156
     127         26.0737
     128         26.3471
     129         25.5028
     130         25.9457
     131         25.4566
     132         26.0991
     133         25.9876
     134         25.5365
     135         25.7334
     136         25.8117
     137         25.8944
     138         26.4388
     139         26.5286
     140         26.0258
     141         25.7591
     142         26.2933
     143         26.2983
     144         25.6881
     145         25.9802
     146         25.9588
     147         25.8287
     148         25.9633
     149         26.1540
     150         26.1195
     151         26.4838
     152         26.1259
     153         26.6426
     154         26.3872
     155         26.0724
     156         26.5447
     157         26.1327
     158         25.6686
     159         25.5856
     160         25.8372
     161         25.6275
     162         25.2411
     163         25.7798
     164         25.8282
     165         25.8849
     166         25.4469
     167         25.8422
     168         26.0518
     169         25.7430
     170         25.8866
     171         25.9448
     172         25.3282
     173         25.2524
     174         25.5717
     175         25.7937
     176         26.5007
     177         26.1290
     178         26.4342
     179         26.1225
     180         25.8704
     181         25.9449
     182         25.9956
     183         25.6602
     184         25.8416
     185         25.7532
     186         26.5080
     187         26.0704
     188         26.2586
     189         26.6106
     190         25.6721
     191         25.6336
     192         25.6023
     193         25.3935
     194         25.8000
     195         25.8535
     196         25.6830
     197         25.3648
     198         25.8315
     199         25.9671
     200         25.5438
     201         25.7100
     202         25.4493
     203         25.5037
     204         25.4219
     205         25.5244
     206         25.0917
     207         25.0861
     208         25.3166
     209         25.8373
     210         25.7527
     211         25.6952
     212         25.8259
     213         25.7711
     214         25.1368
     215         25.9813
     216         25.2575
     217         25.4506
     218         25.4699
     219         25.5023
     220         25.5492
     221         25.2800
     222         25.6369
     223         25.7273
     224         26.4963
     225         25.6416
     226         25.6000
     227         25.5846
     228         25.4572
     229         26.1396
     230         25.7693
     231         25.6320
     232         26.1915
     233         25.5843
     234         25.5387
     235         24.8088
     236         25.3468
     237         25.6049
     238         25.1283
     239         25.4317
     240         26.2451
     241         25.6422
     242         25.2568
     243         24.9774
     244         25.5498
     245         25.6315
     246         25.3199
     247         25.3811
     248         25.7571
     249         25.7203
     250         25.1952
     251         25.7938
     252         25.2726
     253         25.5054
     254         25.4479
     255         26.1704
     256         26.0378
     257         25.5763
     258         25.7982
     259         25.5209
     260         25.3690
     261         25.4974
     262         25.8603
     263         25.5861
     264         26.0865
     265         25.9645
     266         25.2830
     267         25.2533
     268         26.2100
     269         25.7891
     270         25.6972
     271         25.0101
     272         25.5220
     273         25.3547
     274         25.5788
     275         26.2170
     276         25.5784
     277         25.8668
     278         25.6839
     279         25.0151
     280         25.2961
     281         25.4950
     282         25.7772
     283         24.9547
     284         25.5049
     285         25.5660
     286         25.6652
     287         25.4935
     288         25.8182
     289         25.7997
     290         26.1629
     291         24.9108
     292         25.3891
     293         25.1675
     294         25.5848
     295         25.5404
     296         26.2924
     297         25.9474
     298         25.6953
     299         25.4985
     300         25.7191
     301         25.3844
     302         25.3134
     303         25.5958
     304         25.6320
     305         25.5092
     306         25.3696
     307         25.5885
     308         25.6116
     309         25.4925
     310         25.6871
     311         25.3772
     312         26.0090
     313         25.6986
     314         25.7484
     315         25.3531
     316         25.3572
     317         25.8135
     318         25.5339
     319         25.3978
     320         25.7523
     321         25.8914
     322         25.6884
     323         26.0612
     324         25.5672
     325         25.6890
     326         25.9287
     327         25.7396
     328         25.5638
     329         25.7062
     330         25.2651
     331         25.8515
     332         26.3033
     333         25.7995
     334         25.5798
     335         25.4728
     336         25.9849
     337         26.3126
     338         25.8069
     339         25.8934
     340         26.3074
     341         26.2209
     342         25.9262
     343         26.3113
     344         25.5659
     345         26.1397
     346         26.1915
     347         26.4332
     348         25.8430
     349         25.6361
     350         26.0744
     351         26.0096
     352         26.1706
     353         25.8799
     354         25.6047
     355         25.7461
     356         25.3595
     357         25.5040
     358         25.7942
     359         25.6910
     360         25.7802
     361         25.5674
     362         25.6333
     363         26.1317
     364         26.2627
     365         26.4668
     366         26.0035
     367         26.0750
     368         25.3924
     369         25.7972
     370         25.5423
     371         26.0535
     372         25.9888
     373         26.1661
     374         25.7472
     375         25.5720
     376         25.6528
     377         25.7955
     378         25.9200
     379         25.5997
     380         25.7039
     381         25.6394
     382         25.7389
     383         25.5714
     384         25.1530
     385         25.8058
     386         25.4064
     387         25.6358
     388         25.6067
     389         25.1891
     390         26.1135
     391         25.9992
     392         25.2072
     393         25.6665
     394         24.8703
     395         25.3642
     396         25.5201
     397         25.5051
     398         25.8621
     399         25.3592
     400         25.6901
     401         26.0397
     402         25.6909
     403         26.0291
     404         25.6958
     405         25.4362
     406         25.5399
     407         25.8951
     408         25.6173
     409         25.7499
     410         25.4378
     411         25.5383
     412         25.5330
     413         26.1410
     414         25.8516
     415         25.4819
     416         25.3503
     417         26.2627
     418         25.5564
     419         25.9468
     420         25.6409
     421         25.6912
     422         25.7540
     423         25.5772
     424         25.5818
     425         25.4546
     426         25.7822
     427         25.3623
     428         26.2547
     429         26.2286
     430         25.8742
     431         25.3880
     432         25.3713
     433         25.3620
     434         25.3948
     435         25.7234
     436         25.7789
     437         25.5228
     438         25.3898
     439         26.2757
     440         25.7449
     441         25.7154
     442         25.5104
     443         26.2804
     444         25.6744
     445         26.0521
     446         25.4981
     447         25.9329
     448         26.1271
     449         25.6538
     450         25.2598
     451         25.4832
     452         25.6211
     453         26.4109
     454         25.1258
     455         25.7897
     456         25.5154
     457         25.5937
     458         25.0353
     459         25.5059
     460         25.2375
     461         25.4248
     462         25.3722
     463         25.5653
     464         24.7567
     465         24.5964
     466         24.5498
     467         25.0272
     468         24.9120
     469         25.1224
     470         24.8675
     471         25.2477
     472         25.0942
     473         24.8101
     474         25.0416
     475         24.8529
     476         24.8282
     477         24.7169
     478         24.6904
     479         24.8675
     480         25.1678
     481         24.7495
     482         24.7537
     483         25.1740
     484         24.8189
     485         25.1831
     486         25.1500
     487         25.1432
     488         25.6020
     489         25.0810
     490         25.0582
     491         25.1701
     492         25.6346
     493         25.2563
     494         25.2885
     495         25.5702
     496         25.2735
     497         25.0305
     498         25.5751
     499         24.8832
     500         24.4413
     501         24.8823
     502         24.7379
     503         24.8639
     504         25.4767
     505         24.8223
     506         25.6129
     507         25.8630
     508         25.6055
     509         25.4977
     510         25.4329
     511         25.0159
     512         25.2332
     513         25.7144
     514         25.2518
     515         25.1059
     516         25.1257
     517         25.1919
     518         25.6213
     519         25.2230
     520         25.1932
     521         25.3905
     522         25.2279
     523         25.2485
     524         25.1705
     525         25.4150
     526         25.2860
     527         25.2559
     528         25.2212
     529         25.1332
     530         25.1101
     531         25.1233
     532         25.1850
     533         24.9671
     534         25.5691
     535         25.7363
     536         25.9376
     537         25.2534
     538         25.6083
     539         25.0329
     540         25.5110
     541         25.6973
     542         25.8732
     543         26.0021
     544         25.8958
     545         25.6730
     546         25.9622
     547         26.0384
     548         25.8545
     549         25.3193
     550         25.1960
     551         25.7053
     552         25.7527
     553         25.2846
     554         25.2428
     555         25.0809
     556         25.2308
     557         25.6537
     558         25.9617
     559         25.4185
     560         25.3575
     561         25.6506
     562         25.4261
     563         25.8410
     564         25.3262
     565         24.9161
     566         25.1464
     567         25.0516
     568         25.2753
     569         25.5342
     570         25.0671
     571         25.2629
     572         25.2784
     573         25.7438
     574         24.9073
     575         24.7206
     576         24.9431
     577         25.2307
     578         24.8857
     579         25.3119
     580         24.9644
     581         24.9025
     582         24.7536
     583         25.0137
     584         25.1555
     585         25.2843
     586         24.8008
     587         24.7352
     588         25.4925
     589         25.3015
     590         24.5226
     591         24.9164
     592         25.2246
     593         25.4966
     594         25.2425
     595         25.1778
     596         25.5151
     597         25.4656
     598         25.4499
     599         25.4593
     600         25.1088
     601         25.6848
     602         25.5346
     603         25.6239
     604         25.9335
     605         25.7265
     606         25.8096
     607         25.5693
     608         25.9212
     609         25.7790
     610         25.4232
     611         25.8200
     612         26.0468
     613         25.9510
     614         25.8292
     615         25.7738
     616         25.1671
     617         25.2047
     618         25.9179
     619         25.9576
     620         26.6548
     621         26.0866
     622         25.2262
     623         25.5906
     624         25.3194
     625         26.0323
     626         25.5806
     627         25.9854
     628         25.7872
     629         25.8509
     630         25.3975
     631         25.5901
     632         25.5764
     633         25.5872
     634         25.4626
     635         25.2136
     636         25.1720
     637         25.0278
     638         24.8495
     639         25.0796
     640         25.0802
     641         25.0197
     642         24.8935
     643         25.0797
     644         25.2293
     645         25.2338
     646         25.3646
     647         26.1145
     648         25.6401
     649         25.9566
     650         25.5699
     651         26.2094
     652         25.8740
     653         25.6338
     654         25.7633
     655         25.4850
     656         25.9723
     657         25.2285
     658         25.3408
     659         25.6011
     660         25.0798
     661         24.7839
     662         25.3335
     663         25.7284
     664         25.2452
     665         25.4625
     666         25.7835
     667         25.0157
     668         25.1825
     669         25.1575
     670         25.4956
     671         25.6345
     672         25.9329
     673         25.9531
     674         25.3185
     675         26.0030
     676         25.6947
     677         25.7598
     678         25.4590
     679         25.6155
     680         25.4397
     681         25.7486
     682         25.6451
     683         25.5913
     684         25.6489
     685         25.4453
     686         26.0714
     687         26.3177
     688         25.6741
     689         25.6882
     690         25.4569
     691         25.7216
     692         25.0437
     693         25.0130
     694         25.7699
     695         25.0686
     696         24.8875
     697         25.6406
     698         25.4715
     699         25.5167
     700         25.1591
     701         25.2539
     702         25.8072
     703         25.2491
     704         25.5327
     705         25.5625
     706         25.5153
     707         25.1827
     708         25.4432
     709         25.7145
     710         25.6768
     711         25.6026
     712         25.6146
     713         25.9713
     714         25.6290
     715         25.4039
     716         25.7206
     717         25.6786
     718         25.4300
     719         25.5703
     720         25.6581
     721         25.3951
     722         26.1478
     723         25.5216
     724         25.2931
     725         25.6745
     726         25.4465
     727         25.2384
     728         25.2976
     729         25.7200
     730         25.2115
     731         25.2774
     732         25.8989
     733         25.6445
     734         25.6278
     735         25.6207
     736         25.4291
     737         25.6279
     738         25.3997
     739         25.6517
     740         25.4022
     741         25.6242
     742         25.8596
     743         25.7940
     744         25.6904
     745         25.6735
     746         25.4998
     747         25.9432
     748         25.4979
     749         25.6179
     750         25.8345
     751         25.4605
     752         26.0424
     753         25.7006
     754         25.5600
     755         25.4799
     756         25.8986
     757         25.8137
     758         25.6844
     759         25.5567
     760         25.4124
     761         25.5304
     762         25.5357
     763         25.9233
     764         25.4521
     765         25.6552
     766         25.8439
     767         25.8380
     768         25.7037
     769         25.5013
     770         25.4836
     771         25.4794
     772         25.3612
     773         24.9572
     774         25.7644
     775         25.6704
     776         24.8529
     777         25.1813
     778         24.9515
     779         24.9991
     780         24.5140
     781         24.8373
     782         24.9084
     783         25.7000
     784         25.8298
     785         25.3631
     786         25.4540
     787         25.5572
     788         25.2009
     789         25.8298
     790         25.4283
     791         25.8167
     792         25.7425
     793         25.5429
     794         25.2520
     795         24.9596
     796         25.4189
     797         24.8724
     798         25.3140
     799         25.3012
     800         25.6853
     801         25.2703
     802         25.7590
     803         25.4813
     804         25.3666
     805         25.1620
     806         25.5173
     807         25.5392
     808         25.0696
     809         25.2177
     810         25.1022
     811         25.1689
     812         24.8942
     813         25.1702
     814         25.0039
     815         24.4858
     816         24.9130
     817         24.7689
     818         24.7744
     819         24.8124
     820         24.8566
     821         24.7774
     822         24.8046
     823         24.9622
     824         24.7052
     825         24.6645
     826         24.9462
     827         25.3565
     828         24.9811
     829         24.6430
     830         24.6791
     831         25.0401
     832         25.0645
     833         24.9995
     834         25.4252
     835         24.9791
     836         24.6472
     837         24.4848
     838         24.9759
     839         24.5190
     840         24.8996
     841         25.0881
     842         24.8788
     843         24.8065
     844         24.7111
     845         25.0808
     846         24.9973
     847         24.7082
     848         24.8671
     849         24.6265
     850         24.9141
     851         24.9429
     852         24.6779
     853         24.5711
     854         24.5623
     855         25.2741
     856         24.7348
     857         24.5868
     858         24.9412
     859         25.1432
     860         24.7386
     861         25.0205
     862         25.0297
     863         25.2778
     864         24.8201
     865         24.9624
     866         24.8729
     867         24.7829
     868         24.8559
     869         24.5327
     870         24.5725
     871         24.6272
     872         25.2102
     873         24.9439
     874         24.6358
     875         25.0083
     876         24.8822
     877         24.4802
     878         24.5780
     879         24.8901
     880         24.8093
     881         24.4743
     882         24.7109
     883         24.8826
     884         25.7964
     885         25.4889
     886         25.0271
     887         25.1652
     888         25.1646
     889         25.0972
     890         25.5912
     891         25.0502
     892         25.0292
     893         25.0039
     894         25.1295
     895         24.9585
     896         25.1510
     897         25.0110
     898         24.9921
     899         24.7972
     900         24.6807
     901         24.3685
     902         24.8598
     903         24.6979
     904         24.7933
     905         24.8529
     906         24.9105
     907         24.8113
     908         25.1550
     909         24.8794
     910         25.2707
     911         24.6660
     912         25.1436
     913         24.9261
     914         25.2069
     915         25.0687
     916         24.9913
     917         25.8679
     918         25.3335
     919         25.1311
     920         25.2705
     921         25.3402
     922         25.0833
     923         24.8455
     924         24.6358
     925         24.6968
     926         25.1484
     927         24.5334
     928         24.9077
     929         24.5935
     930         25.0470
     931         25.1384
     932         24.4252
     933         24.6760
     934         24.4631
     935         24.5591
     936         25.1052
     937         24.7710
     938         25.2022
     939         25.0478
     940         25.2266
     941         24.9728
     942         25.0405
     943         25.0283
     944         25.1288
     945         24.8671
     946         24.9446
     947         25.0915
     948         25.2151
     949         25.2600
     950         25.2821
     951         25.5714
     952         25.7093
     953         25.7332
     954         25.3612
     955         25.1959
     956         25.6663
     957         25.6108
     958         25.0646
     959         25.1020
     960         25.1885
     961         25.0520
     962         24.6159
     963         24.8177
     964         25.1508
     965         25.0724
     966         24.7927
     967         24.9120
     968         25.1958
     969         25.1483
     970         24.9327
     971         25.2758
     972         25.2165
     973         25.3680
     974         25.6810
     975         25.6057
     976         25.2718
     977         25.1346
     978         25.5582
     979         25.7457
     980         25.3183
     981         25.5969
     982         25.7716
     983         25.5728
     984         25.4465
     985         25.0610
     986         25.6962
     987         25.5776
     988         25.1175
     989         24.9157
     990         25.4020
     991         24.9942
     992         24.7531
     993         24.9279
     994         25.0136
     995         24.6143
     996         25.1743
     997         24.7330
     998         24.7322
     999         24.8243
    1000         25.6496
