#Frame        o_angle
       1      20.6137
       2      17.5410
       3      20.8880
       4      20.9873
       5      22.2738
       6      18.5824
       7      19.8373
       8      18.6938
       9      23.1571
      10      22.6340
      11      20.8584
      12      23.6256
      13      21.1484
      14      20.2634
      15      19.9454
      16      19.6872
      17      20.9816
      18      22.7265
      19      20.2699
      20      21.9641
      21      20.2260
      22      21.6986
      23      23.0176
      24      19.7348
      25      21.7150
      26      23.2432
      27      21.8421
      28      20.0918
      29      20.6569
      30      21.5743
      31      21.0491
      32      20.9892
      33      20.9369
      34      24.9112
      35      23.4816
      36      23.2351
      37      25.7778
      38      23.6770
      39      25.4259
      40      24.5807
      41      24.8759
      42      25.1481
      43      25.7526
      44      24.5697
      45      24.5475
      46      24.3741
      47      22.7800
      48      23.6371
      49      22.3414
      50      23.1350
      51      22.9056
      52      22.2693
      53      22.3790
      54      20.9805
      55      22.6083
      56      22.7876
      57      24.8174
      58      22.0340
      59      22.8502
      60      21.8847
      61      20.6255
      62      24.3925
      63      20.5221
      64      21.1513
      65      17.5968
      66      20.4326
      67      19.1391
      68      19.0079
      69      18.6141
      70      16.8949
      71      28.3586
      72      24.1728
      73      21.9321
      74      24.1841
      75      23.1711
      76      26.5825
      77      22.9444
      78      24.2736
      79      24.7379
      80      27.0987
      81      26.1699
      82      29.8155
      83      25.8621
      84      26.0609
      85      26.8583
      86      29.3522
      87      28.0148
      88      26.8450
      89      26.3471
      90      23.6132
      91      24.0123
      92      23.4941
      93      25.7902
      94      21.0730
      95      18.6561
      96      16.3899
      97      19.0491
      98      19.2521
      99      18.1886
     100      15.8649
     101      16.4340
     102      18.9894
     103      20.0868
     104      19.2816
     105      20.3251
     106      21.4708
     107      24.0810
     108      28.3349
     109      24.9473
     110      25.2429
     111      16.6179
     112      17.6239
     113      16.5863
     114      14.2625
     115      17.7503
     116      21.6274
     117      16.7563
     118      19.4940
     119      17.7230
     120      17.4793
     121      18.9645
     122      21.3736
     123      16.6579
     124      15.2015
     125      17.8371
     126      22.5375
     127      24.0148
     128      22.2816
     129      19.8812
     130      20.8931
     131      21.4180
     132      24.4940
     133      23.4605
     134      21.4840
     135      22.8658
     136      24.2986
     137      28.6373
     138      21.5633
     139      23.5825
     140      21.9437
     141      23.7963
     142      20.8578
     143      23.1059
     144      23.5556
     145      19.5297
     146      25.6209
     147      24.9598
     148      21.6685
     149      26.6573
     150      24.6966
     151      23.5005
     152      24.2770
     153      25.0120
     154      28.9072
     155      28.7953
     156      24.5597
     157      26.4351
     158      26.7489
     159      25.9609
     160      26.2786
     161      25.9463
     162      25.8693
     163      24.0012
     164      24.8911
     165      30.1692
     166      26.4132
     167      25.8331
     168      29.1568
     169      26.5798
     170      25.0248
     171      28.1933
     172      26.3226
     173      24.8963
     174      25.4215
     175      25.1255
     176      25.1342
     177      26.8709
     178      28.0884
     179      28.3714
     180      28.8103
     181      28.8772
     182      26.2166
     183      25.5792
     184      24.0059
     185      24.2711
     186      25.1341
     187      23.0785
     188      28.3879
     189      26.5885
     190      27.1573
     191      25.3817
     192      31.6513
     193      26.5173
     194      25.7009
     195      24.9303
     196      27.5692
     197      23.6407
     198      27.4061
     199      25.0992
     200      24.6551
     201      24.1935
     202      26.9295
     203      23.5259
     204      28.5956
     205      27.2206
     206      24.8785
     207      29.1995
     208      25.7955
     209      24.6956
     210      22.7707
     211      25.0859
     212      23.4472
     213      25.1091
     214      26.0862
     215      25.7920
     216      22.8744
     217      28.2966
     218      27.6335
     219      26.8413
     220      26.6716
     221      27.5413
     222      25.0010
     223      26.7909
     224      27.7473
     225      26.2281
     226      25.6409
     227      22.3849
     228      25.6865
     229      23.1392
     230      26.9786
     231      29.7986
     232      27.9069
     233      26.5268
     234      26.8617
     235      26.5328
     236      29.4868
     237      29.2000
     238      25.9693
     239      24.9688
     240      21.7182
     241      28.5544
     242      25.0391
     243      26.9229
     244      24.4933
     245      24.9002
     246      26.3563
     247      27.2040
     248      25.1586
     249      29.4050
     250      25.4029
     251      27.4956
     252      25.9224
     253      25.0828
     254      25.0521
     255      28.3928
     256      27.4472
     257      27.6738
     258      25.8730
     259      25.1456
     260      27.3393
     261      27.0907
     262      27.5549
     263      27.0429
     264      26.7526
     265      24.8515
     266      26.2281
     267      26.9520
     268      28.5407
     269      28.3679
     270      27.1670
     271      26.2121
     272      26.7751
     273      27.8397
     274      29.0865
     275      24.4812
     276      28.7892
     277      29.6398
     278      25.5970
     279      28.1994
     280      26.3580
     281      26.5590
     282      25.6073
     283      25.3856
     284      27.2251
     285      28.8887
     286      26.4990
     287      26.2740
     288      27.6518
     289      26.6558
     290      25.8969
     291      29.9658
     292      26.5015
     293      27.2835
     294      28.4577
     295      29.8300
     296      28.3624
     297      28.7985
     298      29.8009
     299      24.8646
     300      26.3694
     301      24.9699
     302      24.9050
     303      22.4414
     304      17.8760
     305      26.3115
     306      26.6461
     307      24.9256
     308      28.1999
     309      23.3306
     310      25.6512
     311      26.8253
     312      29.5161
     313      29.5148
     314      25.2208
     315      27.7612
     316      26.5388
     317      24.8743
     318      27.0546
     319      27.9031
     320      27.1220
     321      30.3068
     322      28.7442
     323      29.4785
     324      25.4678
     325      25.1878
     326      27.1605
     327      25.4440
     328      30.1550
     329      34.9729
     330      28.0509
     331      25.9175
     332      26.4041
     333      23.9939
     334      28.4669
     335      27.2604
     336      27.6165
     337      29.2901
     338      28.4080
     339      24.7983
     340      24.3940
     341      26.9333
     342      27.8938
     343      27.1889
     344      26.0881
     345      26.7360
     346      26.8093
     347      28.5392
     348      28.4768
     349      30.9944
     350      30.6228
     351      30.7875
     352      26.2917
     353      28.1832
     354      30.5634
     355      30.0478
     356      31.3495
     357      27.0187
     358      30.3200
     359      25.7259
     360      25.4034
     361      29.5883
     362      27.8265
     363      28.3477
     364      25.4849
     365      30.7484
     366      27.4814
     367      29.7282
     368      28.2805
     369      29.7561
     370      24.9388
     371      25.1332
     372      22.0634
     373      23.5909
     374      26.0380
     375      26.0291
     376      27.9287
     377      27.6596
     378      24.2030
     379      29.5434
     380      26.5337
     381      29.4139
     382      26.3567
     383      24.2945
     384      28.5910
     385      27.6760
     386      29.7469
     387      29.4294
     388      25.9857
     389      28.5809
     390      29.2476
     391      28.6470
     392      25.1794
     393      27.5950
     394      27.5409
     395      29.2439
     396      29.8013
     397      29.3563
     398      27.5715
     399      28.5953
     400      30.1138
     401      30.5935
     402      27.4857
     403      32.4768
     404      29.3842
     405      29.8346
     406      28.4908
     407      30.5484
     408      28.9257
     409      29.0975
     410      28.6801
     411      27.0076
     412      25.8773
     413      29.2233
     414      29.1508
     415      27.2775
     416      30.3283
     417      28.0589
     418      26.7276
     419      31.6330
     420      28.0386
     421      29.0744
     422      29.5939
     423      34.2323
     424      32.7328
     425      33.3368
     426      32.4446
     427      31.9640
     428      31.3144
     429      30.8700
     430      31.6966
     431      28.6212
     432      33.6614
     433      29.6657
     434      30.2440
     435      27.8753
     436      26.6659
     437      30.7196
     438      31.3693
     439      30.6232
     440      29.5138
     441      34.0966
     442      31.3410
     443      31.7181
     444      29.7531
     445      30.9242
     446      30.0709
     447      27.1972
     448      27.4122
     449      30.0789
     450      28.8128
     451      30.7555
     452      29.5111
     453      29.9544
     454      30.6440
     455      26.5169
     456      28.7636
     457      24.2875
     458      28.1988
     459      26.0544
     460      25.9562
     461      28.4422
     462      31.2174
     463      27.3987
     464      30.9605
     465      27.2703
     466      28.3962
     467      29.2650
     468      25.9013
     469      25.7632
     470      24.2500
     471      25.6346
     472      29.2986
     473      29.9298
     474      31.2665
     475      28.6173
     476      31.0764
     477      28.8670
     478      28.4081
     479      28.6877
     480      30.9280
     481      26.2171
     482      29.9272
     483      30.1304
     484      28.3117
     485      29.2832
     486      27.0999
     487      27.6706
     488      29.1042
     489      27.0481
     490      31.7419
     491      29.7337
     492      26.4232
     493      28.5632
     494      28.6731
     495      29.2630
     496      29.6091
     497      31.8535
     498      28.9303
     499      26.8729
     500      29.0189
     501      31.3363
     502      24.4549
     503      30.9683
     504      27.1303
     505      26.9827
     506      26.7067
     507      28.9820
     508      25.9304
     509      24.1639
     510      28.3151
     511      23.5541
     512      21.7691
     513      22.0162
     514      23.9310
     515      22.1008
     516      23.0108
     517      21.8060
     518      25.2973
     519      23.4501
     520      22.8832
     521      24.9568
     522      24.3350
     523      24.9219
     524      27.4222
     525      27.4022
     526      24.8665
     527      23.3984
     528      29.1667
     529      24.5809
     530      26.0313
     531      28.0977
     532      23.3956
     533      26.8348
     534      23.4426
     535      27.8276
     536      28.2922
     537      27.4784
     538      29.1531
     539      27.6458
     540      25.4185
     541      27.7366
     542      28.3514
     543      28.6249
     544      30.7374
     545      27.8656
     546      29.6401
     547      30.3242
     548      26.5478
     549      28.4639
     550      24.6729
     551      28.9062
     552      28.2383
     553      28.3221
     554      28.7601
     555      29.4619
     556      29.1644
     557      29.5652
     558      31.8244
     559      27.3123
     560      25.2331
     561      26.0376
     562      27.6370
     563      26.2001
     564      25.3388
     565      22.5819
     566      21.7848
     567      25.1342
     568      25.0653
     569      27.9182
     570      26.9353
     571      28.3354
     572      22.1070
     573      25.7461
     574      21.4572
     575      22.2666
     576      22.7837
     577      24.8868
     578      23.8215
     579      24.9092
     580      24.1497
     581      22.9685
     582      22.8594
     583      22.9839
     584      25.2865
     585      23.3862
     586      27.1966
     587      23.7154
     588      24.5851
     589      22.2707
     590      26.6013
     591      25.1816
     592      23.8467
     593      28.4818
     594      25.0421
     595      22.3700
     596      24.9013
     597      26.0312
     598      27.4880
     599      25.3522
     600      27.8529
     601      25.5806
     602      25.4966
     603      28.4231
     604      27.4470
     605      28.2695
     606      25.4909
     607      29.6772
     608      26.8148
     609      26.7856
     610      28.2601
     611      27.1677
     612      26.3309
     613      24.5074
     614      25.2508
     615      30.3986
     616      27.3005
     617      27.0273
     618      27.1642
     619      26.7550
     620      24.9848
     621      25.6309
     622      26.2222
     623      26.0419
     624      28.9907
     625      27.8613
     626      28.4570
     627      28.2726
     628      30.3617
     629      30.1345
     630      25.2268
     631      26.3303
     632      29.7410
     633      28.1090
     634      25.8130
     635      28.0448
     636      27.2591
     637      28.4964
     638      27.5111
     639      28.2965
     640      26.2057
     641      29.1616
     642      26.6639
     643      22.7101
     644      26.2359
     645      25.1087
     646      26.7922
     647      27.6230
     648      27.5676
     649      25.4436
     650      27.4793
     651      26.5695
     652      26.5949
     653      24.0554
     654      26.0122
     655      27.6846
     656      25.4902
     657      25.7340
     658      26.2423
     659      27.1242
     660      25.7322
     661      24.5297
     662      25.9147
     663      31.2106
     664      26.2746
     665      22.9723
     666      25.0141
     667      28.9525
     668      26.3357
     669      30.8277
     670      32.5420
     671      27.3941
     672      27.3899
     673      29.4680
     674      28.9883
     675      27.4763
     676      33.4612
     677      28.7215
     678      28.8487
     679      29.5409
     680      30.3322
     681      28.6187
     682      29.6923
     683      26.9571
     684      28.5131
     685      30.7000
     686      29.3244
     687      31.2836
     688      27.9502
     689      26.0122
     690      26.6875
     691      31.4494
     692      27.1333
     693      26.9941
     694      29.2678
     695      22.2265
     696      28.8291
     697      28.9016
     698      28.8744
     699      29.2525
     700      27.6562
     701      26.0432
     702      26.7070
     703      29.0644
     704      27.5481
     705      22.8675
     706      26.5773
     707      26.6768
     708      26.9398
     709      30.6226
     710      25.3611
     711      28.0164
     712      27.9343
     713      26.0510
     714      28.6320
     715      27.3470
     716      27.1761
     717      27.2207
     718      28.2528
     719      28.2429
     720      29.0145
     721      28.5874
     722      26.8093
     723      25.8508
     724      27.8673
     725      27.3120
     726      28.1098
     727      27.3608
     728      26.9737
     729      27.0848
     730      28.9238
     731      32.2488
     732      28.9263
     733      28.6368
     734      28.6677
     735      28.9665
     736      27.6698
     737      26.9096
     738      28.9662
     739      27.8760
     740      30.3639
     741      27.4165
     742      27.0978
     743      27.6297
     744      28.9406
     745      25.8909
     746      26.3384
     747      28.4507
     748      26.2691
     749      29.5296
     750      28.2154
     751      31.4622
     752      30.9787
     753      24.8748
     754      29.3858
     755      26.5763
     756      26.8979
     757      27.4949
     758      26.1188
     759      25.5800
     760      28.2890
     761      28.1990
     762      29.4421
     763      26.8696
     764      29.4981
     765      26.6648
     766      29.3584
     767      27.8729
     768      29.2373
     769      29.8464
     770      29.2887
     771      30.3187
     772      24.2242
     773      24.9431
     774      28.1782
     775      28.1237
     776      29.1759
     777      30.3275
     778      28.5206
     779      29.3261
     780      30.0712
     781      29.7156
     782      29.7056
     783      24.6982
     784      29.4079
     785      27.0409
     786      30.3144
     787      28.1615
     788      25.8805
     789      26.3259
     790      29.8648
     791      25.3576
     792      27.4699
     793      30.7227
     794      25.3621
     795      25.9759
     796      25.9937
     797      27.2694
     798      28.3951
     799      27.7038
     800      25.6669
     801      29.0338
     802      28.8454
     803      29.9495
     804      29.2679
     805      25.5060
     806      29.5572
     807      28.5452
     808      29.6616
     809      27.8007
     810      26.4335
     811      25.5854
     812      29.0825
     813      27.7386
     814      31.8703
     815      30.9718
     816      28.0385
     817      28.8322
     818      31.8388
     819      30.0274
     820      29.1268
     821      30.1412
     822      28.7399
     823      31.9555
     824      29.3600
     825      30.4809
     826      30.9238
     827      28.6754
     828      28.7053
     829      28.9572
     830      28.9336
     831      29.5848
     832      27.9540
     833      23.8474
     834      27.3288
     835      26.3164
     836      23.8068
     837      26.5902
     838      30.0557
     839      27.4709
     840      29.1943
     841      26.5122
     842      25.4236
     843      29.2631
     844      25.4181
     845      27.6458
     846      30.4815
     847      28.9032
     848      27.8075
     849      30.7403
     850      28.9478
     851      28.5630
     852      30.1771
     853      32.7227
     854      27.8404
     855      30.9563
     856      28.9900
     857      29.2594
     858      29.0960
     859      28.4867
     860      30.9598
     861      29.3178
     862      26.9153
     863      29.1076
     864      28.6125
     865      26.4346
     866      28.2955
     867      25.0585
     868      30.4987
     869      30.2493
     870      26.9823
     871      29.3990
     872      29.4944
     873      28.2283
     874      30.9961
     875      29.3875
     876      29.4773
     877      31.8122
     878      30.3125
     879      31.3581
     880      29.3099
     881      27.2837
     882      28.7152
     883      26.6500
     884      31.5960
     885      29.3441
     886      31.0483
     887      31.8308
     888      30.4979
     889      27.6129
     890      30.8424
     891      29.1155
     892      32.1596
     893      31.6178
     894      28.9944
     895      28.3874
     896      28.8099
     897      29.8606
     898      31.7847
     899      28.1551
     900      32.7701
     901      27.8782
     902      30.1057
     903      28.5534
     904      30.5720
     905      28.3859
     906      28.2832
     907      27.6570
     908      30.4487
     909      29.9049
     910      30.0549
     911      30.8548
     912      28.4059
     913      29.9971
     914      30.0300
     915      29.1025
     916      29.5149
     917      31.3771
     918      29.8536
     919      30.3606
     920      28.0783
     921      28.1476
     922      28.5209
     923      27.1490
     924      28.8611
     925      28.3229
     926      30.3228
     927      26.8243
     928      27.9572
     929      27.4710
     930      27.3280
     931      31.4909
     932      27.2267
     933      28.7571
     934      25.7654
     935      25.1194
     936      25.3551
     937      25.2342
     938      24.3865
     939      26.9273
     940      23.2967
     941      27.2458
     942      27.0084
     943      26.5407
     944      27.0716
     945      24.3002
     946      27.1178
     947      22.7915
     948      23.2923
     949      25.3076
     950      27.5592
     951      25.7785
     952      25.0176
     953      27.1859
     954      25.3489
     955      20.3360
     956      19.0608
     957      22.5481
     958      21.2365
     959      20.4463
     960      24.7310
     961      23.1088
     962      25.4999
     963      23.2333
     964      21.5061
     965      22.1252
     966      23.6958
     967      25.3279
     968      18.5086
     969      21.4013
     970      25.8855
     971      25.5617
     972      25.4094
     973      26.2832
     974      24.6305
     975      25.9364
     976      24.5049
     977      27.7840
     978      23.4173
     979      25.1114
     980      26.6410
     981      27.1416
     982      26.1410
     983      25.8893
     984      22.5942
     985      26.6140
     986      27.7869
     987      25.0919
     988      25.0974
     989      24.0311
     990      24.1652
     991      26.0906
     992      26.0536
     993      24.7213
     994      24.4157
     995      25.1580
     996      27.7395
     997      24.0600
     998      27.7550
     999      27.9990
    1000      24.7338
