#Frame        phi:121      psi:121
       1    -115.9181      -3.4245
       2    -113.4202      -8.1107
       3    -134.4637      -2.1848
       4    -129.9015     -35.7633
       5    -117.0156     -28.2883
       6    -118.2007       1.0425
       7    -131.5329      -6.7615
       8    -111.1063       8.7754
       9    -115.3489     -19.5931
      10    -130.1659     -22.8492
      11    -130.5148      -8.6099
      12    -115.5371      -1.4944
      13    -118.3236      -6.6402
      14    -136.5921       2.4489
      15    -110.1752     -10.1480
      16    -110.8816     -14.9334
      17    -104.1355     -13.0253
      18    -121.3158      -5.4169
      19    -138.5319      -5.8127
      20    -113.5487      -8.9900
      21    -109.3652      -5.9779
      22    -111.5416      -6.8894
      23    -137.7662      -1.7139
      24    -115.1456      -7.1416
      25    -121.4062      -0.2356
      26    -120.1519       7.5902
      27    -135.9693       1.2156
      28    -101.3508     -12.5195
      29    -118.1924       4.7692
      30    -100.4322     -15.9136
      31    -106.7926      10.7364
      32    -107.0847     -13.2599
      33    -122.9496      -3.2450
      34    -129.3192      -7.5471
      35    -130.9590       2.8994
      36    -131.8673      -3.0111
      37    -100.2806     -22.0952
      38    -110.4978     -17.6110
      39     -86.9304      -8.1586
      40    -101.5686      -0.5918
      41    -124.8589      -0.2528
      42    -117.9535     -21.4133
      43    -113.9074     -20.7590
      44    -102.9136       2.8284
      45    -123.9043      -1.1398
      46    -121.8427      -8.4296
      47    -108.8371      -7.4785
      48    -113.0175     -18.7759
      49    -118.5635     -18.9428
      50    -112.7168       0.8391
      51    -116.9710      -2.2813
      52    -129.1308     -15.6594
      53    -139.7994       4.9478
      54    -126.1586      -3.3163
      55    -134.4389      -9.8065
      56    -110.3415     -11.7498
      57    -127.4194     -30.4946
      58    -113.3124     -20.2238
      59    -122.3054      -1.4736
      60    -128.0341     -23.2030
      61    -137.2809      -7.9640
      62    -112.7812       5.6265
      63    -128.8536     -18.1890
      64    -111.9128     -13.9407
      65    -131.2091      12.1786
      66    -107.0198      -5.3008
      67    -121.2608       1.5749
      68    -135.7645      -8.8650
      69    -129.7452      -7.8615
      70    -133.0917      -9.3148
      71    -144.6449     -13.9386
      72    -119.2734     -11.5231
      73    -128.2340      -9.6217
      74    -124.7549      -2.0694
      75    -108.3341     -16.0303
      76    -119.5247     -19.7644
      77    -110.8694     -28.7740
      78    -112.7206     -17.5900
      79    -137.5949      -4.4764
      80    -119.6107     -18.0661
      81    -116.4707      -9.5419
      82    -124.8053       2.8471
      83    -101.8940     -14.3170
      84    -132.6042      -6.8234
      85    -121.8177      -0.4779
      86    -136.7318     -14.7379
      87    -122.7431       0.1614
      88    -128.4678       6.6655
      89    -125.0968     -15.4537
      90    -119.7955      -5.8905
      91    -121.8118     -15.0570
      92    -137.2406       0.0235
      93    -121.7869      -3.4033
      94    -113.8128      -1.9844
      95    -128.0369      -8.4375
      96     -93.1431     -23.3043
      97    -112.1920      -1.3173
      98    -123.1676      -8.8865
      99    -123.5019     -11.7149
     100    -129.0969     -31.4478
     101    -122.0848     -12.4053
     102    -117.5554     -15.3793
     103    -112.8473     -12.7364
     104    -127.0385       3.0773
     105    -124.2076      -7.5454
     106    -108.3053     -10.5987
     107    -136.1078      -3.1162
     108    -117.2671     -10.2436
     109    -119.2731       8.2237
     110    -140.2157     -15.7720
     111    -137.6275      -8.4653
     112    -137.7971       9.7581
     113    -126.5012     -15.5531
     114    -130.0097     -14.7848
     115    -117.2754      -3.9255
     116    -118.7759      -1.6351
     117    -134.8354     -12.8634
     118    -108.4054     -20.9320
     119    -127.0374     -12.0019
     120    -130.3247      -6.8207
     121    -134.3676       2.4741
     122    -110.9259     -20.1554
     123    -123.9187     -12.1730
     124    -138.8199      -4.4671
     125    -127.4528      -3.5311
     126    -130.2890      -9.3502
     127    -121.9899     -10.8334
     128    -132.9184       4.2642
     129    -116.5301     -28.1887
     130    -109.3935     -12.5460
     131    -124.6624     -13.7253
     132    -109.2365     -42.7605
     133    -133.9117       6.5787
     134    -114.5345      -7.0666
     135    -133.3056       1.5679
     136    -125.5710     -11.4089
     137    -139.2363     -16.0758
     138    -130.6658      -8.0682
     139    -140.4585      -5.5263
     140    -141.1744       1.0306
     141    -115.5272       3.3115
     142    -132.0775     -11.9030
     143    -127.6096     -13.0578
     144    -113.8239      -6.4802
     145    -119.9605      -7.7039
     146    -130.0444     -16.1225
     147    -119.5504       4.9340
     148    -127.4387     -17.2203
     149    -135.8909       2.1058
     150    -129.1882      -6.8531
     151    -129.3183      -0.1897
     152    -119.7845       1.5101
     153    -123.8855      -7.8312
     154    -145.6311      -9.1268
     155    -117.1483      -8.7002
     156    -116.6791      -8.6193
     157    -137.8114     -13.9178
     158    -117.3161      -6.7603
     159    -113.2862      -1.1066
     160    -126.8826      -2.1053
     161    -124.4448     -30.9498
     162    -134.9386      -1.0747
     163    -128.5648      -4.1083
     164    -109.1756     -22.1797
     165    -117.0632     -16.5977
     166    -117.5810     -11.5210
     167    -122.7511     -29.2825
     168    -118.1329      -7.7004
     169    -143.4521       1.0500
     170    -125.1994     -13.0900
     171    -119.2519      -4.6454
     172    -127.6103       0.7318
     173    -103.6135       2.7596
     174    -135.0287       5.3353
     175    -145.9040      -0.4013
     176    -130.3751      -5.1920
     177    -112.0218       4.0946
     178    -123.7004     -20.1469
     179    -129.0262     -16.1658
     180    -125.5794       9.4768
     181    -119.3797       8.1755
     182    -147.1608      -5.9013
     183    -132.0972       4.3063
     184    -145.2707       5.3455
     185    -129.0170      -6.4283
     186    -145.7647     -13.9005
     187    -119.4280       5.5349
     188    -127.8554      -2.2981
     189    -126.8798      -4.6821
     190    -126.1277       3.5919
     191    -122.3526     -15.6505
     192    -109.3481      -7.0471
     193    -126.5876     -23.2192
     194    -111.8087     -22.8307
     195    -140.9454       8.0438
     196    -129.7712     -16.2505
     197    -115.4784     -17.0762
     198    -125.6483      14.7891
     199    -132.0223       0.2965
     200    -141.7423      -3.5414
     201    -114.2823     -35.9195
     202    -132.6014      -3.0350
     203    -122.0715      -3.4032
     204    -126.3575     -11.1996
     205    -123.8259       8.5780
     206    -124.8723     -14.9509
     207     -97.5608     -16.8241
     208    -123.0665       4.3040
     209    -124.3651       9.1910
     210    -130.8885       9.4784
     211    -127.2967      -8.4703
     212    -129.1866      -6.9126
     213    -125.2570     -15.7784
     214    -123.4846      -8.5251
     215    -133.9925       5.1390
     216    -132.9620      -5.7501
     217    -133.4053      -5.2316
     218    -132.4341      -0.3511
     219    -131.6395      -2.3211
     220    -115.3765     -10.9172
     221    -142.0335      12.0114
     222    -115.8744      -6.6050
     223    -135.6534      -8.5152
     224    -142.8786       3.0783
     225    -128.1318     -15.4230
     226    -126.4143     -12.5799
     227    -112.4579     -33.3188
     228    -132.4948     -24.9221
     229    -131.4982      -4.2626
     230    -115.8471      -3.4198
     231    -118.3631      -0.5234
     232    -123.6061     -18.8135
     233    -122.8906      11.2800
     234    -139.9241       7.0999
     235    -114.9164     -11.8283
     236    -117.9077      -9.0216
     237    -130.0088     -19.2874
     238    -136.6742     -19.6018
     239    -117.3822     -16.3794
     240    -113.9958     -14.9010
     241    -123.8948      -6.8091
     242    -132.6425      -4.3829
     243    -134.6808      -1.4876
     244    -123.8489     -11.9682
     245    -117.0588     -21.5074
     246    -127.2709     -13.6626
     247    -109.5455     -25.5736
     248    -115.2239      -4.1551
     249    -138.2723      -1.5511
     250    -143.1413      -0.9834
     251    -128.3390     -11.6297
     252    -125.8337      -1.7382
     253    -126.5592     -22.1394
     254    -103.0252     -22.5406
     255    -125.0521     -26.8330
     256    -109.0318     -25.6189
     257    -127.6300       0.4126
     258    -140.0906      -2.3876
     259    -130.1072     -29.3731
     260    -129.7544       2.0213
     261    -118.0138     -14.4513
     262    -137.9771      -5.4723
     263    -107.0641     -24.7074
     264    -119.2811       0.5421
     265    -108.3055     -28.6103
     266    -100.6626       3.8345
     267    -125.8824      -8.3499
     268    -119.7497     -25.8474
     269    -113.5511     -12.4818
     270    -120.8752     -12.6166
     271    -128.6950      -9.1093
     272    -116.2329     -10.5658
     273    -121.3917     -12.3750
     274     -99.6503     -11.9204
     275    -143.5683      -9.6007
     276    -125.8138     -12.0936
     277    -141.8475     -11.7503
     278    -138.3345      -1.7629
     279    -113.7510     -21.1740
     280    -125.3809     -20.7670
     281    -122.0675     -22.6471
     282    -133.9263     -15.7468
     283    -127.0769     -20.6579
     284    -125.6904     -12.4913
     285    -121.2427     -12.9055
     286    -141.5046      -6.8215
     287    -122.2961     -14.9130
     288    -108.4915     -23.0496
     289    -120.6512      -3.8304
     290    -135.7866      -3.9145
     291    -130.5127       0.5072
     292    -113.9599      -3.9515
     293    -123.9576     -32.9896
     294    -120.5274     -11.3121
     295    -119.6744     -11.6081
     296    -128.9282     -12.4243
     297    -126.6860       5.2875
     298    -117.3348       7.5103
     299    -119.0949     -13.7282
     300    -117.9724      -9.7637
     301    -108.4523     -11.4563
     302    -115.3488     -22.3658
     303    -120.2033      -7.4014
     304    -111.7501     -14.4590
     305     -82.4322     -11.6862
     306    -121.1582      -3.4545
     307    -122.3070       1.4614
     308    -117.4937      -8.6580
     309    -116.7367     -19.1885
     310    -112.7636      -0.6679
     311    -114.7490      -9.9917
     312    -112.9028     -18.3534
     313    -129.1251     -10.6274
     314    -112.6451       8.2760
     315    -118.5292     -15.8844
     316    -116.8440      -6.1318
     317    -108.9150     -16.7838
     318    -134.6544      -1.0708
     319    -112.9945     -25.1428
     320    -129.2177     -15.3046
     321    -130.1469      -1.1768
     322    -125.3577      -6.0477
     323     -92.9235      -3.7591
     324     -98.7815      -9.1432
     325    -124.4523      -9.9152
     326    -109.2833      -7.0693
     327    -100.2911      -4.0491
     328    -120.3466     -14.1892
     329    -114.5729      -9.5061
     330    -128.9187     -18.1018
     331    -104.1333      -6.3893
     332    -117.8824     -19.9184
     333    -124.2739     -11.9970
     334    -123.7304      -6.7865
     335    -114.5323      -9.1271
     336    -116.6472      -2.8757
     337    -105.4149     -25.6358
     338    -117.7759      -5.1852
     339    -122.2462       4.4949
     340    -131.0994     -11.5505
     341    -127.0495      -4.7053
     342    -116.2588     -20.0479
     343    -120.0477     -14.2989
     344    -121.1879      -8.9946
     345    -115.4401     -20.6349
     346    -116.9403      -9.9137
     347    -125.6314     -14.0407
     348    -114.1136     -19.0962
     349    -111.9440     -11.7279
     350    -131.1275     -12.8346
     351    -112.6365      -5.9141
     352    -122.0932      -5.8176
     353    -127.5204      -7.1582
     354    -118.0785      -6.8937
     355    -121.9408       9.5648
     356    -119.9861      -0.9099
     357    -109.3789     -13.3821
     358    -118.7023     -13.6073
     359    -107.3150     -17.1226
     360    -128.4623       8.2209
     361    -122.5838     -19.3878
     362    -108.3966     -22.1619
     363    -127.8990      -9.6689
     364    -127.6505     -15.7438
     365    -117.6565     -12.1252
     366    -142.7825     -10.7028
     367    -127.5112      -3.9388
     368    -116.3071     -14.8064
     369    -119.9097      -5.9281
     370    -106.7030     -23.6902
     371    -112.1920     -31.8950
     372    -122.2307      -1.0517
     373    -131.2937     -16.9156
     374    -132.5429       0.5598
     375    -110.3704      -1.8368
     376    -120.0806       8.0489
     377    -130.4835       6.4879
     378    -139.3520      -9.9102
     379    -148.5135     -19.9097
     380    -125.8030      -3.7750
     381    -148.2908      -1.8467
     382    -129.3265     -19.7126
     383    -136.2691     -39.2475
     384    -136.3503     -10.8665
     385    -140.3062     -22.9522
     386    -142.3339     -24.7255
     387    -138.7587       9.6442
     388    -134.5280      -9.1654
     389    -135.0612       8.1528
     390    -139.1581      -0.7634
     391    -134.8368     -13.5987
     392    -126.9087      -6.5113
     393    -148.5940      10.4309
     394    -113.1479     -18.3615
     395    -140.5279      22.2808
     396    -122.4142     -19.3328
     397    -144.4123      13.0337
     398    -126.4155     -23.6744
     399    -111.2364     -10.8446
     400    -149.7490     -13.4425
     401    -139.6030     -29.2065
     402    -128.9784      -5.8536
     403    -132.6745      -4.3647
     404    -140.4799     -14.2525
     405    -135.8426      -1.5431
     406    -113.9064     -11.7746
     407    -109.6015     -28.9998
     408    -123.5213     -14.2364
     409    -132.1031      -3.0853
     410    -133.4543      -8.6798
     411    -118.9276      -5.9108
     412    -113.3629     -18.6036
     413    -114.0497     -25.7455
     414    -132.7201      -2.6369
     415    -125.6847      -2.4385
     416     -98.3773      12.6537
     417    -114.8514      -8.4935
     418    -132.0127     -12.4543
     419    -109.9760      -0.4187
     420    -132.9876      -8.1061
     421    -111.5292     -11.0661
     422    -111.0246     -11.8198
     423    -135.1800       0.5247
     424    -124.5984       1.8485
     425    -130.5108       2.6809
     426    -103.5227      -0.5857
     427    -119.0150     -15.1404
     428    -119.0618      -1.5765
     429    -124.8416      -8.3875
     430    -117.9346       0.2083
     431     -98.9290     -25.6023
     432    -130.9819       3.4190
     433    -124.2496     -30.3541
     434    -112.2665      -4.0452
     435    -102.8367       2.1008
     436    -136.5201      -5.7444
     437    -120.3897       2.6965
     438    -121.7212      -5.2797
     439    -108.8244     -27.8565
     440    -145.2262     -15.5480
     441    -144.1450      -2.6880
     442    -123.1223      -8.1030
     443    -120.2876      -2.5636
     444    -122.6905     -15.1753
     445    -129.6616      -7.5020
     446    -133.9403     -16.9484
     447    -113.0319      10.0079
     448    -109.8538      -5.8128
     449    -122.0197     -19.0895
     450    -129.8474     -15.2002
     451    -125.2329     -16.0092
     452    -119.8475      -5.0604
     453    -126.2441       1.4415
     454    -105.4658     -19.9461
     455    -103.7360      -6.5511
     456    -108.3820       2.0666
     457    -101.6340     -25.7048
     458    -102.4303     -10.0535
     459    -131.3568     -19.5776
     460    -101.4293      -8.5860
     461    -127.5160     -16.6181
     462    -113.6710      -9.7262
     463     -87.3064     -21.3397
     464    -130.8446      -9.1400
     465     -88.4413     -13.2889
     466    -136.2507      -1.6172
     467    -136.5773      -0.0077
     468    -112.6606      -2.5229
     469    -132.1897      -4.2309
     470    -118.4023     -11.9480
     471    -128.6022     -14.6909
     472    -141.3790      -5.4413
     473    -110.4504     -15.7650
     474    -122.1221       3.5586
     475    -108.8753      -9.1999
     476    -128.2529      -8.5350
     477    -117.8924     -36.2321
     478    -126.5733     -20.2822
     479    -127.0084      -0.0981
     480    -107.5716     -21.3825
     481    -110.5279      -3.0481
     482    -148.6451       2.2614
     483    -121.0014     -10.1623
     484    -116.5778      -7.0275
     485    -125.6224      -1.7312
     486    -121.6230      -7.6321
     487    -125.6474     -19.0317
     488    -114.6654      -7.1901
     489     -95.1075     -23.8141
     490    -132.5389       8.8311
     491    -141.6001       2.2640
     492    -139.4062      -2.8777
     493    -110.0365      -7.9884
     494    -121.1228     -12.0063
     495    -116.8775      -7.1965
     496    -120.5801      -0.7719
     497    -140.7244      -5.7400
     498    -127.4990     -14.0467
     499    -134.2070       4.8023
     500    -120.5912      -5.5038
     501    -116.6688     -20.2771
     502    -136.0414      -1.4276
     503    -103.6878       4.0010
     504    -115.6153       1.5801
     505    -130.9510      -6.5046
     506    -121.2647     -18.4046
     507    -141.2312     -15.1635
     508    -126.6197      -4.2890
     509    -131.4297      -7.6695
     510    -133.7792       0.7178
     511    -102.8565     -10.5987
     512    -113.8699      -1.9361
     513    -119.5580      -2.2185
     514    -107.1836     -11.1081
     515    -130.8637     -10.4047
     516    -124.2357       1.2871
     517    -109.6300     -14.8322
     518    -109.3962     -20.8860
     519    -113.1065     -14.9266
     520    -125.9789      -0.8878
     521    -114.5012     -14.8643
     522    -133.8622     -20.9922
     523    -136.2753      -1.9001
     524    -129.1645      -4.3678
     525     -92.0149     -14.1797
     526    -125.8654      -9.1199
     527    -140.0110     -24.9718
     528    -130.3960      -3.9875
     529    -130.5357     -10.2445
     530    -135.7583     -13.6482
     531    -124.4757     -27.7729
     532    -103.9751      -5.4792
     533    -120.9890     -28.9507
     534    -113.9746     -22.3378
     535    -109.3451       4.0244
     536     -95.7008     -12.1238
     537    -112.9339      -1.3945
     538     -96.5606      -3.1437
     539    -102.6519      -6.0378
     540    -112.5820      -6.5610
     541    -127.4425      -2.6028
     542    -106.9910      -6.8083
     543    -107.2013       3.6218
     544     -99.9852     -13.8854
     545    -129.0416      -5.2199
     546    -108.3251      -9.9368
     547     -94.6097     -12.0566
     548    -118.7230     -17.1786
     549     -93.2776     -17.6337
     550    -138.7752     -17.3141
     551    -126.2782     -19.2770
     552    -109.7649     -16.9399
     553    -100.0950      -3.5667
     554    -112.0644      -1.2452
     555    -113.3259       4.6380
     556    -103.0268     -22.7017
     557    -129.8549     -15.7777
     558    -123.5901     -17.6965
     559    -120.7708     -18.5530
     560    -108.6912     -11.8873
     561    -138.2709      -2.3306
     562    -113.5957       1.5314
     563    -104.0810      -5.6363
     564    -108.0186      -7.3497
     565    -104.8788      -1.8623
     566     -98.9186      -2.3243
     567    -117.4480       3.4186
     568    -117.9967      -7.5919
     569    -124.0498      -4.8752
     570    -130.5112      -4.7662
     571    -140.6065     -13.9500
     572    -113.9887     -18.2522
     573    -106.6921      -3.8235
     574    -110.6752      -6.3175
     575    -139.1032      -1.9154
     576    -139.1663       6.9449
     577    -120.8051     -11.1618
     578    -132.1889      -5.3610
     579    -132.4067     -17.2853
     580    -126.7805      -4.9462
     581    -141.4990       3.0135
     582    -121.2882     -10.2954
     583    -121.5064     -15.4543
     584    -127.1606      19.2112
     585    -135.4577       4.7178
     586    -117.9101     -16.9264
     587    -139.1086     -13.1952
     588    -118.3736      -3.6441
     589    -119.4532      -2.8837
     590    -122.7940      -7.0732
     591    -125.9121     -14.3084
     592    -136.7833       3.9527
     593    -132.1509     -19.3972
     594    -129.3328      -9.9880
     595    -120.1339      -9.6163
     596    -118.0590      -2.5669
     597    -125.4501     -14.0074
     598    -130.7526      -1.4246
     599    -134.3215      -2.5668
     600    -134.3986       8.6351
     601    -119.5083     -16.0083
     602    -137.7834       1.9456
     603    -116.4508      13.6995
     604    -140.8261      -8.3149
     605    -110.6588       5.2906
     606    -117.6595      -4.0038
     607    -129.4131       3.0895
     608    -134.2171      -4.0677
     609    -140.4926     -10.5591
     610    -128.8907       2.9031
     611    -125.5885      -8.1975
     612    -138.8449     -19.6195
     613    -131.3050     -19.6583
     614    -127.9947       1.1658
     615    -120.5505     -43.1982
     616    -128.3371       4.4985
     617    -109.6459     -12.0886
     618    -119.9437       8.6880
     619    -104.0027     -10.9465
     620    -123.1703       0.8547
     621    -123.1725      -2.0753
     622    -102.1739     -11.0176
     623    -118.2394      12.5933
     624    -127.0709      -1.4038
     625    -132.2559     -11.1261
     626    -130.5436     -21.0490
     627    -139.9879      -9.4934
     628    -109.1785     -13.4615
     629    -122.4161     -13.0902
     630    -126.1601     -10.8620
     631    -121.6947      -5.8170
     632    -124.5168      -3.2731
     633    -123.0439      13.0515
     634    -115.8831      -7.4837
     635    -114.9105       3.1464
     636    -108.4148       0.5416
     637    -139.8749     -15.9642
     638    -110.7860     -19.4954
     639    -113.6150     -24.7243
     640    -151.6341       4.0339
     641    -112.1708     -10.4844
     642    -117.4693      -4.0320
     643    -109.7205     -31.6431
     644    -119.5266     -13.8940
     645     -99.1783     -14.6467
     646    -109.8593     -22.2805
     647    -126.3346     -10.6176
     648    -104.8856      -1.6512
     649    -112.9764     -19.3071
     650    -114.4797     -32.9890
     651    -115.4935     -22.0877
     652    -131.1745      -6.4421
     653    -102.1030     -26.7705
     654    -125.2494     -13.4979
     655    -125.7196     -25.4059
     656    -115.7169     -18.3369
     657    -133.4692      -2.1287
     658    -133.7171     -26.7564
     659    -126.3413     -19.3795
     660    -132.3442       6.1441
     661    -129.0160      -8.5818
     662    -128.6142       7.7927
     663    -126.4300     -15.2283
     664    -132.1473      -3.8081
     665    -135.3877      -6.1839
     666    -107.3605     -28.9672
     667    -138.1187     -21.9836
     668    -119.5004      -3.0790
     669    -126.0670      -3.0434
     670    -146.5164     -14.9765
     671    -114.9254     -18.0472
     672    -123.5833      -9.5925
     673    -110.9052     -24.6628
     674    -114.2596       1.8441
     675    -114.7897       3.2270
     676    -118.2646     -31.4165
     677    -126.0742      -7.4505
     678    -117.7569     -14.4431
     679    -123.2865     -11.8785
     680    -136.7444      -7.3215
     681    -133.1670       1.3615
     682    -147.2084      11.5959
     683    -134.8764     -10.3288
     684    -127.4430     -12.1123
     685    -115.5108     -13.3052
     686     -96.8167     -30.2446
     687    -122.2541     -13.7983
     688    -133.5890     -11.8653
     689    -138.2945     -14.4658
     690    -133.0901       8.3650
     691    -121.7655     -20.7996
     692    -138.2094       4.7127
     693    -127.2122      -5.5302
     694    -109.7093      -9.8206
     695    -133.3723      -2.4522
     696    -134.2767       4.4502
     697    -130.3985     -13.4286
     698    -134.4516      -4.9944
     699    -133.9284      -9.1073
     700    -122.2040      -8.9398
     701    -109.3217     -23.6317
     702    -133.4875     -27.5902
     703    -126.7392      -6.6105
     704    -130.6569     -19.6780
     705    -136.7798      -3.3790
     706    -122.0001     -16.8470
     707    -121.0989       0.0378
     708    -122.9823       0.0422
     709    -128.2217     -26.9909
     710    -114.3789     -14.5344
     711    -119.8045     -17.9315
     712    -128.8939     -13.1397
     713    -129.4195      -5.4133
     714    -129.0602     -12.5921
     715     -98.9388     -22.9712
     716    -139.9954       4.2076
     717    -134.8940     -18.6673
     718    -122.2544      -8.3266
     719    -131.1995       0.1930
     720    -116.1231      -3.8007
     721    -146.4851      17.3703
     722    -123.3062       4.7820
     723    -150.9972      11.0210
     724    -131.4324      -4.1712
     725    -135.1605     -25.2229
     726    -119.7421     -14.3862
     727    -118.4248      -2.7194
     728    -110.0827     -13.5236
     729    -111.5612     -29.1844
     730    -116.2222     -34.0182
     731    -125.3651     -15.2445
     732    -119.2760     -23.8186
     733    -142.7778     -26.9545
     734    -123.2463      -5.6019
     735    -124.3832       1.2432
     736    -137.1349      -7.5749
     737    -139.2129     -16.6627
     738    -122.2192      -8.1648
     739    -136.1609       0.2244
     740    -110.1658     -28.3223
     741    -145.4010     -41.0609
     742    -116.5838     -10.0007
     743    -127.2464      -1.5535
     744    -124.0824     -17.9466
     745    -114.3794       6.3866
     746    -120.8013     -15.5661
     747    -117.1483     -14.1645
     748    -121.7898      -6.3485
     749    -141.7004      -9.5398
     750    -135.7247     -22.4992
     751    -117.8198      -8.1249
     752    -129.9342     -33.8898
     753    -122.1084      -7.2844
     754    -102.0280     -20.2870
     755    -136.5665     -28.4485
     756    -116.1507     -23.6343
     757    -118.1752     -25.4105
     758    -105.8337      -5.1691
     759    -122.4706     -12.4878
     760    -106.3466      -9.9974
     761    -130.3210      12.3676
     762    -119.1161      -7.6968
     763    -100.4831     -23.5057
     764    -135.0201      -8.7021
     765    -122.1951      -8.1612
     766    -121.4185      -4.7171
     767    -106.5560      -3.1697
     768    -131.5948     -15.1775
     769    -129.9840     -11.6423
     770    -127.2226     -16.9874
     771    -133.0119      -2.4627
     772    -131.3608     -11.9228
     773    -121.6599     -16.1547
     774    -139.7010     -21.9876
     775    -110.8763      -9.2539
     776    -149.3031     -22.5150
     777    -117.2189      -4.7096
     778    -120.0283     -19.1518
     779    -121.5818     -18.7496
     780    -102.6012     -23.8549
     781    -118.2451     -16.7341
     782    -125.2774     -20.1516
     783    -128.7961       6.6332
     784    -121.0822     -10.5641
     785    -122.0550     -22.3523
     786    -125.5253      -8.4420
     787    -132.0436      -1.4532
     788    -122.1935      -7.8824
     789    -124.7711     -18.7976
     790    -128.1950     -19.6226
     791    -135.0696       2.4000
     792    -123.2466     -14.5177
     793    -125.1398     -17.0605
     794    -120.3124      -8.0274
     795    -107.4128     -25.7018
     796    -109.6529     -15.7585
     797    -126.7951     -21.6819
     798    -124.6710      -6.5137
     799    -126.6046     -25.2657
     800    -124.8437     -15.1719
     801    -144.0100      -1.0494
     802    -112.5621     -23.9205
     803    -133.2791     -24.4763
     804    -106.6561      -6.4608
     805    -126.8685      -0.9812
     806    -118.2093     -26.1643
     807    -148.1000      10.8189
     808    -137.4303       2.7834
     809    -126.7984     -11.6316
     810    -128.8222      -6.1238
     811    -116.7199     -13.0727
     812    -133.6112      -3.3006
     813    -130.9625     -20.6017
     814    -130.1576     -12.0057
     815    -135.4895     -18.5757
     816    -125.5316      -4.5186
     817    -104.1035      -6.5882
     818    -136.7985      -8.7004
     819    -132.4143       8.3879
     820    -122.3072      -0.5167
     821    -122.1702      -7.9407
     822    -118.3008     -11.8123
     823    -129.8353      18.0907
     824    -148.2549      -6.1100
     825    -127.8073       4.3277
     826    -103.7621     -10.0019
     827    -108.5433      -7.9699
     828    -104.5294     -12.6329
     829    -120.1298     -18.2532
     830    -112.5594     -28.2002
     831    -148.1322       0.9968
     832    -120.8630       3.9273
     833    -144.9405       2.0523
     834    -116.3064     -19.4924
     835    -121.7187     -29.9442
     836    -110.5426      -1.8468
     837    -120.5260      -4.6735
     838    -135.4557       2.0888
     839    -144.6582     -14.1369
     840    -127.5036      -5.2719
     841    -142.6880       3.7114
     842    -107.1144      -5.3089
     843    -136.7195       9.7537
     844    -119.2058     -23.3407
     845    -118.2956     -20.1395
     846    -123.6110     -19.6074
     847    -123.1694       2.2039
     848    -120.7671      -7.4414
     849    -132.1805     -10.3976
     850    -109.6042     -26.5957
     851    -113.2751     -36.1897
     852    -122.2089     -26.3728
     853    -130.1096     -17.5023
     854    -123.6249     -13.3868
     855    -101.9163     -24.2629
     856    -133.7993     -24.3864
     857    -126.1034     -13.5522
     858    -112.0007     -26.7184
     859    -122.9245      -2.5810
     860    -121.0096     -10.5471
     861    -104.7863     -12.2255
     862    -124.6490       4.4841
     863    -105.0735      -5.4348
     864    -121.1657       0.4852
     865    -118.8902      -2.0321
     866    -115.4970     -18.6342
     867    -127.3625     -22.4738
     868    -112.4628     -23.6991
     869    -133.3460      -2.8674
     870    -114.0983     -13.0528
     871    -132.5639       5.3899
     872    -129.7650       9.1143
     873    -110.7000     -19.5173
     874    -126.3793     -13.4788
     875    -109.5303      -4.8424
     876     -85.0840      -7.6992
     877    -136.9245     -31.4659
     878    -113.3965     -27.4058
     879    -132.1006     -10.0142
     880    -123.6023      -9.2249
     881    -128.9394      -1.4207
     882    -131.1568       4.0091
     883    -107.5590       1.1277
     884    -134.2332      -0.1673
     885    -125.5602     -10.0345
     886    -108.7186      -8.2125
     887    -131.0293      -5.5903
     888    -112.7958      -5.8484
     889    -130.4266     -15.1791
     890    -115.6657     -16.4836
     891    -127.9677      -0.7452
     892    -126.1683     -13.0460
     893    -102.0954     -21.3549
     894    -133.9196      -9.4338
     895    -124.5996     -17.3491
     896    -118.0462     -13.9885
     897    -109.0719      -3.9388
     898    -132.6538      -8.1755
     899    -154.2976       2.8977
     900    -145.3652     -20.1611
     901    -127.9665     -10.7533
     902    -104.6323      -8.8018
     903    -119.7781      -9.3858
     904    -127.0801      -1.7449
     905    -131.7083       9.7649
     906    -135.3642      -7.2490
     907    -104.4829      -9.0758
     908    -134.3906     -14.1468
     909    -131.6480      -5.5390
     910    -117.3918     -13.8082
     911    -124.4642       2.2068
     912    -120.4102     -10.1628
     913    -128.7188      -6.8614
     914    -136.6985       8.1239
     915    -139.2661       0.7191
     916    -123.1161       2.5882
     917    -132.5348      -6.8471
     918    -142.8197       9.0248
     919    -111.5685     -11.3055
     920    -132.7074     -25.3042
     921    -127.2029      -1.0203
     922    -118.5677       3.1347
     923    -137.4786       7.2729
     924    -135.1862     -15.7689
     925    -113.3482     -11.1420
     926    -142.3192       6.8926
     927    -138.7373      -3.5485
     928    -138.0484     -10.3809
     929    -121.6341       7.9769
     930    -128.9959      -3.1144
     931    -141.8958      -8.4641
     932    -124.4924      -4.0151
     933    -142.7874     -13.0078
     934    -145.0184      -4.4551
     935     -89.9557     -18.7457
     936    -123.6318      -3.6152
     937    -110.6179     -14.4128
     938    -111.1563     -11.6824
     939    -136.3087      11.8746
     940    -126.7000      -1.1269
     941    -132.1826      -8.2497
     942    -102.2976     -20.0727
     943    -113.3563     -13.2430
     944    -113.8916       6.1611
     945    -116.1314       1.5708
     946    -130.2445       1.0916
     947    -105.7531      11.3690
     948    -112.2845     -17.8294
     949    -123.3848     -14.6493
     950    -131.4554       8.9914
     951    -141.8048       2.3262
     952    -128.8481      -0.3148
     953    -141.3934      -5.6852
     954    -120.5934      -2.9032
     955    -130.7129      -1.3471
     956    -128.0892       2.9904
     957    -130.8433     -13.2657
     958    -123.9521       0.2473
     959    -123.3492      -0.2021
     960    -113.7601     -10.5200
     961    -122.9452      -6.3206
     962    -139.2745       0.2556
     963    -133.0214       3.3765
     964    -104.4101     -11.8193
     965    -145.2358      -8.9723
     966    -132.6996       0.4415
     967    -134.8826      -8.7277
     968    -113.7626       6.9981
     969    -124.2268      -8.4140
     970    -123.1042     -15.0090
     971    -126.6149     -14.4936
     972    -129.9410      -8.2054
     973    -107.1991     -13.5589
     974    -122.3194      -6.1253
     975    -137.1574      -8.4573
     976    -119.5556      -3.4099
     977    -127.2750     -10.8326
     978    -136.6063      13.4895
     979    -133.9114      -8.6519
     980    -106.7631      -6.9264
     981    -119.0386       0.5957
     982    -142.9468      16.4116
     983    -133.7631      -1.6280
     984    -122.0792      -2.6245
     985    -102.4644     -19.0835
     986    -126.3498      11.4824
     987    -120.4606       0.3495
     988    -127.4582     -14.0840
     989    -121.7375       0.5665
     990    -151.3075      -0.3838
     991    -119.0091       3.8393
     992    -106.1819      -3.3955
     993    -120.7760      -1.3763
     994    -109.8483      -6.1969
     995    -124.2854     -10.3062
     996    -122.4386      -9.8953
     997    -106.2656     -17.5534
     998    -127.3509       5.1215
     999    -116.0694     -19.3369
    1000    -144.7091     -14.9278
