#Frame   domain_distance
       1         24.5627
       2         25.1192
       3         25.6591
       4         25.6452
       5         25.2158
       6         25.9078
       7         25.7862
       8         25.9686
       9         26.3104
      10         25.9253
      11         25.5137
      12         25.3328
      13         25.6281
      14         26.1045
      15         25.7393
      16         25.9899
      17         25.9937
      18         25.4753
      19         25.7220
      20         25.1382
      21         25.5387
      22         26.0664
      23         26.1172
      24         25.6440
      25         25.5249
      26         26.0814
      27         25.3100
      28         25.5836
      29         25.6300
      30         25.9130
      31         25.8106
      32         26.0071
      33         26.2544
      34         25.5584
      35         26.0271
      36         25.5406
      37         26.1814
      38         26.1077
      39         25.6085
      40         25.7072
      41         25.7873
      42         25.3468
      43         25.7679
      44         26.2046
      45         25.6387
      46         25.6222
      47         25.3694
      48         25.5387
      49         25.7406
      50         25.2731
      51         24.8806
      52         25.6914
      53         25.1204
      54         25.4262
      55         25.7021
      56         25.7755
      57         25.6657
      58         25.9517
      59         25.3535
      60         26.0813
      61         26.0310
      62         26.0076
      63         26.5542
      64         25.8977
      65         26.0874
      66         25.9166
      67         25.6193
      68         25.2638
      69         25.6296
      70         25.5954
      71         25.5347
      72         25.3436
      73         25.5629
      74         25.4230
      75         25.6627
      76         25.8094
      77         25.7379
      78         26.0204
      79         25.6556
      80         26.1477
      81         25.9209
      82         25.7235
      83         25.8248
      84         25.8684
      85         25.8524
      86         25.6374
      87         25.7992
      88         25.7651
      89         25.7047
      90         25.6918
      91         25.7698
      92         25.7293
      93         25.4894
      94         25.7572
      95         25.9122
      96         26.2090
      97         26.0286
      98         25.8057
      99         26.0132
     100         25.9102
     101         25.7936
     102         25.4820
     103         25.5813
     104         25.8864
     105         25.8777
     106         26.1248
     107         25.5433
     108         25.6701
     109         25.6021
     110         26.5840
     111         26.1707
     112         26.0419
     113         25.7116
     114         26.4287
     115         25.8208
     116         26.2528
     117         25.4119
     118         25.4114
     119         26.2768
     120         25.8043
     121         25.2816
     122         26.0080
     123         25.5616
     124         25.6956
     125         25.4822
     126         25.7701
     127         25.4029
     128         25.6522
     129         25.1467
     130         25.9715
     131         25.3366
     132         25.6318
     133         25.6219
     134         25.9007
     135         25.8319
     136         25.9974
     137         25.8572
     138         26.6722
     139         25.7371
     140         26.0655
     141         25.9050
     142         25.5727
     143         25.4616
     144         25.9261
     145         25.8949
     146         26.1088
     147         25.7306
     148         25.2587
     149         25.7256
     150         25.6750
     151         25.6636
     152         25.4597
     153         25.5936
     154         25.6499
     155         25.9675
     156         25.5455
     157         25.3479
     158         25.6205
     159         25.4103
     160         25.4683
     161         25.4821
     162         25.5403
     163         25.7102
     164         25.9304
     165         25.8311
     166         25.7754
     167         26.0252
     168         25.9644
     169         25.4575
     170         25.6507
     171         25.9145
     172         26.0964
     173         25.3007
     174         25.4049
     175         25.8636
     176         25.3397
     177         25.5006
     178         25.6833
     179         25.3055
     180         25.2312
     181         25.7877
     182         25.3150
     183         26.0631
     184         25.8892
     185         25.4654
     186         25.7531
     187         25.4117
     188         25.2041
     189         25.5409
     190         26.0622
     191         25.9489
     192         25.7251
     193         25.8825
     194         25.8729
     195         25.7771
     196         26.2915
     197         26.0471
     198         26.0666
     199         25.5688
     200         26.3327
     201         26.1693
     202         26.0714
     203         25.9784
     204         25.8114
     205         26.1934
     206         25.8850
     207         25.8473
     208         25.5944
     209         25.6774
     210         25.6660
     211         25.6520
     212         25.5841
     213         25.9989
     214         26.1869
     215         25.6625
     216         25.6855
     217         25.7764
     218         25.9687
     219         25.8175
     220         26.0327
     221         26.1866
     222         25.6879
     223         26.0251
     224         25.3181
     225         25.3525
     226         25.1134
     227         25.7132
     228         26.0702
     229         26.0036
     230         25.8706
     231         25.5265
     232         25.3430
     233         25.6315
     234         25.8092
     235         25.6087
     236         25.2563
     237         26.0034
     238         25.3111
     239         25.3706
     240         25.4068
     241         25.4905
     242         25.3888
     243         25.5850
     244         26.0039
     245         26.1373
     246         26.3376
     247         25.9979
     248         25.2948
     249         25.5595
     250         25.5198
     251         25.6449
     252         26.1178
     253         25.7451
     254         25.8360
     255         25.9503
     256         25.7217
     257         26.1263
     258         25.8278
     259         25.4358
     260         26.1993
     261         25.7415
     262         25.8670
     263         25.6234
     264         26.0423
     265         25.9343
     266         25.7697
     267         25.5806
     268         25.7341
     269         25.8230
     270         25.3213
     271         25.3014
     272         25.5855
     273         25.9671
     274         25.5037
     275         25.4627
     276         25.1882
     277         25.3209
     278         25.1309
     279         25.4990
     280         25.2326
     281         25.6088
     282         25.3177
     283         24.8782
     284         25.8157
     285         25.5538
     286         25.4960
     287         25.3811
     288         25.0525
     289         25.4798
     290         25.2992
     291         25.7754
     292         25.3668
     293         25.5393
     294         25.1799
     295         25.6648
     296         25.4611
     297         25.7370
     298         25.5067
     299         25.5313
     300         25.7602
     301         25.2922
     302         25.5841
     303         25.4426
     304         25.6052
     305         25.1821
     306         25.5113
     307         26.0968
     308         26.1103
     309         25.5934
     310         25.9931
     311         25.9594
     312         25.9221
     313         25.7734
     314         25.6595
     315         25.6331
     316         25.6291
     317         25.4902
     318         26.1733
     319         25.7983
     320         25.8888
     321         25.7310
     322         25.4042
     323         25.9838
     324         25.3523
     325         25.9360
     326         25.8379
     327         26.2423
     328         25.7788
     329         26.0175
     330         25.3157
     331         25.6817
     332         25.5836
     333         25.6495
     334         25.7435
     335         25.4660
     336         25.7993
     337         25.6929
     338         25.9821
     339         25.6020
     340         25.6420
     341         25.9424
     342         25.9967
     343         25.9716
     344         26.0752
     345         26.2444
     346         26.5968
     347         25.8367
     348         25.8355
     349         26.0055
     350         25.9133
     351         26.3849
     352         26.7415
     353         26.2658
     354         26.1619
     355         25.8288
     356         25.8713
     357         25.2136
     358         25.7432
     359         25.8970
     360         25.7713
     361         25.5519
     362         25.9816
     363         26.7574
     364         25.9660
     365         25.7136
     366         25.8394
     367         26.0717
     368         25.9180
     369         25.5560
     370         25.6387
     371         25.5468
     372         25.5039
     373         25.4961
     374         25.5629
     375         25.3569
     376         25.5204
     377         25.3509
     378         25.3677
     379         25.4558
     380         25.4683
     381         25.6153
     382         25.8068
     383         26.0147
     384         25.5643
     385         25.8706
     386         26.0135
     387         25.4641
     388         25.8408
     389         25.6835
     390         25.7627
     391         25.8225
     392         25.9027
     393         25.5886
     394         25.8634
     395         25.5172
     396         25.1497
     397         25.6894
     398         25.8836
     399         26.1305
     400         25.5056
     401         25.3154
     402         25.3611
     403         25.6197
     404         24.9082
     405         26.1285
     406         25.6572
     407         25.6664
     408         26.2069
     409         25.7124
     410         25.9441
     411         25.4993
     412         26.3178
     413         26.3174
     414         25.5999
     415         25.6895
     416         25.4063
     417         25.8073
     418         25.8812
     419         25.9568
     420         25.8370
     421         26.9853
     422         26.5847
     423         25.7731
     424         25.8868
     425         25.9069
     426         25.4770
     427         25.5930
     428         25.6732
     429         25.5332
     430         25.4033
     431         25.5900
     432         25.7169
     433         25.4396
     434         25.5099
     435         25.4851
     436         25.7905
     437         25.4267
     438         25.5444
     439         25.6378
     440         24.7825
     441         25.1778
     442         25.3048
     443         25.2308
     444         25.1098
     445         25.2532
     446         25.4845
     447         25.7917
     448         25.8510
     449         25.0488
     450         25.7046
     451         25.6971
     452         25.3959
     453         25.6611
     454         25.1246
     455         25.3505
     456         25.3484
     457         25.4851
     458         25.6884
     459         25.7602
     460         25.9657
     461         25.1783
     462         25.8303
     463         25.6056
     464         25.7416
     465         26.2066
     466         26.1181
     467         25.7211
     468         25.7151
     469         25.8551
     470         25.8996
     471         25.7618
     472         25.7760
     473         25.6812
     474         25.5616
     475         25.7356
     476         25.6235
     477         25.6106
     478         25.7404
     479         25.4620
     480         25.3769
     481         25.7830
     482         25.6652
     483         25.4544
     484         25.5899
     485         25.6767
     486         25.8549
     487         25.8998
     488         25.5638
     489         25.5987
     490         26.0166
     491         25.4059
     492         25.7960
     493         25.8367
     494         25.9543
     495         25.3979
     496         26.1610
     497         26.0915
     498         25.0250
     499         25.6272
     500         25.8175
     501         25.5171
     502         25.1060
     503         25.4243
     504         25.2458
     505         25.6524
     506         25.5679
     507         26.0533
     508         25.2749
     509         25.5007
     510         25.4156
     511         25.3557
     512         25.2907
     513         24.9666
     514         24.9809
     515         25.1636
     516         24.8263
     517         25.0627
     518         25.2644
     519         25.2366
     520         24.9495
     521         25.2780
     522         25.1836
     523         25.7397
     524         25.6051
     525         26.2493
     526         25.5112
     527         26.5437
     528         25.4127
     529         25.3831
     530         25.3347
     531         25.3078
     532         25.0481
     533         25.0017
     534         24.7926
     535         25.3207
     536         24.9176
     537         24.6292
     538         25.1057
     539         24.9610
     540         24.6779
     541         25.1145
     542         25.0004
     543         25.3574
     544         25.0234
     545         25.1460
     546         24.4859
     547         24.9095
     548         24.6470
     549         24.9090
     550         24.9599
     551         25.3403
     552         25.0473
     553         25.0696
     554         24.7547
     555         25.1488
     556         24.8633
     557         25.2508
     558         25.3317
     559         25.1555
     560         24.8493
     561         25.2013
     562         25.1822
     563         24.8664
     564         25.1322
     565         25.0284
     566         24.7625
     567         24.9659
     568         24.7239
     569         24.8317
     570         24.6442
     571         24.8302
     572         24.7933
     573         24.5724
     574         25.4671
     575         25.2204
     576         25.2236
     577         24.7918
     578         25.2480
     579         24.7187
     580         24.9325
     581         24.9203
     582         25.3016
     583         25.3253
     584         25.3957
     585         25.5669
     586         25.1353
     587         25.1249
     588         24.8991
     589         25.0691
     590         25.0692
     591         24.9417
     592         25.0327
     593         25.0064
     594         25.1614
     595         25.1342
     596         25.3101
     597         25.3303
     598         25.1587
     599         25.2281
     600         25.3324
     601         25.4260
     602         25.5886
     603         25.3442
     604         25.4319
     605         25.5940
     606         25.3811
     607         25.4281
     608         25.6590
     609         25.2833
     610         24.9703
     611         25.0558
     612         25.5976
     613         25.2126
     614         25.0872
     615         25.3289
     616         25.6179
     617         25.1111
     618         25.4666
     619         25.1542
     620         25.0696
     621         25.4979
     622         25.2369
     623         25.1222
     624         25.1441
     625         25.2193
     626         25.5044
     627         25.5018
     628         25.3688
     629         25.5402
     630         25.0388
     631         25.3138
     632         25.0535
     633         25.1831
     634         25.3026
     635         24.8045
     636         25.4213
     637         25.0364
     638         25.4855
     639         25.1591
     640         25.0338
     641         25.2454
     642         25.5497
     643         25.0255
     644         25.0663
     645         25.1057
     646         25.4422
     647         25.0907
     648         25.2343
     649         25.2018
     650         25.3656
     651         25.6149
     652         25.1610
     653         25.4169
     654         25.6970
     655         25.6644
     656         25.3148
     657         25.5085
     658         25.4398
     659         25.3151
     660         25.3549
     661         25.0909
     662         25.0689
     663         25.7686
     664         25.3776
     665         25.0535
     666         25.1192
     667         24.8744
     668         25.2398
     669         25.2962
     670         25.4916
     671         25.7739
     672         25.7240
     673         25.1483
     674         25.2413
     675         25.2814
     676         24.9048
     677         25.3145
     678         25.5273
     679         25.1532
     680         25.0960
     681         25.2303
     682         25.4709
     683         25.3164
     684         25.3573
     685         25.3982
     686         24.7614
     687         25.1989
     688         25.3966
     689         25.4236
     690         25.4786
     691         25.3412
     692         25.2140
     693         25.5018
     694         25.3921
     695         25.6214
     696         25.4455
     697         25.2151
     698         25.0989
     699         25.1668
     700         25.5681
     701         25.2277
     702         25.0767
     703         25.0739
     704         25.3696
     705         24.8926
     706         25.2912
     707         25.2043
     708         25.4596
     709         25.8186
     710         25.4332
     711         25.2984
     712         25.4657
     713         25.5561
     714         25.1841
     715         25.1701
     716         25.3717
     717         25.4828
     718         25.1880
     719         25.3120
     720         25.4051
     721         25.1755
     722         25.1324
     723         25.4926
     724         25.6815
     725         25.5229
     726         25.7687
     727         25.3933
     728         25.1700
     729         25.6970
     730         25.3481
     731         25.8250
     732         25.6715
     733         25.8761
     734         25.5840
     735         25.3106
     736         25.3344
     737         25.3911
     738         25.6860
     739         25.7506
     740         25.5681
     741         25.6374
     742         25.5689
     743         25.6479
     744         25.3550
     745         25.3813
     746         25.4117
     747         25.4054
     748         25.7831
     749         24.9452
     750         25.3071
     751         25.2274
     752         25.4280
     753         24.9894
     754         25.0716
     755         25.0818
     756         25.1164
     757         25.2684
     758         25.3191
     759         25.3697
     760         25.3009
     761         25.1272
     762         24.8866
     763         24.6942
     764         25.0821
     765         25.2119
     766         25.1047
     767         25.2055
     768         25.1132
     769         25.0931
     770         25.0000
     771         25.1939
     772         25.3416
     773         25.0310
     774         25.3211
     775         25.4145
     776         25.0287
     777         25.2640
     778         25.2553
     779         25.3973
     780         25.1590
     781         25.2861
     782         25.5626
     783         25.2765
     784         25.7704
     785         25.0679
     786         25.0498
     787         25.3391
     788         25.2270
     789         25.1374
     790         25.2411
     791         25.1186
     792         25.4627
     793         24.9263
     794         25.2625
     795         25.3615
     796         25.0353
     797         25.3179
     798         25.0690
     799         25.3224
     800         25.3880
     801         25.4685
     802         25.3799
     803         25.4333
     804         25.2949
     805         24.7006
     806         25.0762
     807         25.1641
     808         25.3270
     809         25.3472
     810         25.3006
     811         24.8173
     812         24.9491
     813         25.1564
     814         25.0004
     815         24.9889
     816         25.1775
     817         25.3692
     818         24.8770
     819         25.2038
     820         25.4031
     821         24.9205
     822         24.9766
     823         25.0354
     824         24.8723
     825         24.5736
     826         24.6121
     827         24.8889
     828         24.9847
     829         24.9120
     830         25.5363
     831         25.2194
     832         25.2475
     833         24.7594
     834         25.0649
     835         25.4655
     836         24.6812
     837         24.8162
     838         25.1999
     839         25.4885
     840         24.9475
     841         25.4462
     842         25.5564
     843         24.9283
     844         25.0554
     845         25.4448
     846         25.0894
     847         25.3728
     848         25.0265
     849         25.6102
     850         25.6394
     851         25.3672
     852         25.5849
     853         25.5023
     854         25.3874
     855         24.9274
     856         25.2301
     857         24.7720
     858         25.1066
     859         25.4836
     860         25.4464
     861         25.4638
     862         25.4022
     863         24.7462
     864         25.4584
     865         25.1080
     866         25.2635
     867         24.9658
     868         25.3366
     869         25.1004
     870         25.4238
     871         25.0788
     872         24.8902
     873         24.9355
     874         24.9466
     875         25.1609
     876         25.4443
     877         25.0483
     878         24.9667
     879         25.5748
     880         25.4091
     881         25.3244
     882         24.7976
     883         25.2676
     884         25.1317
     885         25.1879
     886         25.8846
     887         25.4264
     888         25.1724
     889         24.7787
     890         24.8365
     891         25.1414
     892         25.2458
     893         25.6073
     894         25.5099
     895         25.6328
     896         25.7565
     897         25.4744
     898         25.4597
     899         25.4144
     900         25.3464
     901         25.0068
     902         25.4527
     903         25.2098
     904         25.4983
     905         25.4091
     906         25.8201
     907         25.6111
     908         25.3110
     909         25.6342
     910         25.4741
     911         25.6040
     912         25.3311
     913         25.2275
     914         25.2207
     915         25.4416
     916         25.7245
     917         25.7407
     918         25.3627
     919         25.5220
     920         25.4285
     921         25.3812
     922         25.0870
     923         25.1925
     924         25.5852
     925         25.5473
     926         25.4624
     927         25.1960
     928         25.5532
     929         25.6346
     930         25.5160
     931         25.4915
     932         25.1986
     933         25.6581
     934         25.6193
     935         25.7182
     936         25.8635
     937         26.0405
     938         26.3900
     939         25.7427
     940         25.6414
     941         25.6246
     942         25.2872
     943         25.1706
     944         25.6106
     945         25.5378
     946         25.2793
     947         25.3929
     948         25.4591
     949         25.2737
     950         25.5061
     951         25.5334
     952         25.9217
     953         25.8777
     954         25.6706
     955         25.2828
     956         25.5658
     957         26.2594
     958         26.0095
     959         25.9700
     960         25.5601
     961         25.9829
     962         26.2550
     963         26.3382
     964         25.9271
     965         25.8881
     966         25.9482
     967         26.4215
     968         26.1966
     969         26.9715
     970         26.0113
     971         26.0484
     972         25.7848
     973         26.3061
     974         26.1698
     975         25.8746
     976         26.3893
     977         26.4816
     978         26.7603
     979         26.2847
     980         26.6437
     981         26.2380
     982         25.6729
     983         25.3734
     984         25.6296
     985         25.7652
     986         25.8242
     987         25.5392
     988         25.5218
     989         25.7354
     990         25.2801
     991         25.3155
     992         25.0629
     993         25.7102
     994         25.4230
     995         26.1261
     996         25.7367
     997         25.8827
     998         25.3965
     999         25.0795
    1000         25.7304
