#Frame        phi:121      psi:121
       1    -102.7474      -7.0776
       2    -121.6599     -10.0030
       3     -97.5310     -13.7942
       4    -133.3760     -12.0533
       5    -134.2312      -3.8550
       6    -115.4855     -20.2275
       7    -134.1267      -0.5195
       8    -129.6104     -16.7418
       9    -105.9380     -14.6989
      10    -119.4674     -32.8311
      11    -110.0255     -10.3647
      12    -144.5025       2.0681
      13    -114.2116     -29.2549
      14    -119.0052     -11.7169
      15    -116.7983     -21.6843
      16    -121.9829     -16.9428
      17    -129.8788     -16.6461
      18    -130.1114     -10.8497
      19    -121.4468       2.2680
      20    -116.8564      -2.6487
      21    -114.0442     -18.8813
      22    -120.3400       1.9366
      23    -125.3947       0.2993
      24    -117.6591      -6.1027
      25    -113.9572     -11.9766
      26    -116.2293     -48.6453
      27    -116.9901       4.8267
      28    -113.7136      -6.3703
      29    -111.7185       1.9701
      30    -135.4298       1.6439
      31    -114.6588      -6.3048
      32    -125.9777     -12.5869
      33    -129.8871      -4.5884
      34    -110.9911     -22.1672
      35    -111.4049      -5.3839
      36    -117.6861       5.3260
      37    -116.5873      -8.6596
      38    -140.7419      -8.7980
      39    -145.1666       6.3155
      40    -123.6854      -7.4700
      41    -122.9494     -15.5229
      42    -113.0948     -14.5762
      43    -139.1213      10.9088
      44    -114.4714     -13.7036
      45    -119.1859      -6.1923
      46    -103.3422       5.9594
      47    -109.8378       5.3147
      48    -119.6855       8.2956
      49    -111.5829     -17.9478
      50    -141.3163       2.8277
      51    -133.3489      -4.6864
      52    -120.0604      -4.7368
      53    -125.0044     -26.1011
      54    -114.2986     -13.6991
      55    -110.4736      -2.6014
      56    -118.6522     -11.8946
      57    -126.1771     -17.7355
      58    -117.1496     -15.6474
      59    -119.5029     -18.1602
      60    -111.4547     -17.1632
      61    -134.3454      -3.8643
      62    -117.3946     -20.1487
      63    -114.2391     -19.7488
      64    -124.1587     -11.2762
      65    -122.3958     -24.4633
      66     -92.5352      -7.2231
      67    -117.2299       8.6594
      68    -110.6539     -32.3835
      69    -132.7768      -4.8407
      70    -117.9350      -9.8155
      71    -119.5155      -3.8580
      72    -138.5523      -0.7079
      73    -136.4361     -13.0221
      74    -115.4384     -17.7940
      75    -127.0237      -5.2626
      76    -108.6575     -17.8331
      77    -123.3448      -4.2734
      78     -97.9345      -4.6388
      79     -94.6848     -12.3315
      80    -121.5051     -11.1109
      81    -131.6455       7.5920
      82    -127.3191      -5.9220
      83    -107.4343     -18.3343
      84    -109.6393     -13.6506
      85    -128.7767       0.6482
      86    -136.3585     -21.2108
      87    -115.5948     -23.1891
      88    -132.5261       0.0090
      89    -126.3607     -14.0176
      90    -110.3329      -9.1869
      91    -111.4364     -14.6827
      92    -116.7476      -2.4318
      93    -121.3619      -7.3663
      94    -117.9234      -0.9385
      95    -144.3272      13.7859
      96    -114.7353       3.9516
      97    -133.3902       0.7289
      98    -105.7198       0.1564
      99    -129.0123     -12.2024
     100    -123.1372     -14.8423
     101    -136.8344      -0.1490
     102    -102.1441      -3.8401
     103    -120.1535     -23.0552
     104    -119.6147     -24.5476
     105    -114.8122     -19.5008
     106    -132.2643     -21.9878
     107    -130.8330       3.9107
     108    -114.9136       6.3019
     109    -109.2741     -13.4817
     110    -147.0935     -28.6173
     111    -102.5963     -12.1419
     112    -116.2016      -7.5672
     113    -123.4886     -12.9581
     114    -120.6750     -13.2501
     115    -128.6332     -17.2543
     116    -134.0394      -5.0940
     117    -128.4436     -21.7496
     118    -125.8620      -9.9913
     119    -136.2764      -6.6055
     120    -130.1589      -2.5910
     121    -132.2000     -10.8607
     122    -106.9893      -9.1727
     123    -115.2588      -1.9605
     124    -111.6866     -16.0680
     125    -120.5203      -0.8559
     126    -125.2660     -24.2435
     127    -121.4743       6.0431
     128    -116.1820      -5.9064
     129    -130.8352      -0.0092
     130    -113.5577     -16.4119
     131    -107.0698      -1.7011
     132    -124.3835       8.0140
     133    -123.4345     -15.3863
     134    -103.3794      -7.2480
     135    -124.3780     -23.5437
     136    -126.6408      -6.9498
     137    -114.7881       1.5959
     138    -106.7174     -19.1402
     139    -116.9763      -6.7941
     140    -130.9365      -5.5453
     141    -121.0457     -15.2886
     142    -115.3944       1.2119
     143    -114.7466      -8.1608
     144    -110.0301     -36.1135
     145    -118.6652     -36.7343
     146    -135.8942     -30.0477
     147    -123.3037     -22.8328
     148    -134.4070     -30.7842
     149    -131.4849     -27.9022
     150    -132.1527       0.4477
     151    -133.5354     -15.6362
     152    -114.2216     -19.2457
     153    -137.4223      -5.3071
     154    -108.5196      -2.4949
     155    -104.1097     -33.1544
     156    -133.3392     -10.0316
     157    -108.9231     -25.6650
     158    -119.8393     -18.6976
     159    -118.9512     -27.3959
     160    -121.6664     -18.0188
     161    -114.3407     -14.4829
     162    -119.9910     -11.9383
     163    -121.4697      -2.1208
     164    -123.6875       8.1174
     165    -136.5118      -7.5053
     166    -114.3742      -1.4822
     167    -119.2533     -18.4694
     168    -132.4103     -19.4655
     169    -117.5600     -17.0130
     170    -124.0094     -23.2720
     171    -143.5382       7.2548
     172    -134.8568      -3.2660
     173    -132.2503       5.0417
     174     -97.3223     -10.7292
     175    -118.8210     -14.2744
     176    -119.4522     -31.4843
     177    -124.1781      -9.9359
     178    -140.1263       9.1131
     179    -121.4609     -11.2606
     180    -118.1913     -24.1189
     181    -121.9050     -14.4180
     182    -124.4567     -24.1311
     183    -126.0218     -10.1915
     184    -103.3725     -15.1091
     185    -112.7290     -19.9712
     186    -128.0990     -39.9300
     187    -115.5610      -8.9540
     188    -118.4616     -18.5809
     189    -116.5018     -27.2207
     190    -104.0582     -15.7362
     191    -123.1377     -50.9973
     192    -110.8971      -6.8744
     193    -102.2769     -10.5026
     194    -122.8398     -27.0139
     195    -122.2994      -6.1794
     196    -119.2300     -24.7694
     197    -110.0300       9.6605
     198    -113.6158     -13.7426
     199    -130.5414     -12.9371
     200    -127.0294     -19.7477
     201    -117.8417     -12.4733
     202    -122.6610     -26.8165
     203    -123.7384       2.8858
     204    -121.6668       3.5217
     205    -133.0842       1.7737
     206    -117.1547     -31.1768
     207    -127.8080      10.0050
     208    -110.3408      -9.4066
     209    -113.4977     -39.7810
     210    -142.2975      12.0489
     211    -130.5877       0.5297
     212    -134.0344       2.6009
     213    -130.2467      14.9020
     214    -143.3796       7.3272
     215    -136.2466      11.2648
     216    -136.6803      -8.8102
     217    -122.6715      10.1758
     218    -121.6160      -5.2142
     219    -141.4957     -10.5830
     220    -128.8090     -28.5154
     221    -138.6996      17.5960
     222    -120.5615      -8.3070
     223    -113.4099       4.9008
     224    -128.6244      14.9754
     225    -124.4943      -1.9595
     226    -131.9539     -11.6993
     227    -142.9000      -5.2980
     228    -134.9042     -10.2016
     229    -138.6467     -12.8104
     230    -133.8723      -0.1266
     231    -137.1662       5.4791
     232    -138.2245       2.1755
     233    -121.5868      -4.3765
     234    -135.8711      -0.6763
     235    -134.3317      -5.3812
     236    -130.3271       5.0308
     237    -132.4760      -3.0364
     238    -143.5212      -0.5837
     239    -147.9125      -0.7547
     240    -135.6351      -5.7768
     241    -133.8509     -14.8188
     242    -135.7204      14.1220
     243    -129.4332     -32.8594
     244    -142.3660      16.8954
     245    -128.8640     -20.5652
     246    -145.7217      -2.3043
     247    -126.1967     -29.4563
     248    -124.5614     -30.1185
     249    -135.2156       4.6335
     250    -136.5845      -9.5492
     251    -143.9383       1.7118
     252    -120.8603     -14.3512
     253    -123.3528      -4.4275
     254    -145.4492     -16.8352
     255    -138.9487      21.9510
     256    -132.1868      -2.6586
     257    -147.6924       8.4422
     258    -134.9396     -15.5221
     259    -122.7009      -5.1160
     260    -131.5077       3.2373
     261    -108.5744      -6.2594
     262    -119.8887     -10.8881
     263    -116.6237       0.9717
     264    -142.9747     -10.4132
     265    -126.0821      -5.5711
     266    -117.6073      -3.4224
     267    -143.6623       5.7147
     268    -131.4284       5.6996
     269    -138.7039     -10.2999
     270    -138.0094       1.5664
     271    -132.5772     -15.0128
     272    -141.2970       4.6329
     273    -147.7583       8.7376
     274    -139.7086      -5.3536
     275    -114.1046     -16.7315
     276    -122.2009      -5.1458
     277    -145.6691     -10.4301
     278    -132.9909     -16.4628
     279    -146.0190     -11.9700
     280    -122.8627      -2.5317
     281    -128.0815       0.4262
     282    -136.7600      -5.6878
     283    -134.6723     -11.1735
     284    -139.6531     -11.3565
     285    -120.8576      -1.3640
     286    -122.7316      10.1765
     287    -129.8168      -4.4089
     288    -117.9103       7.9237
     289    -125.4873      -9.5152
     290    -128.7911     -12.5388
     291    -119.9780       2.7102
     292    -113.5792      -6.6709
     293    -130.0317       2.8798
     294    -131.0579      -4.6484
     295    -125.4528      -4.7395
     296    -125.0398      -6.1771
     297    -121.6574      -2.3868
     298    -104.8543     -20.6066
     299    -121.4432      -0.1930
     300    -118.5870     -13.1296
     301    -129.2505     -14.0592
     302    -133.9533     -15.5478
     303    -114.0602     -44.5338
     304    -113.9258     -12.0265
     305    -139.1688     -10.9905
     306    -135.6583     -22.4288
     307    -114.9192     -30.4443
     308    -135.8850      -6.7834
     309    -133.1068      -3.2343
     310    -135.4128      -3.1613
     311    -118.2991       0.9423
     312    -137.3384      -6.2933
     313    -128.3784       1.2387
     314    -119.3760     -22.9723
     315    -123.8170       1.4765
     316    -128.6052      -6.4789
     317    -135.2965      -0.8536
     318    -137.2115      -0.2572
     319    -132.5317     -15.2910
     320    -133.4212      -6.1032
     321    -120.5738      -9.4887
     322    -128.5148       7.4417
     323    -130.6864       1.0852
     324    -126.2890       2.0738
     325    -143.6413      -6.3006
     326    -123.8553       1.5296
     327    -139.0299      -6.8322
     328    -133.1744      20.4038
     329    -142.7745      -2.3797
     330    -122.4421      -8.3483
     331    -145.2191      -6.8168
     332    -137.1078     -13.9446
     333    -123.6521     -10.5861
     334    -131.3005      14.0055
     335    -143.0208      -4.6481
     336    -130.9358      -7.9775
     337    -125.9966      -8.5604
     338    -133.7069     -10.4958
     339    -129.8990     -15.1876
     340    -127.0935     -25.1751
     341    -146.2396       0.8045
     342    -140.2923     -11.4669
     343    -127.1376      -8.9336
     344    -130.4855     -13.7382
     345    -135.2222     -14.6348
     346    -136.6994     -17.9184
     347    -134.4838       6.3842
     348    -146.0791     -12.4240
     349    -137.0763      -6.6329
     350    -138.7150      -9.1015
     351    -124.7534     -18.0076
     352    -114.8686     -14.3177
     353    -115.8811     -15.0433
     354    -134.3656      11.2931
     355    -132.9625      -6.0852
     356    -125.0865       3.8558
     357    -135.2833       3.9890
     358    -122.4690     -15.3679
     359    -109.9569     -10.0833
     360    -125.4769      -5.9111
     361    -136.8195       8.4133
     362    -135.8595      -2.7633
     363    -132.5566     -20.9283
     364    -134.0279      -6.4981
     365    -129.8693       4.2186
     366    -145.2835       1.0664
     367    -125.7104       5.9527
     368    -125.0517       1.5729
     369     -98.5982     -11.1669
     370    -119.3638       2.0899
     371    -124.9998     -10.2782
     372    -107.9939     -11.3594
     373    -123.5723      12.2237
     374    -131.8098       1.2552
     375     -98.5025     -12.7594
     376    -131.3946     -11.6493
     377    -118.0412     -16.4528
     378    -113.7165     -20.2855
     379    -123.7931       0.0182
     380    -136.9894      -2.9765
     381    -126.4670     -25.3539
     382    -121.3255       2.0184
     383    -106.9288     -13.3680
     384    -112.0115      -8.4951
     385    -114.4804     -30.5039
     386    -116.7856      -1.0614
     387    -123.0138      -2.1162
     388    -109.9072      -0.2165
     389    -121.1864      -6.5832
     390    -127.3398     -13.8449
     391    -140.0923      -6.0326
     392    -133.6360      -2.2000
     393    -127.9616     -10.4135
     394    -118.8974       3.6379
     395    -124.0530     -10.6073
     396    -111.7499     -16.4580
     397    -116.2475     -13.0817
     398    -144.9048      -5.9929
     399    -133.0614     -16.6573
     400    -134.1571       3.2027
     401    -122.3199     -15.9931
     402    -110.7423     -14.6011
     403    -121.2637      -8.0469
     404    -138.1817      -0.4439
     405    -122.8481     -19.0118
     406    -106.9121     -24.1269
     407    -129.8811      14.8957
     408    -115.1459      -7.0885
     409    -112.4762     -26.5931
     410    -110.2538     -30.3016
     411    -105.9916     -10.5032
     412    -137.3403       1.5834
     413    -112.3959      -6.4658
     414    -123.2171       2.7807
     415    -104.9181       0.0070
     416    -129.8106     -20.8264
     417    -121.1450      -1.4852
     418    -129.1325       6.3702
     419    -127.1133      -2.9478
     420    -134.0108       5.8282
     421    -124.1239      -4.9331
     422    -124.9260       3.6325
     423    -122.9403       3.7190
     424    -123.2417     -16.5785
     425    -123.5813      -4.3129
     426    -110.2137     -18.0181
     427    -141.5706       2.9741
     428    -136.9682       5.4882
     429    -116.4281       2.4055
     430    -153.5769      -5.4206
     431    -130.9295      -6.6353
     432    -131.6578     -14.0915
     433    -122.8356     -14.4761
     434    -137.8478     -11.8107
     435    -137.9258      11.4262
     436    -145.3857      -2.2553
     437    -143.6036      -5.1923
     438    -130.6096     -10.0346
     439    -130.1219     -17.3132
     440    -141.9569      -8.8549
     441    -120.8671       2.8950
     442    -132.5038      -7.1893
     443    -117.0638      -5.4947
     444    -124.9922     -13.0520
     445    -124.8331      10.9285
     446    -142.1270       0.5781
     447    -119.1251      -9.0319
     448    -121.1745      -4.5667
     449    -139.1013     -10.3997
     450    -132.3751      10.6586
     451    -140.2470      -0.1587
     452    -123.7331     -19.5228
     453    -132.3459      -4.9242
     454    -138.3761      -3.3445
     455    -127.9169      -2.5509
     456    -120.3316     -12.1614
     457    -132.4592      -8.7571
     458    -128.3948      -9.1892
     459    -142.7961      -1.8388
     460    -156.2138       4.1588
     461    -128.3727     -14.4502
     462    -129.7337      -2.8699
     463    -153.3757       7.3927
     464    -151.4662       3.9894
     465    -119.0096     -14.5725
     466    -130.9175      11.2217
     467    -127.4073       5.4032
     468    -131.8521      -5.7160
     469    -138.6022      -4.2962
     470    -128.6390      -1.1931
     471    -119.7976      -3.3675
     472    -140.0715       6.3399
     473    -131.9272       6.3954
     474    -130.6120     -10.3335
     475    -132.3898     -12.6758
     476    -136.0932      -4.5199
     477    -131.4778      -0.6992
     478    -142.4761      -7.4287
     479    -127.2331      -1.9657
     480    -137.7009      -6.5846
     481    -137.7440      -2.3755
     482    -126.3033      -3.5243
     483    -135.5379       5.1534
     484    -103.4498      -4.6866
     485    -144.8209      -8.8236
     486    -134.8625     -15.6532
     487    -138.7590      -2.0260
     488    -134.1971       0.5829
     489    -118.5574     -18.2356
     490    -125.5526     -17.4886
     491    -110.3967     -13.6668
     492    -138.3853     -11.1761
     493    -131.3534      -8.7646
     494    -128.2509     -11.3165
     495    -141.6836      -0.3022
     496    -117.4146      -0.1069
     497    -146.0102      -9.1606
     498    -123.7814      -9.9418
     499    -128.4999       3.4769
     500    -127.7452      -8.3106
     501    -138.0650       6.2375
     502    -145.4493      12.4597
     503    -139.9812      -4.3141
     504    -138.1132       3.4234
     505    -130.9611      -3.8970
     506    -136.0710      10.6080
     507    -150.6911      11.2649
     508    -135.6900      -9.3415
     509    -139.5823     -18.5620
     510    -117.4395       9.3376
     511    -132.5345       8.7642
     512    -141.6380      15.3207
     513    -143.0204      13.6334
     514    -142.9959      -1.9666
     515    -137.6134      12.7146
     516    -134.0893      -0.8173
     517    -138.7621       9.1509
     518    -126.1609      -7.3675
     519    -130.9672     -24.6241
     520    -152.9625      -3.4691
     521    -131.0769      -1.8549
     522    -120.2752     -18.4444
     523    -143.4840      14.4934
     524    -141.8080      14.5496
     525    -140.9422      -2.8846
     526    -136.1363       4.9609
     527    -130.7076     -11.8534
     528    -134.1352      -0.9878
     529    -137.7656       3.4005
     530    -142.1068      20.9395
     531    -134.0832     -14.9696
     532    -154.5574     -10.0765
     533    -137.0511      -6.6418
     534    -133.6786      -7.0626
     535    -127.6780     -30.5293
     536    -134.8411       6.7755
     537    -119.3157     -14.1671
     538    -136.8042       9.3145
     539    -130.7711     -30.1741
     540    -123.0543     -21.2865
     541    -131.9139       8.1944
     542    -131.1689      12.0967
     543    -144.4805      16.1807
     544    -139.7430      -7.2183
     545    -135.1023      -0.1268
     546    -144.7596       8.6017
     547    -146.4260      -0.9922
     548    -146.2446       5.8328
     549    -135.3855      -5.6378
     550    -138.0994       5.3067
     551    -127.8248       8.6300
     552    -145.4138      -9.1349
     553    -120.9489     -20.6777
     554    -132.3782      -5.3336
     555    -130.2056     -14.0906
     556    -136.0230      20.0156
     557    -140.7648      -6.8115
     558    -131.8630     -19.6076
     559    -141.2840       8.3621
     560    -126.5756      11.8070
     561    -134.3348     -14.3470
     562    -134.9881      -1.4835
     563    -131.2059     -20.6654
     564    -136.1725      -4.6499
     565    -142.2005     -25.0188
     566    -132.1662      -1.8824
     567    -124.5521       5.4239
     568    -132.3883     -14.1055
     569    -140.3461      -6.4446
     570    -132.1331      11.2441
     571    -126.4371      10.6659
     572    -141.2177      10.1468
     573    -144.8026      11.7442
     574    -134.7909     -20.1578
     575    -138.5274       8.7859
     576    -144.4396      14.1139
     577    -144.6872       7.6791
     578    -135.5771      -6.6668
     579    -136.5006     -20.9812
     580    -138.6094      -3.4884
     581    -133.0671      -1.6045
     582    -141.4030       6.9221
     583    -129.8269       3.3620
     584    -131.6971     -19.0695
     585    -131.3528      -0.3274
     586    -132.8595     -11.1073
     587    -149.0417      13.6854
     588    -139.6149      -9.0218
     589    -122.7083     -10.5089
     590    -123.5722      -5.0637
     591    -114.5259     -10.5883
     592    -119.0986     -34.1925
     593    -126.5705       0.1213
     594    -126.5057     -24.3838
     595    -125.5232      -4.1981
     596    -139.9444      -8.7881
     597    -112.2790       5.1318
     598    -109.2205     -11.9282
     599    -133.1438     -15.2312
     600    -113.7979      -6.9077
     601    -122.2316     -28.6524
     602    -124.0372      -4.3262
     603    -117.3038     -13.1336
     604    -119.6713      -5.2522
     605    -125.6659     -17.0627
     606    -129.2855      -4.2706
     607    -128.9474     -14.9077
     608    -126.8792      11.4998
     609    -135.2259      -9.2247
     610    -143.8180     -13.9509
     611    -127.7819     -13.6358
     612    -139.6812      -1.3481
     613    -120.9644       3.9933
     614    -133.4904     -15.4750
     615    -112.3861     -23.1307
     616    -129.5650      -5.7404
     617    -134.1139      -9.0089
     618    -119.4218      -7.2940
     619    -136.5704      12.8993
     620    -141.4746      -5.5288
     621    -131.5224       9.2862
     622    -152.5154      14.8000
     623    -130.5056     -14.9757
     624    -141.9458      -5.8802
     625    -142.2647     -18.2516
     626    -126.6539      -7.6851
     627    -127.4491     -15.1216
     628    -132.9257      -6.3310
     629    -149.2019      15.2938
     630    -140.0745       6.2025
     631    -121.5905     -11.6201
     632    -136.9936     -10.2198
     633    -136.3047     -11.1547
     634    -110.0495     -22.0547
     635    -118.6200       3.4013
     636    -128.1210     -10.5785
     637    -133.6780     -27.4747
     638    -129.3342     -11.6695
     639    -130.7877       0.2822
     640    -130.0372       0.7966
     641    -109.8989     -14.4524
     642    -131.9475       0.3982
     643    -121.3191      -8.5144
     644    -120.1494      -4.6983
     645    -122.4369      -2.9433
     646    -123.5855       3.9808
     647    -129.2820      -4.2882
     648    -154.0395       5.6811
     649    -129.6115      -0.5568
     650    -125.8236       4.2745
     651    -116.9387       3.1495
     652    -141.5748      15.6497
     653    -143.8353     -17.2690
     654    -138.0931       9.1850
     655    -153.1813     -20.8855
     656    -132.3286      -0.1870
     657    -130.5707     -16.0733
     658    -135.4369     -23.9661
     659    -142.3802      -9.0511
     660    -148.9047      -6.9961
     661    -119.3486      -7.9119
     662    -134.2697      -1.0249
     663    -142.4311       0.6157
     664    -121.7482      -7.0910
     665    -115.5958      -4.9105
     666    -127.6333      -8.2680
     667    -134.6007     -18.6976
     668    -123.4533       4.4654
     669    -124.5345      10.1020
     670    -123.4024      -6.9067
     671    -133.5337     -13.4940
     672    -138.3632     -11.6502
     673    -119.5522     -34.6005
     674    -126.3779      -6.0111
     675    -116.7588      -8.6929
     676    -127.3258     -20.4808
     677    -111.0546      14.1658
     678    -116.0681      -7.9742
     679    -120.3671     -18.1849
     680    -121.6537     -35.2317
     681    -127.7924     -11.6972
     682    -130.0172      -8.4301
     683    -128.3043      -9.1110
     684    -126.4161     -30.6119
     685    -116.1367     -12.4534
     686    -104.1041     -20.2784
     687    -108.8064     -29.1019
     688    -122.0251     -14.8093
     689    -125.9582     -15.8513
     690    -133.4139      -7.2424
     691    -127.1100      -7.7133
     692    -120.0094      -6.4543
     693    -114.5003     -26.3744
     694    -122.7390     -15.9102
     695    -108.6549       4.5649
     696    -128.8093      13.8558
     697    -117.5605     -18.0183
     698    -117.4576     -10.4581
     699    -128.1041     -20.5795
     700     -99.0776     -18.4837
     701    -115.8135      -9.3401
     702    -124.0248     -14.5053
     703    -112.1059     -13.1819
     704    -112.9363     -10.2989
     705    -117.7847     -17.9581
     706    -116.2760      -1.7512
     707    -131.2047      -7.5584
     708    -128.7650       8.9090
     709    -101.6253     -14.8049
     710    -121.0322     -10.8725
     711    -110.3126     -15.9042
     712    -135.4827     -12.1248
     713    -125.3248     -12.9768
     714    -119.4463     -26.3308
     715    -123.6813     -17.0886
     716    -110.1903     -17.8689
     717    -106.1061      -3.8822
     718    -128.1657     -10.9659
     719    -124.2861      -4.0467
     720    -128.2411      -0.3706
     721    -105.8228      -3.0477
     722    -125.6085     -20.2152
     723    -122.5094     -27.8303
     724    -121.0829     -23.5471
     725    -113.9228      -2.3976
     726    -112.8485       0.1019
     727    -141.5623     -21.9599
     728    -128.2535     -16.3481
     729    -112.5156      -9.0737
     730    -141.4613     -18.9954
     731    -124.4323      -7.3180
     732    -120.5055     -10.8130
     733    -108.0911     -43.5701
     734    -120.4608      -5.4362
     735    -137.8044       3.3413
     736    -131.3742      -9.2964
     737    -130.2410     -10.4037
     738    -124.1022     -28.2221
     739    -130.7120     -13.8374
     740    -117.0944     -11.4151
     741    -122.1444     -28.3498
     742    -124.5399     -37.5131
     743    -120.7229     -16.4519
     744    -128.4602     -25.4039
     745    -121.5626      -4.4448
     746    -105.6097     -13.1727
     747    -135.3404       0.6820
     748    -123.7016      -8.8681
     749    -108.8133     -32.6889
     750    -133.1814      -6.6165
     751    -118.6998     -17.1977
     752    -128.0822     -21.8015
     753    -138.4255      -0.8973
     754    -124.0216     -10.3343
     755    -128.2415      -5.8085
     756    -115.4521      -2.3907
     757    -129.8082       2.9020
     758    -117.0936      -6.9525
     759    -116.4836     -32.5913
     760    -126.4028     -30.0823
     761    -130.4210     -14.3361
     762    -132.9592      -4.3593
     763    -136.6254     -14.9716
     764    -124.7943      -3.7667
     765    -123.6814     -18.0887
     766    -131.5745     -20.7089
     767    -117.9753     -17.2929
     768    -124.2608     -17.2372
     769    -126.5899     -12.9880
     770    -137.4801     -19.3806
     771    -105.8275      -2.5699
     772    -121.1551       8.2133
     773    -119.8608     -14.1343
     774    -100.9856      -7.1729
     775    -120.7393     -21.5722
     776    -126.5965     -13.3232
     777    -155.4194       6.2056
     778    -125.8556     -11.0921
     779    -128.8925     -12.8301
     780    -114.4245     -14.5626
     781    -110.1071     -16.8869
     782    -121.8248       3.5351
     783    -130.8767     -10.7473
     784    -120.4619      -1.9295
     785    -124.5099      -7.2567
     786    -131.4556     -18.5937
     787    -132.4866     -12.4441
     788    -137.9424       4.6622
     789    -113.9823      -3.5095
     790    -119.7955     -27.0246
     791    -127.1295       9.4996
     792    -117.4190      -9.5893
     793    -133.1459     -18.2474
     794    -112.4519      -6.2755
     795    -105.4855     -26.8682
     796    -110.2592     -15.7213
     797    -120.7683      -7.2711
     798    -121.4723     -11.4719
     799    -129.3322     -16.5003
     800    -118.6270     -14.3671
     801    -139.7636      -2.0890
     802    -116.3283     -14.5559
     803    -139.4598       5.1482
     804    -129.4245      -9.7421
     805    -118.0275      -8.1469
     806    -146.6422      -2.2772
     807    -124.5224      -1.0446
     808    -139.8202      -0.8088
     809    -123.6020      -8.3645
     810    -143.7003       4.9947
     811    -135.3702     -18.3610
     812    -130.3614     -12.9128
     813    -120.1378     -18.1786
     814    -139.2758       7.3076
     815    -124.7758      -9.9716
     816    -115.4790     -14.9942
     817    -112.5604     -12.8820
     818    -132.7040     -36.7099
     819    -125.3039       5.1851
     820    -121.7547      -2.5034
     821    -129.2947       6.0080
     822    -124.3685     -10.7152
     823    -117.9830     -18.6135
     824    -128.1478      -2.3598
     825    -118.3621     -17.8313
     826    -147.4453       6.0441
     827    -125.9557       2.6323
     828    -115.0134     -14.0467
     829    -133.4131     -11.7656
     830    -137.6019       2.2134
     831    -135.1730      -8.9179
     832    -122.0707     -15.5767
     833    -126.1195     -21.0885
     834    -100.4112       2.8112
     835    -124.7943     -28.3755
     836    -116.2906     -13.1181
     837    -113.2207     -15.4779
     838    -139.5673       8.7399
     839    -136.3908      -6.5611
     840    -144.7016      -1.1618
     841    -124.1813     -12.9415
     842    -125.3698       2.4239
     843    -138.9817     -15.7833
     844    -125.1570      -5.8525
     845    -136.5802     -17.8024
     846    -133.9462     -15.1680
     847    -130.8132     -21.7120
     848    -120.1405      -3.8987
     849    -138.6499      10.7692
     850    -124.5467      -5.6336
     851    -126.9388      16.8370
     852    -136.9739     -13.9672
     853    -115.2476     -15.2396
     854    -116.4073     -15.5418
     855    -142.3884       6.9341
     856    -123.9059      -8.2632
     857    -143.6676     -15.6224
     858    -123.7805      -5.7681
     859    -112.4496     -17.9686
     860    -126.9694     -10.8128
     861    -113.3067     -10.1983
     862    -132.8072      -9.1459
     863    -137.9840     -12.1031
     864    -116.2067      -5.4179
     865    -142.8629      -0.8770
     866    -143.5123       9.4504
     867    -128.0343      -9.9337
     868    -145.0463     -19.7651
     869    -129.3846       4.3275
     870    -124.7523      -4.1819
     871    -116.4762     -22.9760
     872    -131.4117     -19.3699
     873    -110.9373     -31.0208
     874    -126.1459     -22.5119
     875    -116.8461     -10.3337
     876    -137.4983       5.9951
     877    -105.0242     -24.2453
     878    -123.7065     -15.3297
     879    -141.3730       4.9173
     880    -116.7827      -9.1429
     881    -133.1096     -10.5426
     882    -109.5401      -8.3118
     883    -123.0043     -22.6300
     884    -137.4131     -31.2318
     885    -122.2912     -22.4727
     886    -134.7408     -12.4302
     887    -129.9256      -5.4689
     888    -136.9294      -7.8027
     889    -125.2167      -2.6555
     890    -122.7252      -7.6025
     891    -110.6465     -22.5992
     892    -129.6773     -12.7057
     893    -132.7089     -25.8767
     894    -119.8681     -33.9120
     895    -114.7823     -16.3731
     896    -115.1524      -9.4869
     897    -127.1317     -20.5378
     898    -118.5233      -8.9729
     899    -105.0659     -20.9720
     900    -110.6113     -23.3932
     901    -112.0538     -11.3029
     902    -126.3379     -24.5087
     903    -123.0025      -4.0830
     904    -122.4265       0.7834
     905    -122.0014     -21.2543
     906    -133.5921     -20.2133
     907    -119.5867     -17.1732
     908    -151.6188      14.8992
     909    -122.8600      -9.9398
     910    -116.2662     -33.7325
     911    -134.8286      -9.0894
     912    -118.9833     -10.4774
     913    -124.6325     -14.6548
     914    -105.5817     -18.9990
     915    -104.2491     -34.0232
     916    -126.4863     -30.6896
     917    -137.9151     -30.7777
     918    -125.3247     -24.0585
     919    -111.3627     -14.2677
     920    -118.6428     -20.2225
     921    -127.5426      -6.9856
     922    -112.4498     -33.7961
     923    -124.8102     -35.1450
     924    -117.2416      -4.0124
     925    -135.1723      -0.7739
     926    -122.1846      -9.7774
     927    -126.1324       2.9963
     928    -112.1580      -0.8002
     929    -119.8568     -17.6610
     930    -125.1581     -44.8267
     931    -113.9656      -4.7834
     932    -114.5696     -17.6402
     933    -120.3992     -19.7382
     934    -127.1260      -7.7302
     935    -139.3873       1.7984
     936    -143.0642     -33.5480
     937    -126.1339     -11.9202
     938    -118.1945     -15.9679
     939    -107.9671     -15.9075
     940    -121.9549     -21.1338
     941    -130.3140      -6.5475
     942    -140.0515       9.5774
     943    -133.9147      -1.0522
     944    -133.2510       2.9593
     945    -125.8227     -10.6303
     946    -127.8659       8.5420
     947    -113.9399      -1.9561
     948    -118.7929     -27.9611
     949    -116.0306      -7.6750
     950    -107.7526     -10.8035
     951    -130.6677      -3.9599
     952    -105.8727     -20.7604
     953    -104.9108     -19.8922
     954    -123.9522       1.4841
     955    -134.3075      -3.7467
     956    -122.8448       0.9193
     957    -115.6388      -7.8998
     958    -127.2721      -2.9296
     959    -135.8772       0.0871
     960    -132.0822      -8.6334
     961    -114.5716     -16.1344
     962    -113.5851      -3.1166
     963    -108.7719      -8.2493
     964    -113.6836     -15.3283
     965    -121.4325     -19.5768
     966    -139.6752      -4.8951
     967    -138.8953      10.5499
     968    -126.4461       0.2684
     969    -143.8097      -4.4485
     970    -129.5140      14.5947
     971    -123.4322      -7.4082
     972    -116.9428      -3.0420
     973    -130.9948     -20.4161
     974    -121.8116       5.4326
     975    -146.1939      -4.4073
     976    -115.7842     -17.3473
     977    -125.7077     -10.1589
     978     -89.5444     -16.5026
     979    -124.3533     -13.6908
     980    -117.8589     -14.5368
     981    -137.5893      -5.0915
     982    -123.2400      -4.0643
     983    -129.2460     -21.8041
     984    -133.6872     -11.5464
     985    -108.4621     -12.2640
     986    -126.1422      -7.5142
     987    -123.3140      -4.3718
     988    -120.7214     -14.4487
     989    -125.8832     -13.7912
     990    -108.9019     -21.4216
     991    -114.0980     -12.3242
     992    -121.9384      -4.1058
     993    -120.6690       1.6045
     994    -127.2381      -3.1463
     995    -121.8493     -16.5881
     996    -119.9126     -18.6079
     997    -140.8619      -5.0739
     998    -120.0739     -13.7876
     999    -113.0512     -21.1157
    1000    -122.0155      -8.1065
