#Frame        phi:121      psi:121
       1    -107.9765     -20.1630
       2    -105.7154     -14.3983
       3    -123.1209      -9.7140
       4    -107.9815     -14.9564
       5    -104.9634     -16.5014
       6    -108.2269      -8.3269
       7    -102.7650     -21.4157
       8    -105.7387      -7.7698
       9     -84.0938     -13.5403
      10    -104.1943      -7.9825
      11     -88.9433     -14.7556
      12     -99.0396      -5.4516
      13     -96.2812     -14.0539
      14     -87.7762       1.3479
      15     -98.2630      -2.4468
      16    -124.1635      -6.7727
      17     -92.1204      -0.0877
      18    -116.6690     -13.1988
      19     -99.9218     -17.0331
      20    -101.3669     -11.6106
      21    -101.6099      -9.5792
      22    -109.6460      -7.9602
      23     -88.6465      -3.9103
      24    -100.5017       2.5830
      25    -106.9047      -5.7771
      26    -110.2430     -10.0192
      27    -103.6840     -19.3627
      28    -116.0296       0.2744
      29    -103.2662     -13.4669
      30    -109.6388      -7.8302
      31     -95.9339      -7.3588
      32    -122.9633     -17.2359
      33     -99.3808      -4.6856
      34     -83.9653     -14.0742
      35     -96.0337      -9.7716
      36    -112.6116     -18.0388
      37     -99.9625      -4.7107
      38    -122.8674      -3.1849
      39    -111.6528     -20.5044
      40    -105.4455      -0.2695
      41    -107.2900     -22.2272
      42    -126.7704     -10.4600
      43    -114.8734      -8.7519
      44    -118.4930     -15.3457
      45     -95.7525      -8.1757
      46    -109.7861     -18.4325
      47     -95.6579       1.1901
      48    -104.5380      -9.1490
      49     -88.0044     -13.1718
      50    -107.0370      -7.4777
      51     -89.3067      -2.1044
      52    -112.2518      -2.8361
      53    -106.4844      -9.4468
      54    -110.5189     -26.1578
      55     -77.5379     -16.9765
      56    -111.6120     -10.4556
      57    -135.0270      -4.4530
      58     -82.8743     -24.5676
      59    -118.5091      -0.4618
      60    -116.1015     -11.4722
      61    -107.4483      -8.6324
      62    -111.3804      -8.9107
      63    -104.3816       1.6592
      64    -119.6859      -6.1750
      65    -106.1942       5.4615
      66     -93.3056      -4.3405
      67    -104.6633     -13.5017
      68    -105.8974      -1.3694
      69     -97.9641       2.0822
      70    -118.6289     -15.3149
      71    -134.4037       1.5512
      72    -101.8248      -3.7263
      73    -106.4127      -7.7001
      74    -112.9607      -3.4643
      75    -108.1516     -21.5816
      76    -123.3449      -5.7316
      77    -117.7827      -7.0398
      78    -122.4994      -0.3017
      79     -95.1333     -39.8534
      80    -110.7678      -9.5406
      81    -113.2518      -7.4842
      82    -102.1784       0.8098
      83    -110.5080     -10.8888
      84    -104.6476     -10.5841
      85     -91.6152     -11.2823
      86    -114.9864     -13.5461
      87    -113.7610      -1.1912
      88    -102.0127      -0.9152
      89    -112.0516      -7.8795
      90    -110.2640     -13.3269
      91    -138.3375      -5.2491
      92     -99.0433      -4.0362
      93    -105.7503     -17.0923
      94    -112.0883     -13.4878
      95    -104.4337      -5.9034
      96    -113.9601       5.6181
      97    -114.5950     -11.6420
      98    -111.8843     -10.1570
      99    -108.6659       0.5423
     100    -104.7418      -8.7946
     101    -111.6708     -20.1871
     102    -115.8671      -6.7038
     103    -114.0697       0.4218
     104    -113.0256      -3.8055
     105    -107.6279      -3.4413
     106     -96.7281      -7.6436
     107    -116.8369     -10.0019
     108    -117.9987       4.5868
     109    -111.6513      -7.7518
     110     -97.6529     -19.7727
     111    -108.6967       6.8422
     112    -112.0438     -12.4747
     113    -105.1576      -0.4432
     114    -119.2029       5.1406
     115    -104.9477     -10.3415
     116    -109.0813      -3.9636
     117    -100.0580      -8.2567
     118    -114.5351      -0.9859
     119    -105.7239       2.7881
     120    -118.7008      -4.1709
     121    -104.7987     -13.2956
     122    -127.4789      -6.2941
     123    -118.5736      -4.3559
     124    -121.7463     -23.0522
     125     -94.8724      -5.1546
     126    -109.8479      -8.6888
     127    -108.6372     -21.7530
     128    -101.4593      -9.4429
     129     -92.2042      -5.9558
     130     -90.5358       2.2700
     131     -93.3554       1.1113
     132    -110.9290      -1.6830
     133     -90.2873       0.8281
     134     -90.0111     -15.7195
     135    -131.5416     -15.5668
     136     -84.6638      -9.9594
     137    -104.3934     -13.7615
     138     -93.0628     -11.4344
     139    -117.2891       1.5714
     140    -113.3310       1.7324
     141     -90.0385     -10.3902
     142    -103.7076       5.1447
     143    -112.5643       8.0111
     144     -98.9595     -20.2402
     145     -94.4854      -3.7138
     146    -120.3765      -8.2431
     147    -112.6710      -7.1877
     148    -107.3655       1.2725
     149     -96.8665       0.7784
     150    -109.0578      -7.2935
     151    -131.0318      -8.2856
     152     -76.3841     -12.6091
     153     -96.2161       8.2772
     154    -121.4301     -17.3713
     155    -105.2106     -11.7815
     156    -112.0930      -2.0101
     157     -89.2527      -2.5363
     158    -110.0189     -14.9750
     159    -114.2981       7.0370
     160    -108.7778      -2.0314
     161     -89.3763      10.2080
     162    -117.8367       0.1220
     163     -93.2404     -10.8910
     164     -95.3132       0.3595
     165    -110.1744      -5.8615
     166    -112.7013      14.6280
     167    -109.6895      -2.9417
     168    -122.0241       1.4052
     169    -117.5196      -6.2153
     170    -116.4886     -11.1817
     171    -118.1122       9.0544
     172    -106.3674     -12.8087
     173     -99.8117      -4.5502
     174    -115.0313     -11.5418
     175     -94.0564     -12.9640
     176    -110.5742     -18.7088
     177    -109.6277      12.4452
     178     -89.2498     -15.8910
     179     -81.6586      -3.4001
     180     -89.9910       1.3319
     181    -114.2862      -2.4463
     182     -91.5476      -1.6242
     183     -95.9025     -36.0704
     184    -129.8540      -5.7828
     185    -114.4220     -10.4880
     186     -98.4977      -7.3664
     187    -117.2139       9.4740
     188    -120.5868      -7.0117
     189    -110.6396      -0.2948
     190    -107.4962      -6.6975
     191    -102.9689       2.3765
     192    -101.8729      -6.1440
     193     -97.7615     -20.4902
     194     -91.6144       2.0244
     195    -116.4830      -8.9947
     196    -102.9758     -31.9357
     197    -121.7780      -2.5357
     198    -109.4822     -17.6974
     199    -105.1134      -5.5907
     200     -96.9268     -12.7917
     201    -114.3348       0.0968
     202    -102.8447     -17.7828
     203    -126.1486     -16.3687
     204    -107.8521      -4.0151
     205    -110.7192      -9.0573
     206    -105.0142       1.7888
     207     -97.6307       5.4310
     208    -107.1685     -17.6525
     209    -112.8087     -10.5072
     210     -92.0095      -4.5787
     211    -108.9170      -5.1501
     212     -99.9746      -6.4449
     213    -125.0675      -7.3636
     214    -123.0241       2.0686
     215    -101.7583       7.6639
     216    -120.0113     -16.6946
     217    -120.8468      -4.0518
     218     -93.0440       8.9392
     219    -115.3551     -10.9029
     220    -112.4251      -5.2957
     221     -91.9030     -19.0386
     222     -96.6257      -6.0679
     223    -102.7457      -8.8608
     224    -100.1881       5.6269
     225     -91.4050     -19.9692
     226    -103.7032     -14.2934
     227     -86.9348     -30.7428
     228    -108.2993     -13.6079
     229    -117.2874      -7.1350
     230    -101.3972       3.9685
     231    -113.1754      -2.7966
     232     -99.1753      -8.0412
     233    -113.1767       5.9306
     234    -108.6359      -5.7034
     235    -116.5255      -9.1951
     236    -101.3003     -12.2745
     237    -105.6910     -23.2467
     238     -97.1814     -18.9970
     239    -115.7753     -11.6434
     240    -116.7117     -10.7733
     241    -109.6292     -12.1349
     242    -127.0165      18.7962
     243    -117.1660       7.5348
     244    -112.0170      -7.0669
     245    -126.7805      -6.3879
     246    -119.5376      -3.7368
     247    -118.5806      -1.5081
     248    -100.8352      -0.6907
     249     -87.6967      -6.3385
     250    -110.4092       9.9169
     251    -107.4230      -7.7952
     252    -102.5150       1.0404
     253    -103.3780     -21.0906
     254    -108.5043       3.7213
     255    -105.4611     -22.2796
     256    -114.2349      14.1642
     257    -109.6676     -10.0300
     258    -119.1393      -1.7609
     259    -121.4361       7.9629
     260     -88.5580      -6.1605
     261    -115.8168       3.2105
     262     -99.9100       1.7655
     263    -120.9899      -1.6398
     264    -125.8267     -12.7439
     265    -102.0568      -7.2065
     266     -90.7433     -20.4743
     267    -134.1089       1.8202
     268    -106.8677      -8.4030
     269    -106.2954      -8.5676
     270    -128.3528      -3.5697
     271    -107.6583      -8.2771
     272    -112.6526     -15.8318
     273    -114.0126      -7.6061
     274     -86.3581      -2.8925
     275    -119.8314      -4.6059
     276    -103.5466      -4.3512
     277    -113.2906       7.7457
     278    -102.1123      -4.5203
     279    -115.5071      19.3412
     280    -109.7997      -2.2572
     281    -127.2238     -21.3090
     282    -111.0095      -5.0028
     283    -119.7090      14.7333
     284    -102.3134     -29.2763
     285     -97.0446      -5.2333
     286    -101.7823     -16.5442
     287    -124.3049     -16.7531
     288    -117.2111      -4.9806
     289    -110.6118       4.6903
     290    -118.4256       8.3745
     291    -123.3569     -16.2698
     292    -114.6449       3.1300
     293    -122.2870      -5.0019
     294    -106.9888     -16.0512
     295     -95.8867      -7.6615
     296     -84.8956     -19.4525
     297    -102.3372     -16.4131
     298    -108.7242      14.0574
     299    -102.8906      -2.8608
     300    -122.3658      -8.7375
     301    -118.8756       2.4635
     302    -124.3132     -25.1390
     303    -125.2859       5.2869
     304    -122.6629       2.4357
     305    -108.5640       3.5940
     306    -115.8276     -13.8721
     307    -136.1197     -12.0708
     308    -131.6396       7.5866
     309    -111.1881     -12.3474
     310    -103.2504      -9.2871
     311    -105.1589       4.8547
     312    -106.9244     -18.5092
     313    -128.3052       8.7162
     314    -120.9326       7.7396
     315    -111.4943      -9.1551
     316    -105.4187     -16.5427
     317     -89.9768     -11.0926
     318    -108.2504     -27.3652
     319    -118.6599       3.3737
     320    -100.2149      -8.7372
     321    -102.7501      -8.8875
     322    -114.2945      15.3641
     323     -98.2261      -4.6064
     324    -107.2990       6.9115
     325    -102.9623      -6.8597
     326    -112.8730       5.3451
     327     -85.0494      -1.3269
     328     -90.9468       0.8825
     329    -123.3644       2.7115
     330     -93.4239       7.1377
     331    -103.9176      -3.9804
     332     -96.1668      -1.4327
     333    -114.0858      -6.4698
     334    -102.7890      -4.1909
     335    -123.7678     -15.7579
     336    -118.4765     -20.7391
     337    -134.5802      -2.2791
     338    -113.7518      -6.2732
     339    -105.1800      -5.0570
     340    -109.8105     -12.3772
     341    -119.3488       1.4988
     342    -109.6874      -7.1811
     343    -106.9501     -17.5497
     344    -130.8118       8.3125
     345    -102.9672     -15.0971
     346    -110.2612     -13.1290
     347     -93.4579     -13.0266
     348    -107.7464       7.1440
     349    -103.7949      -1.5981
     350     -88.7797      -5.7035
     351    -113.6460       0.0026
     352    -102.1397     -22.8381
     353    -120.2945      -9.0483
     354    -111.1316      -6.8550
     355    -111.2640      -8.2614
     356    -105.7424      -4.0322
     357     -92.6771       8.3446
     358     -94.7688     -19.0583
     359     -95.1059     -13.6057
     360    -113.7258       9.9567
     361     -92.8155      -6.3330
     362    -119.4828      -9.2536
     363     -94.3904       1.4347
     364     -91.7559     -12.7820
     365     -96.1246     -21.1853
     366     -95.0637      -4.9770
     367    -105.9751      -6.7034
     368    -100.1886       0.4266
     369    -122.8808      -3.8345
     370    -113.6342     -10.0320
     371    -105.0113      -1.3766
     372    -103.7587      -7.6571
     373    -115.7450     -27.0450
     374     -93.2155     -16.0890
     375     -94.0931      -1.5400
     376     -90.4600      -7.2605
     377     -66.2978     -25.0535
     378     -87.0222      -1.9274
     379     -84.6110       7.7552
     380     -95.6905      -3.2091
     381    -122.8035     -11.0237
     382     -82.2848     -16.1054
     383    -102.3785      -7.6122
     384     -91.4275      -0.7442
     385    -125.8787     -10.7913
     386    -110.2398       8.1674
     387     -86.2472      -0.1493
     388     -98.6858     -22.5418
     389    -121.3403     -11.6215
     390     -96.1284     -12.0442
     391    -102.7538     -12.3248
     392    -104.9103      -8.5813
     393    -116.1034     -22.6451
     394    -109.6509     -17.2194
     395    -108.9082     -13.1751
     396    -105.1745     -24.1622
     397    -110.5898       1.9425
     398    -122.5735     -10.4556
     399    -125.7643       0.7649
     400     -91.0491       6.5171
     401    -123.8840      -2.9265
     402     -92.3705      -4.4485
     403     -92.5428     -12.0207
     404    -108.9326      -2.5407
     405    -103.9330     -14.3035
     406    -122.1559       0.1584
     407    -102.7489     -18.7086
     408     -99.7193      -8.6159
     409    -107.9481     -32.9694
     410    -105.9376      -9.5648
     411    -105.1718      -3.8402
     412    -116.0958     -10.1715
     413     -85.4496     -17.8146
     414    -105.4010      -4.8343
     415     -90.5824      -7.9693
     416    -107.9580       4.8732
     417     -96.8560     -12.2303
     418    -104.5688      -2.3772
     419    -109.2282      -4.5309
     420    -108.2117      -0.6094
     421    -115.1450       7.4945
     422     -88.2077     -14.3557
     423    -105.9865      -9.1198
     424    -112.3666       4.0773
     425     -99.0118      -5.3900
     426    -111.0135      -1.9512
     427    -101.0873       2.0605
     428    -112.9724      -6.1092
     429    -109.0254      -4.2285
     430    -106.3761      -8.3733
     431     -80.4336      -3.3902
     432    -115.6509      -3.3442
     433     -85.3959      -5.7100
     434    -114.8473       3.9940
     435     -83.9613     -12.1209
     436    -104.7043      -6.6108
     437    -114.6581       0.2769
     438    -112.4341      -1.7913
     439     -99.0585     -23.3801
     440    -111.4565      -1.5815
     441     -97.1588     -21.5874
     442    -124.3274     -10.0965
     443    -121.8095      -5.1627
     444    -109.8430      -7.4187
     445    -125.2451       4.0180
     446    -109.5467      -8.5094
     447     -99.9932       0.6872
     448    -116.1401     -10.7945
     449     -91.9475     -23.6834
     450    -117.0211      -8.6029
     451     -90.4611       1.3209
     452     -95.6904       7.2579
     453     -99.6903      -6.9710
     454     -98.3153     -10.3006
     455    -110.5749      -4.1058
     456    -125.0465      -4.2217
     457    -105.2623       0.8963
     458    -118.8426      -6.4397
     459    -121.8381     -24.3778
     460     -96.6118     -10.0690
     461    -115.7006      -4.0962
     462     -95.8082      -3.9026
     463    -100.5065      -4.1936
     464    -111.9920       8.9305
     465    -113.6966     -12.7706
     466     -98.7751      -2.2725
     467     -97.2337      -7.0920
     468    -110.8491      -5.0290
     469    -106.7439       3.1698
     470     -94.9450       4.1815
     471     -84.9357     -22.6499
     472    -110.4007     -12.5477
     473    -101.3030     -11.9929
     474    -118.2262     -14.5744
     475    -121.3998     -10.9942
     476    -102.6494      10.9486
     477     -90.4826     -13.0458
     478    -102.0462     -23.5061
     479    -114.4920     -14.4913
     480    -102.7732       8.0769
     481    -109.8283       3.8203
     482     -97.5819     -11.2355
     483    -101.3457      -4.9907
     484    -127.9822       3.0218
     485    -105.1456      -6.7608
     486    -109.0252      -6.8783
     487     -96.6665     -12.2728
     488    -100.8842      -1.5959
     489    -104.2748      -6.8133
     490    -108.5544       6.5499
     491    -118.0435       4.9736
     492     -92.2667     -12.8571
     493     -96.5270      -7.6714
     494    -102.7898     -10.1081
     495    -102.7419     -15.0944
     496     -83.8751      -4.4715
     497    -111.1432      -8.7610
     498    -100.3069      -3.2481
     499    -111.6424       1.5244
     500     -96.7565       7.7692
     501    -104.1784      -2.0565
     502    -109.0618     -21.0098
     503     -96.8580      -2.2873
     504     -87.7264      -2.3784
     505     -93.7242       7.6164
     506    -110.7218       1.4721
     507    -110.2806      -9.2201
     508    -109.3722      -9.9804
     509    -120.9036     -11.7982
     510     -93.6189     -33.2964
     511     -90.2275     -18.5818
     512    -130.7771       3.0826
     513     -97.5299     -14.0525
     514    -101.7312     -21.7635
     515    -100.0460     -27.6838
     516     -87.6082     -35.9317
     517    -103.4131     -12.1441
     518     -93.4228     -10.3335
     519     -98.2829      -9.4361
     520    -124.0833     -24.7782
     521    -102.9264     -21.0298
     522     -88.1571     -23.8661
     523    -116.1646       0.7482
     524     -98.5567      -8.9541
     525    -106.8595     -12.1946
     526    -118.0651     -19.9242
     527     -98.9432     -24.7642
     528     -71.2921      -9.8846
     529    -114.8969      -1.9295
     530     -96.7077     -18.2365
     531    -139.0403     -15.0217
     532    -109.4147     -14.3096
     533     -97.9752      -3.5208
     534    -113.0824      -6.7237
     535    -113.7468     -12.2369
     536     -90.9977      -7.2170
     537    -102.5394     -17.6482
     538    -105.4889      -3.7732
     539    -113.4039      -9.7341
     540    -111.0248       9.8249
     541     -94.0512      -2.4561
     542     -84.4938      -1.7189
     543     -90.8412      -3.0697
     544    -125.6544      -8.9460
     545    -102.9851     -22.7665
     546    -118.7484      -4.4310
     547     -95.6951     -19.1852
     548     -93.3988     -21.4307
     549    -107.1584     -12.6685
     550     -98.9543     -16.4481
     551    -114.2909      -5.0758
     552    -110.7166     -10.6765
     553    -101.4269       4.7295
     554    -108.9636      -4.2163
     555     -77.6920     -19.6836
     556    -104.4175     -14.1467
     557    -123.9717      -6.4615
     558     -94.2302     -33.0647
     559    -103.2883     -11.7450
     560    -106.9406     -19.2984
     561    -115.0048      -8.6406
     562     -99.3123      -9.8818
     563    -115.7130       2.4565
     564     -81.2549      -3.9021
     565     -95.8561     -23.3306
     566    -106.3882     -11.8000
     567     -90.9492     -22.1707
     568    -121.4725     -14.0685
     569    -105.9474      -2.2692
     570     -91.3524      -7.2336
     571     -95.2104     -27.8733
     572     -97.9608     -18.4876
     573    -106.4165     -30.5020
     574     -98.6375     -32.9905
     575     -90.1274     -15.9635
     576    -122.6850     -13.2338
     577    -113.7262      12.6394
     578    -101.7487     -18.1488
     579     -99.3674     -23.1444
     580    -114.5641       5.5348
     581    -109.8347     -12.4863
     582    -113.0439     -19.9673
     583    -100.9280     -14.4902
     584     -95.1188     -37.3138
     585    -105.7457       9.0155
     586     -92.9283      -9.4279
     587    -122.6834     -35.3356
     588     -92.6715     -10.3007
     589    -103.5049     -16.2835
     590    -113.7885     -16.0080
     591    -116.2902     -38.2718
     592     -97.9349      -4.0889
     593     -94.8110     -20.2056
     594    -113.3086     -18.9767
     595     -78.2737      -9.1863
     596    -121.9453     -20.4966
     597    -108.9299     -36.2752
     598    -104.1980     -26.9666
     599    -134.3115      -6.8938
     600    -115.8072      -2.3225
     601    -117.8723     -23.0923
     602    -106.1184     -21.3733
     603    -113.8736      -8.1937
     604     -96.0880     -22.2553
     605    -129.6688      -3.2193
     606    -104.0818     -12.0991
     607    -124.0896     -22.2909
     608    -118.5342     -17.7897
     609    -129.4555     -10.1612
     610    -100.1233     -11.2205
     611    -125.0139      -8.0447
     612     -91.6594     -17.3452
     613    -119.5700     -23.4045
     614    -117.1784      -9.8453
     615    -101.4509     -17.7303
     616    -125.0903      -2.4402
     617    -101.6630     -17.2449
     618    -130.8825     -12.2418
     619    -107.8571     -13.3096
     620    -120.0435      -8.8733
     621    -121.3776      -6.1478
     622    -121.7109     -12.4239
     623    -106.0426     -12.2879
     624     -95.3260     -12.7361
     625    -117.9419      10.4350
     626    -101.8279      -8.4753
     627    -106.0242     -26.5534
     628     -95.2795     -17.1419
     629    -103.5342     -15.1013
     630    -104.9398     -10.4045
     631    -109.7425     -28.9037
     632    -124.0317     -11.0063
     633    -110.6224      -5.3413
     634    -113.4229      -8.1686
     635    -110.5705       8.1791
     636    -114.9705       0.5858
     637    -115.3355      -8.3233
     638    -109.8597      -9.7491
     639     -94.2635     -14.7061
     640     -99.1704     -17.8275
     641    -103.9866     -25.7012
     642     -92.0413     -31.8131
     643     -92.0587     -17.5266
     644    -113.1139     -29.0512
     645     -89.8687     -15.0311
     646    -105.3066       1.1510
     647    -101.4278     -13.8078
     648    -106.8310      -2.7089
     649    -100.6945      -9.1602
     650     -93.2258     -10.6228
     651     -96.1360     -11.9422
     652     -94.9156     -13.1911
     653    -103.9568     -11.3781
     654     -95.3414     -25.5126
     655    -110.7880     -19.4275
     656     -99.5039     -17.4854
     657    -119.3205     -17.7096
     658    -111.8130     -16.6965
     659    -115.4208      -8.0068
     660    -118.3117     -10.9743
     661    -127.2598      -3.8918
     662    -105.4054     -20.4587
     663    -102.7556     -14.4958
     664     -91.4771     -32.3774
     665     -97.7097     -14.2086
     666    -108.7290     -12.1069
     667    -100.1318     -15.2547
     668     -81.9261     -18.6052
     669    -112.2332     -11.1745
     670    -114.2463     -23.2223
     671    -120.1101     -19.9102
     672    -121.3924     -15.7705
     673    -123.3775     -27.0417
     674    -110.1836     -13.0027
     675    -104.5337     -11.1194
     676    -100.7628     -10.6456
     677    -124.3474      -6.0212
     678    -101.0523     -19.4544
     679     -96.8580     -24.4677
     680     -91.4687      -7.8881
     681     -91.9031     -19.1066
     682    -101.2305     -25.6569
     683    -113.8478     -12.9889
     684    -108.0357     -21.7336
     685     -96.6591     -31.6129
     686    -101.9987     -18.0700
     687    -114.8861     -29.5413
     688    -115.4772     -12.7656
     689     -86.9783      -8.4801
     690     -90.9320     -20.8655
     691    -104.3743      -9.0721
     692    -112.1141      -8.2313
     693    -102.0385     -15.6960
     694    -125.5602       2.7479
     695     -95.2683     -43.1696
     696     -82.6412      -6.8089
     697    -107.2501       6.2618
     698    -113.8965     -14.7818
     699    -104.4865      -5.6709
     700    -107.5011      -6.9125
     701     -93.4280     -21.0034
     702    -104.7168     -11.0791
     703    -111.7465     -21.0513
     704     -78.6674     -10.4425
     705     -93.5907       1.9659
     706    -110.0852       1.2028
     707    -105.3812      -4.9514
     708    -113.6550     -19.4037
     709     -98.0498     -11.5445
     710     -97.0869     -13.1432
     711    -121.4373      -1.6335
     712    -129.0244     -14.0242
     713     -98.7815     -20.1087
     714    -111.0052     -15.8100
     715    -109.7309     -14.1971
     716    -102.1644      -6.8981
     717    -108.3565      -8.5378
     718    -127.5323     -21.1072
     719    -108.5124     -19.5266
     720    -107.5624      -1.7572
     721    -105.8050     -44.7859
     722    -111.6318     -16.3489
     723    -106.3917     -16.7803
     724    -108.1180     -23.5291
     725    -106.3667     -13.8649
     726     -98.8842     -13.8172
     727    -112.9265      -8.5319
     728     -77.3367      -9.6607
     729    -105.5056      -8.9441
     730    -127.1030     -13.4412
     731    -103.0518     -22.4355
     732     -88.2164     -20.9536
     733    -100.5426      -5.4407
     734     -96.3767      -8.0967
     735    -106.7876      13.9530
     736    -106.6607     -17.0394
     737    -119.6848      -4.7705
     738     -94.5320     -14.3018
     739     -99.2951      -9.2319
     740    -119.0192     -19.9602
     741     -95.0730      -5.9771
     742    -106.2417     -23.4482
     743    -114.1074      -5.0119
     744    -102.1731     -18.0207
     745     -80.0165     -12.8221
     746     -95.0021     -17.3079
     747    -104.1685      -4.5720
     748    -106.5810     -30.4289
     749    -113.2750      -4.8301
     750     -82.1965     -21.8942
     751     -81.7593     -14.6044
     752    -105.5241      -6.7295
     753    -121.6779     -13.2654
     754    -102.5404     -24.4670
     755     -98.5467      11.0240
     756     -75.4723      -4.0569
     757    -114.9632      -2.2206
     758    -121.3447       1.0729
     759    -101.9647     -29.5041
     760    -119.3870     -19.7094
     761    -122.7094       2.6477
     762    -114.5107      13.9780
     763     -91.2928     -23.1238
     764    -119.8234     -19.0684
     765    -108.0680      -0.4759
     766    -119.2287     -26.3901
     767     -98.2833     -19.4846
     768     -98.5455      -0.0407
     769     -98.6832     -15.4721
     770     -96.7316     -11.2214
     771    -127.8672      -8.4528
     772     -92.4190     -27.8862
     773    -104.6758     -28.9113
     774    -114.9445     -21.4902
     775     -94.3747     -23.5408
     776     -98.4298     -19.2071
     777    -100.2599     -25.8967
     778    -106.1878     -38.6952
     779    -106.5963     -21.0838
     780    -110.2201     -19.6047
     781     -95.6255     -25.8252
     782    -116.1694     -13.5595
     783    -103.8413     -15.4324
     784    -113.6532     -32.6947
     785    -116.5631     -18.8330
     786    -110.7966     -13.3549
     787    -124.1540       0.4664
     788    -105.4233     -15.1622
     789    -102.1757       0.7059
     790    -121.3602      -6.8427
     791     -97.7176     -21.0051
     792    -115.7862     -21.1149
     793    -107.0376     -35.3053
     794     -95.4177     -13.8565
     795    -115.8697     -13.2551
     796    -120.1290      -5.5613
     797    -100.3385     -18.3752
     798    -108.7077     -13.8147
     799    -110.6141     -23.5078
     800    -104.1965     -20.7761
     801    -106.0291     -24.9322
     802     -97.9630      -6.5793
     803     -89.7734     -27.3911
     804    -131.8956     -23.8753
     805    -128.0489     -20.8335
     806    -112.8479     -32.0304
     807    -119.8248     -13.5051
     808    -116.5847      -5.2301
     809    -102.8610     -32.7631
     810    -126.1856       0.1754
     811     -93.1813     -28.2369
     812    -126.4180      -9.5123
     813    -106.6522     -16.4909
     814    -105.8075     -54.1434
     815    -108.2404     -16.4311
     816    -113.9178     -31.5567
     817    -123.6960      -7.8943
     818    -103.7382     -26.2644
     819     -99.2474     -16.4593
     820    -118.5684     -23.1958
     821    -107.0830     -28.9813
     822    -119.7453     -19.2813
     823    -118.6774     -10.0504
     824    -103.8463     -24.1182
     825    -111.0576     -31.8661
     826    -124.6076     -29.6335
     827    -130.2722     -14.3471
     828    -109.6908     -15.2748
     829    -113.4377     -30.6316
     830     -93.9422     -17.5286
     831     -89.1327     -34.1086
     832    -123.9602     -20.9692
     833    -125.4185     -16.8309
     834    -102.5762     -24.9043
     835    -116.7041      -3.3458
     836    -105.8393     -21.9128
     837    -113.3804      10.6920
     838    -110.2648       8.4871
     839    -106.1781      -9.6173
     840    -111.8700      -4.7470
     841     -98.5530     -15.4593
     842    -105.2564       5.2863
     843     -85.4195      -8.9397
     844    -110.8538     -10.3166
     845    -119.9200     -31.8101
     846    -108.8829     -31.5886
     847    -123.8350     -11.7286
     848    -106.6952     -12.2015
     849    -116.8466      -8.2474
     850    -107.6636      -2.8894
     851    -114.5781      -9.1405
     852    -103.6853     -21.7517
     853    -108.8842     -19.6725
     854     -94.3024      -9.5273
     855    -116.1540     -12.2322
     856    -117.0098     -16.0841
     857    -123.1772     -10.7557
     858    -120.2386       9.5619
     859     -99.8311     -32.9648
     860    -119.0467       0.1170
     861    -101.1614     -20.7762
     862    -115.2338      -9.6879
     863     -99.7990     -23.5897
     864    -108.7444     -12.1104
     865    -105.1783     -15.8760
     866    -103.9654     -17.2375
     867     -98.8675     -15.1992
     868    -112.5873     -19.5165
     869    -106.4945     -15.8369
     870    -119.6689       3.4048
     871    -100.7229     -17.3601
     872    -101.2601     -41.3511
     873    -102.5216     -10.2771
     874    -109.9506      -7.4635
     875    -107.8386      -5.4836
     876     -98.9411      -5.7149
     877    -121.1441      -6.0472
     878    -123.7592      -8.2594
     879    -101.1850      -7.7522
     880     -95.4175     -17.6942
     881    -116.5297     -16.7790
     882     -90.0801     -20.2346
     883    -102.2194     -32.3036
     884    -115.8885     -20.3760
     885    -107.4479     -27.5942
     886    -108.3807      -5.4078
     887    -109.8041      -3.7997
     888     -88.6410     -14.2351
     889    -100.9944      -0.1947
     890     -89.0580     -15.8419
     891    -103.7402     -17.1034
     892    -111.0828     -26.9509
     893    -118.1657     -20.4446
     894    -125.4281     -11.6972
     895    -103.8866      -9.6638
     896     -96.9021     -15.6366
     897    -101.7621      -6.2306
     898    -119.8741      -5.9665
     899    -124.2376     -14.7597
     900    -111.5391     -20.2680
     901    -115.8461       3.4455
     902     -95.0368      -2.6433
     903    -111.7104     -18.3895
     904    -115.0435      -3.8201
     905    -103.1960      -3.1808
     906    -110.5383     -25.5103
     907    -104.6194     -16.5847
     908    -103.6520     -10.3541
     909     -96.8488     -25.5532
     910    -104.0950     -13.6965
     911     -84.6130      -6.1291
     912    -109.7237     -15.4259
     913    -121.7738     -13.9749
     914    -105.8530     -18.3416
     915    -100.1009     -17.9776
     916    -115.1875      -1.5764
     917    -100.4188      -2.3692
     918     -93.1215      -0.9005
     919    -121.0940      -7.0983
     920    -103.2396     -11.0281
     921    -103.6499     -31.8644
     922    -104.7845      -2.5292
     923    -107.0232      -9.6514
     924    -119.7141      -9.8766
     925     -90.7370     -15.5001
     926    -126.0212      -1.2171
     927    -106.3850     -16.8955
     928     -86.8282     -22.8205
     929    -118.3562     -15.6115
     930     -96.9636      -9.6179
     931     -99.2605      -7.2461
     932    -114.0665       2.2487
     933     -97.7776     -16.3202
     934     -99.4294     -12.1041
     935    -104.6455       2.0000
     936    -111.1620     -20.2740
     937    -100.9435     -12.7083
     938    -112.4309       0.1760
     939     -99.4212     -24.2999
     940    -103.8208     -15.5405
     941     -89.3591      -0.8604
     942    -120.4376     -16.6345
     943    -113.3595     -11.0423
     944    -117.1796       4.4482
     945    -115.2867     -22.7434
     946     -96.5221     -18.4259
     947    -106.3426      -7.5309
     948    -112.0784       6.9633
     949    -109.6643      -7.4277
     950    -116.6629     -12.7723
     951     -84.9994      -6.3620
     952    -102.9523     -10.1223
     953    -109.6578     -15.2676
     954    -101.8997     -11.6367
     955    -111.6750     -21.4923
     956     -88.0818     -13.8862
     957     -98.4808     -15.0587
     958     -83.1570     -16.6069
     959    -100.6000     -28.0512
     960    -111.0185     -10.0828
     961    -143.1444       2.2034
     962    -125.9904      -4.3162
     963    -103.3511      -3.4448
     964    -104.5890     -31.4713
     965     -93.6080     -17.2274
     966     -98.7080     -26.8248
     967    -111.0002     -11.6198
     968     -92.3944     -20.5964
     969    -116.1216      -8.4353
     970    -112.2410     -19.5959
     971    -114.0299      -8.7598
     972    -108.8935      -6.5729
     973    -109.5799      -3.8919
     974    -116.3821      -6.7436
     975     -96.3044     -19.2117
     976    -108.8682     -12.9819
     977    -118.1515       5.2702
     978     -98.8577     -21.3290
     979     -91.7577      -2.2276
     980    -100.8908       7.4548
     981    -101.1410      -0.9394
     982    -110.5531     -14.2772
     983    -100.8784     -11.4509
     984    -112.7642     -30.1593
     985    -120.0927     -11.0961
     986    -103.6714      -6.4078
     987    -103.3945      -9.6253
     988    -133.1709     -16.5218
     989    -116.3688      -7.6666
     990    -126.0580     -11.1600
     991    -117.4659      14.8120
     992     -85.4318     -18.8602
     993    -103.8593      -5.3583
     994    -100.2547     -17.5470
     995    -106.7219      -0.5869
     996    -101.7395     -45.0203
     997    -101.4292      -2.0134
     998    -115.2431     -25.8928
     999    -110.2126      -5.4119
    1000    -118.7177      -9.9632
