#Frame        phi:121      psi:121
       1    -107.7788      -7.1957
       2    -109.2444      -4.2762
       3    -101.7874       8.0183
       4     -93.2528      -4.3926
       5     -87.1647      -3.7937
       6     -75.4674      -1.1868
       7     -87.0510       7.8454
       8     -89.8027     -10.5719
       9    -110.1815       3.6204
      10     -98.0810      -9.0973
      11    -108.6110       2.3930
      12    -117.3706      -7.6835
      13     -87.5173     -12.2055
      14     -88.8515       0.3300
      15     -99.8254      16.3770
      16     -84.3651     -21.8304
      17    -118.1055      -6.7561
      18    -107.0225      -3.7318
      19    -144.7304      -6.7220
      20    -104.0071     -17.3728
      21    -133.5999     -15.0124
      22    -134.7321     -30.2958
      23    -133.0272     -10.2427
      24    -116.6952      -8.3343
      25    -137.1078      11.0113
      26    -136.6854      -9.6192
      27    -112.4684      13.9568
      28     -89.4996     -31.5065
      29    -105.1528      -7.2366
      30    -110.7322     -13.7895
      31     -97.0548      -9.7188
      32    -132.1358     -18.7352
      33    -116.4141      -0.3659
      34    -103.7313     -16.2310
      35    -109.6051      -9.9717
      36    -139.3872     -10.0305
      37    -131.5065      -8.9405
      38    -129.2216     -11.8715
      39    -127.3194      -5.7276
      40    -110.7822     -13.6159
      41    -110.8600     -12.6065
      42    -133.6426     -21.3999
      43    -117.8870     -11.0720
      44    -116.5048      -9.8358
      45    -114.2598     -17.0739
      46    -126.7387       6.7831
      47    -119.2272      -1.3002
      48    -119.7691     -10.5008
      49    -126.8439      -7.6248
      50    -119.7672     -11.3854
      51    -135.5909     -16.1249
      52    -124.2766     -10.0184
      53    -139.2379       0.8418
      54    -133.0199      -5.0872
      55    -144.9384     -15.8845
      56    -126.1394      -7.1592
      57    -120.6213     -21.9920
      58    -132.6744       1.5858
      59     -98.1191     -27.9118
      60    -131.9246     -15.3944
      61    -149.1146      -8.1942
      62    -130.7022      -7.9968
      63    -119.7742      -2.3067
      64    -129.0186     -15.2220
      65    -128.4480      -6.7425
      66    -123.0890       5.1780
      67    -128.1121      -6.7321
      68    -107.4773     -20.3460
      69    -117.3833      11.2971
      70     -95.2152     -11.4261
      71    -119.6368      -0.9762
      72    -110.4350     -15.6519
      73    -121.8734       5.5467
      74    -127.5331     -13.0578
      75    -115.1952      -5.4643
      76    -102.9663     -11.5023
      77    -128.0477     -17.2775
      78    -109.1146     -14.3918
      79    -125.1268      -3.9861
      80     -95.2027     -24.8634
      81     -99.1483     -17.3652
      82    -142.3961       7.8314
      83    -121.0926      -1.1896
      84    -118.8659     -12.8852
      85    -120.0489     -22.2656
      86    -132.6094     -12.9434
      87    -136.1134      -8.8189
      88    -130.9072      -4.2763
      89    -109.4354     -22.3804
      90     -90.4502     -10.4043
      91     -86.2998     -10.7585
      92    -124.2816     -11.7000
      93    -113.3387       0.9984
      94    -120.5272      -4.0974
      95    -130.4395      -6.5957
      96    -134.0371       0.0383
      97    -122.6723     -13.0272
      98    -108.0554     -13.5044
      99    -132.9906       0.1049
     100    -131.5157       5.4942
     101    -143.4928       1.0300
     102    -108.2426     -15.5144
     103    -123.7332     -13.9997
     104    -122.8421      -7.2129
     105    -130.4410      -9.8173
     106    -107.2021      -8.4235
     107    -127.1176     -11.1199
     108    -112.0319      -8.3079
     109    -103.6355     -17.4592
     110     -95.7447      -9.9683
     111    -137.3942       0.1453
     112    -122.3017     -15.4220
     113    -144.0137       2.4466
     114    -111.2537      -1.1671
     115    -131.1268      12.5525
     116    -135.9649       0.1552
     117    -128.2234     -10.4756
     118    -148.3911     -11.5541
     119    -116.6441     -13.1025
     120     -83.3370     -21.5900
     121    -133.7352      -2.0323
     122    -112.7482      -4.0979
     123    -124.1087     -22.2640
     124    -119.8558     -11.4635
     125    -130.3461      -7.6499
     126    -100.0720      -9.5461
     127    -134.5464       1.5077
     128    -119.3832     -10.9076
     129    -125.5929      -5.1196
     130    -125.9594     -14.4893
     131    -117.1975       5.0998
     132    -134.8134      -2.9867
     133    -127.6259      -1.6617
     134    -131.2140      -3.9581
     135    -117.2911       8.5408
     136    -122.8954      -7.4994
     137    -139.9980      12.9102
     138    -122.1788      -3.2440
     139    -125.1795      -4.4435
     140    -131.7877       5.5019
     141    -119.7359       3.1590
     142    -123.8236     -14.9970
     143    -120.7347     -10.9088
     144    -131.3830     -14.9703
     145    -114.1046       2.9358
     146    -126.2510      -9.3627
     147    -124.6419       5.9862
     148    -120.7525      -9.7257
     149    -135.2015      -4.6528
     150    -130.5457      -5.6635
     151    -116.1650       5.9747
     152    -127.8670     -19.2651
     153     -96.2935     -11.3825
     154    -124.0015      -7.0120
     155    -127.2779     -22.5466
     156    -109.5191     -11.7197
     157    -135.1707     -16.3631
     158    -128.7943      -2.1080
     159    -118.4031     -10.5027
     160    -107.7876       7.1400
     161    -119.1357     -12.7487
     162    -106.7748     -10.6689
     163    -127.4783      19.5738
     164    -130.5843       1.4466
     165    -133.6577       1.4014
     166    -122.9428      -7.6715
     167    -130.9788     -16.6113
     168    -122.6351      -6.2497
     169    -125.8335      -2.4524
     170    -125.5772      -8.3146
     171    -120.6444     -14.4473
     172    -119.7425       1.5546
     173    -113.7352       4.1826
     174    -131.0294      -4.3508
     175    -119.4083      -7.9079
     176    -100.8346     -21.2607
     177    -144.3786      -3.1889
     178    -133.9838      -4.4958
     179    -127.0941      -8.9139
     180    -119.0779     -16.4144
     181    -112.5835      -8.4999
     182    -118.6110       3.8896
     183    -108.2039      -8.0489
     184    -115.7182       0.0532
     185    -122.9671      -5.8584
     186    -125.2234       2.2934
     187    -133.7088      -6.8842
     188    -121.3515      -8.8195
     189    -108.3982     -14.2507
     190    -147.0046     -22.6594
     191    -131.6937      -4.4057
     192    -130.4083      -6.5036
     193    -108.6905     -13.6748
     194    -127.2315     -12.6469
     195    -126.7708     -24.1525
     196    -108.1932      -6.3551
     197    -109.2040      -2.9686
     198    -127.1977     -11.3145
     199    -132.4019      -0.3079
     200    -119.6793      -5.5415
     201    -133.1155      -4.9940
     202    -112.1842       1.1069
     203    -125.9816     -19.8887
     204    -133.7973      11.6551
     205    -140.2099      -1.5013
     206    -131.1217      -4.3265
     207    -133.1532      -1.1357
     208    -133.0689      -1.9939
     209    -136.6811       5.6189
     210    -128.6658       2.8775
     211    -124.3812      -7.8403
     212    -122.7864       9.4696
     213    -125.3521       0.8529
     214    -140.1109       4.8174
     215    -126.3826      -4.1293
     216    -105.2749      -0.2501
     217    -128.8964      -1.3181
     218    -118.1769      -5.0607
     219    -129.7047     -10.0978
     220    -115.4390      -4.8339
     221    -123.1978      -6.7141
     222    -129.7275       8.5099
     223    -132.7714     -15.6995
     224    -123.1142     -12.8622
     225    -132.3643       0.1153
     226    -117.3260     -19.2754
     227    -120.3346       0.6828
     228    -130.1877     -13.8043
     229    -112.5458     -12.9410
     230    -139.7872      -2.7729
     231    -136.5174      -1.3829
     232    -132.9133      -7.9699
     233    -117.8927      -7.2250
     234    -144.2195      -7.5070
     235    -117.2143     -19.4368
     236    -114.6395     -10.4793
     237    -140.3116       1.0746
     238    -139.7790     -19.1932
     239    -129.2383      -5.9882
     240    -107.1601     -19.7500
     241    -127.6226      -7.5470
     242    -133.3075       1.1532
     243    -129.6860     -19.5849
     244    -107.8072      -0.8718
     245    -136.5023      11.1444
     246    -103.1486     -28.8556
     247    -113.9286      -7.5544
     248    -130.2773      -3.3635
     249    -115.6913     -14.5753
     250    -108.2762      -7.2688
     251    -129.8653      -9.1061
     252    -144.0237       0.0519
     253    -138.7702      -0.6549
     254    -132.8581       1.2987
     255    -115.5154      -2.9036
     256    -121.4690      19.3357
     257    -138.1709     -19.8854
     258     -99.2147       6.9241
     259    -108.8472       0.4302
     260    -145.6392      -8.1107
     261    -110.8181     -12.4927
     262    -107.2822       2.1632
     263    -110.7242      -3.0226
     264    -123.1993     -15.8490
     265    -128.7276     -11.0337
     266    -121.7524      -1.4672
     267    -104.4059     -13.7716
     268    -126.1076       0.9613
     269    -109.1227     -16.5999
     270    -111.8677      -8.8822
     271    -117.7674       0.9276
     272    -124.9054      12.4653
     273    -116.7437      10.3483
     274    -101.3250     -10.1022
     275    -128.8856      -1.2774
     276    -123.7708       2.6470
     277    -123.4117       0.9082
     278    -126.5072       0.4596
     279    -135.0559      -7.0915
     280    -125.2466      -0.3423
     281    -125.8967      -0.5774
     282     -93.9917     -13.6056
     283    -123.6332       1.2496
     284    -128.8279       3.6289
     285    -132.2559       3.4254
     286    -139.3322      -3.5700
     287    -127.7792      -5.0894
     288    -147.5761     -12.7041
     289    -141.4048       8.2916
     290    -122.4632     -16.2328
     291    -146.7854     -13.3935
     292    -125.9814      -6.1332
     293    -147.3459       0.0187
     294    -130.9253      -2.5544
     295    -130.9740      -7.0730
     296    -123.7540     -12.3285
     297    -135.1613       7.7924
     298    -148.6919      13.9804
     299    -137.6068      -7.6468
     300    -134.9659      -1.5586
     301    -137.5919       8.1894
     302    -135.5589       3.4878
     303    -135.3296     -16.3547
     304    -131.6410      -7.6872
     305    -151.1631      -5.2277
     306    -143.1353      -9.3464
     307    -136.8229      -2.6349
     308    -141.4614     -13.2088
     309    -137.9417       5.8013
     310    -126.6281       3.6988
     311    -139.7561      -8.1471
     312    -127.4518       7.4724
     313    -145.3731      -9.6499
     314    -132.5133     -11.6613
     315    -110.4198     -18.5163
     316    -137.2000     -15.1168
     317    -149.5035       4.3074
     318    -123.7406     -11.9910
     319    -137.8013       3.1135
     320    -137.5146       7.3071
     321    -128.7989     -17.6087
     322    -108.2804      -9.9553
     323    -131.0854       3.6445
     324    -121.4694      -2.6153
     325    -124.2194      -7.3234
     326    -137.3351      -6.4650
     327    -150.1695      -5.7652
     328    -131.6192      -7.9189
     329    -148.6022       6.9458
     330    -142.3935       0.7391
     331    -139.1216       2.0568
     332    -141.3121      -2.3976
     333    -133.5829       6.9687
     334    -150.2384      -8.3805
     335    -134.0289      -1.5271
     336    -154.0388       2.7689
     337    -134.3056      -6.8555
     338    -137.2144     -26.4499
     339    -108.5205      -5.9179
     340    -128.0465     -11.5936
     341    -116.4479      -5.2843
     342    -128.6105     -19.9274
     343    -137.6033      -5.8769
     344    -127.2037     -10.5793
     345    -124.8244      -8.2270
     346    -150.1478     -13.5127
     347    -129.2629      -6.0438
     348    -111.3039     -26.3067
     349    -133.3164      -8.6572
     350    -123.7143     -15.5332
     351    -140.6920     -10.1235
     352    -136.9397       1.7085
     353    -126.2152     -12.4087
     354    -126.3349      -0.6016
     355    -131.3201     -12.1097
     356    -122.4180      -5.4044
     357    -120.9710     -17.6260
     358    -130.0598     -13.5435
     359    -134.9130     -10.8483
     360    -107.2628     -18.7894
     361    -133.4933     -21.5450
     362    -114.2998     -34.0480
     363    -110.9415     -13.9053
     364    -111.5945       5.7698
     365    -121.6952      -6.2001
     366    -108.9866      -4.4142
     367    -122.5561       5.5973
     368    -105.6131     -12.8655
     369    -123.9683      -6.6621
     370    -129.3789      -3.4612
     371    -123.3333       7.4682
     372    -124.7195      -1.1438
     373    -128.9351       3.7276
     374    -109.9655      -0.9512
     375    -126.3039     -11.9828
     376    -132.3903      -9.3524
     377    -120.7365      -8.1548
     378    -119.3700      -2.9193
     379    -110.2413     -13.5362
     380     -98.7393      -8.0270
     381    -126.1786      -7.8337
     382    -138.2735       7.1410
     383    -145.4908       5.7867
     384    -118.7281     -14.1639
     385    -110.8354      -2.2676
     386    -134.3558      -3.4149
     387    -128.5895       4.2692
     388    -107.2368      -6.1512
     389    -126.5051      -8.6706
     390    -130.9618      -5.4161
     391    -124.0089      -7.4952
     392    -130.4895       2.7016
     393    -126.1840     -15.1905
     394    -131.5134       1.3546
     395    -109.2780     -20.3899
     396    -133.7004     -16.3344
     397    -131.5312      -0.3955
     398    -134.6637     -22.6648
     399    -109.9057      -6.8147
     400    -135.3279     -13.3153
     401    -122.1062       3.6911
     402    -127.7341      -9.7003
     403    -124.8343      -4.0617
     404    -142.6101     -36.7459
     405    -123.5066       5.2947
     406    -136.4787      -6.3844
     407    -122.5171       5.5825
     408    -129.0840      -2.3143
     409    -135.1238       6.9942
     410    -130.7709      -3.2154
     411    -122.7386      -8.9826
     412    -138.0858     -13.8043
     413    -136.1485      -0.6809
     414    -139.1213      -0.6699
     415    -119.9854     -12.3416
     416    -133.0201       3.0390
     417    -137.9648     -22.5623
     418    -141.0006       7.8982
     419    -137.3599       8.1388
     420    -106.5659     -12.9112
     421    -126.9813      -6.2352
     422    -125.2299      -9.1905
     423    -128.8787      -4.8549
     424    -107.0797     -11.5315
     425    -125.1496     -10.2485
     426    -117.3034     -13.6994
     427    -133.7232      -9.2416
     428    -120.9479      -2.9765
     429    -125.2135     -18.9294
     430    -130.2559      10.3677
     431    -138.3314       9.3137
     432    -142.2436      -7.3623
     433    -138.9015     -15.2764
     434    -124.1296      -2.2868
     435    -125.4652       1.6455
     436    -129.7443       3.1444
     437    -139.2321      -7.8223
     438     -98.8824     -21.1951
     439    -118.2919     -16.6477
     440    -142.8518       2.6467
     441    -137.7333     -10.3370
     442    -123.9710      -0.5164
     443    -119.3598       4.5611
     444    -122.8126      -7.9429
     445    -116.9642      -9.2931
     446    -119.1018      -4.2190
     447    -117.0995       4.0359
     448    -132.3981     -10.6140
     449    -118.3198     -40.8331
     450    -124.0364     -11.6851
     451    -114.6028      -5.0434
     452    -104.7613     -19.6706
     453    -139.8853      -4.1870
     454    -112.6097     -26.7528
     455    -127.2156       2.9715
     456    -139.1081     -14.9448
     457    -134.8622       5.3448
     458    -116.0869      -2.0829
     459    -131.5033     -11.3667
     460    -102.4552     -14.8065
     461    -119.3695     -10.0314
     462    -114.1409     -10.6987
     463    -138.5116      -6.7315
     464    -123.8615     -10.6445
     465    -128.6600      -5.9469
     466    -117.9848      -7.7314
     467    -153.5751      -1.3265
     468    -123.1187     -20.2107
     469    -113.8679      -4.0609
     470    -137.2451      -8.0752
     471    -119.9865       7.7150
     472    -129.1560     -14.5142
     473    -133.6110     -12.3974
     474    -128.9218      -6.5859
     475    -133.0204      -9.9091
     476    -125.6198      -6.4974
     477    -101.6725     -11.9377
     478    -118.2136     -17.2236
     479    -124.7413      -8.6473
     480    -105.7664     -24.8376
     481    -131.2229     -10.6228
     482    -107.8005     -18.4442
     483    -106.9913     -23.6799
     484    -140.1635     -10.0473
     485    -120.6818     -20.8544
     486    -134.2354     -11.6780
     487    -110.5885     -21.5532
     488    -123.5251     -15.0608
     489    -120.5483      -6.6720
     490    -134.5404     -20.7915
     491    -134.4942       5.9171
     492    -114.0139     -16.1459
     493    -118.8875      -7.5047
     494    -102.9476     -12.2509
     495    -123.5062     -10.6227
     496    -121.3147     -10.3213
     497    -120.8948       5.2079
     498    -115.9308     -11.6360
     499    -114.5549     -13.4718
     500    -125.2479     -17.6065
     501    -113.0887     -12.3116
     502    -127.0660      -7.9207
     503    -130.2227       1.9132
     504    -135.4880      -2.5843
     505    -132.4999       1.1793
     506    -122.5134     -15.6986
     507    -109.8171      -5.4935
     508    -113.7983      -9.2029
     509    -117.1401      -3.8691
     510     -97.0022     -18.4804
     511    -122.1338     -10.1483
     512    -118.3267     -18.1681
     513    -115.8254      -6.5680
     514    -130.6293      -1.0970
     515    -107.2405      -2.2108
     516    -131.8756      -5.2436
     517    -108.6447       2.1637
     518     -98.1057     -19.6608
     519    -116.6560      -7.5597
     520    -119.4262       4.6834
     521    -138.2936       6.3656
     522    -119.6745     -16.0771
     523    -119.6229      -8.7721
     524    -126.7804      -6.9819
     525    -131.9500      -7.7441
     526    -126.7321      -8.6512
     527    -114.4759      -5.0800
     528    -142.3120      -1.3213
     529     -91.9373     -10.5164
     530    -121.3262     -17.4408
     531    -123.0609     -15.0010
     532    -123.5258      -8.7197
     533    -124.9741      -7.2912
     534    -133.8991     -16.5148
     535    -126.3498     -15.4544
     536    -132.6384      -1.5656
     537    -131.0002     -25.7709
     538    -124.6879      -5.3894
     539    -111.9658     -13.4605
     540    -112.1186     -13.9697
     541    -133.5262       1.0823
     542    -139.5895     -27.2216
     543    -134.9662     -15.4652
     544    -129.4661      -4.7028
     545    -131.4779      -2.5055
     546    -124.9468     -14.1260
     547    -116.1529      -4.9187
     548    -137.3839      -4.5204
     549    -132.1563       8.1649
     550    -124.0861     -23.3570
     551    -121.1802      -8.5477
     552    -133.8341       6.1554
     553    -118.6889       2.8398
     554    -131.2853      -7.4894
     555    -119.8725     -12.6160
     556    -128.9100      -5.7773
     557    -119.8006     -21.0725
     558    -135.2641      -0.7968
     559    -123.1807       1.5449
     560    -125.0076     -15.6877
     561    -124.8876     -30.9508
     562     -96.6811      -4.9372
     563    -125.1416     -12.1601
     564    -120.4200       2.7395
     565    -139.1581      -3.0534
     566    -136.7101     -18.3555
     567    -129.0804      -3.6267
     568    -110.4711      -7.5489
     569    -124.4127     -11.2322
     570    -109.0307     -12.2099
     571    -118.9733      -8.6786
     572    -136.1750      -5.5073
     573    -136.2731     -10.2377
     574    -127.9654      -7.5951
     575    -110.9304      -0.1828
     576    -124.6499      -7.3738
     577    -131.1979      -6.1538
     578    -123.7029      10.4663
     579    -130.0511     -27.9527
     580    -130.0239      -7.0275
     581    -104.0193     -14.8574
     582    -144.9863     -13.1937
     583    -127.8738      -5.2488
     584    -142.2197       3.8249
     585    -123.3807      -5.6869
     586    -121.1885     -16.9102
     587    -141.1067     -27.9424
     588    -122.5300     -17.5549
     589    -100.1237      -4.4544
     590    -105.0081      -9.9806
     591    -102.3404     -25.0391
     592    -122.4458      -4.9398
     593    -125.5625       0.4229
     594    -121.4683     -12.2877
     595    -134.8558      -7.8956
     596    -131.7178     -21.0844
     597    -102.1981     -17.3863
     598    -138.8551      -5.2647
     599    -141.3738     -16.1576
     600     -97.4679      -0.6809
     601    -122.6971      -4.6303
     602    -132.5307     -22.5690
     603    -131.5088       1.3990
     604    -124.7058     -10.0531
     605    -129.9097     -17.2319
     606    -138.0468      -0.4341
     607    -105.9531      -8.7397
     608    -136.3401       5.3689
     609    -125.1449      -9.7444
     610    -135.0082      -4.7765
     611    -120.8302      -4.3993
     612    -144.6095      10.9239
     613    -116.8820       5.2166
     614    -131.7156      14.9356
     615    -129.5249      -6.8957
     616    -125.1966      -3.3003
     617    -140.9535       3.0938
     618    -129.3985      -2.9403
     619    -118.0021     -12.4017
     620    -134.3471     -14.2661
     621    -135.7391       2.2878
     622    -125.9570     -11.5648
     623    -133.4163       3.6638
     624    -135.5380     -14.1045
     625    -125.9723       5.0506
     626    -139.2378      -3.0142
     627    -116.4721      -8.5618
     628    -126.7792     -13.2063
     629    -128.6066      -7.0982
     630    -122.9635      -3.8777
     631    -138.2704      -1.5154
     632    -135.2706      -4.2461
     633    -129.5537     -10.1321
     634    -129.0409      -8.2410
     635     -79.5420     -10.9045
     636    -136.8281     -19.9806
     637    -137.9560      -0.3732
     638    -117.8578      -7.6307
     639    -130.5582       8.2556
     640    -139.0931      -9.7972
     641    -107.7795     -11.1776
     642    -138.4462       2.8079
     643    -128.5755       4.8154
     644    -118.1918      -4.0818
     645    -126.3700     -26.5752
     646    -135.3744     -20.4684
     647    -126.6949      -5.4789
     648    -124.3793      -1.2552
     649    -134.0304       2.2349
     650    -123.6467      -1.6832
     651    -142.4048      -4.2689
     652    -149.4717     -12.3200
     653    -131.2669       8.8660
     654    -113.4020      -9.6069
     655    -129.8583       4.4872
     656    -148.4505     -19.5106
     657    -138.5696      -2.8467
     658    -127.0696       6.4433
     659    -144.7326       0.0301
     660    -128.4793       5.7875
     661    -115.1844      -2.6982
     662    -129.1574       9.8961
     663    -109.9368      -6.1601
     664    -138.7753     -10.6252
     665    -124.4349     -15.7833
     666    -123.3331      -6.5841
     667    -118.5589      -8.5204
     668    -127.6261       0.5736
     669    -114.1727     -16.4738
     670    -140.9448      -0.8229
     671    -132.8519      -8.1900
     672    -127.7360     -15.9868
     673    -136.3965       4.4250
     674    -132.0566      -1.7309
     675    -124.0043      -1.8690
     676    -140.7832       2.9783
     677    -138.7726      -6.2944
     678    -109.9305     -13.6704
     679    -125.0191      -1.4551
     680    -130.5493       4.2772
     681    -111.4407      -2.6335
     682    -108.8317       1.0977
     683    -138.0069      -0.5543
     684    -151.5959     -22.0818
     685    -104.5523     -30.1599
     686    -132.3031     -12.0142
     687    -128.1945     -17.8915
     688    -131.0885     -15.4564
     689    -120.5489     -13.6175
     690    -132.3449     -10.2068
     691    -117.9546      -7.2407
     692    -110.9763       7.7340
     693    -122.4984     -12.2337
     694    -134.1240       1.4551
     695    -125.3709     -10.6784
     696    -112.9879      -9.2700
     697    -128.0654       5.0825
     698    -110.8644     -18.8292
     699    -122.8061      -6.8609
     700    -111.7410     -13.1723
     701    -136.6410       5.4922
     702    -104.4334     -21.3086
     703    -128.7056     -28.9023
     704    -139.7442     -16.1387
     705    -146.8424     -15.4556
     706    -118.6900     -12.1879
     707    -137.7785      -8.5243
     708    -120.9878       1.1111
     709    -129.0874     -11.3152
     710    -119.5521       1.1764
     711    -112.1027       8.0081
     712    -134.9301       4.2531
     713    -138.4416      -6.1063
     714    -145.0004      -3.6042
     715    -134.5730      -9.9830
     716    -117.1287     -23.0768
     717    -121.0316      -4.7814
     718    -123.4473     -11.0264
     719    -139.1972      -0.8815
     720    -128.3278      -7.0464
     721    -109.6855      -7.6305
     722    -102.4536      -9.8448
     723    -117.7387     -22.7429
     724    -116.1095       1.2731
     725    -128.3101      -2.9329
     726    -109.9519      -5.2892
     727    -111.2096       9.1042
     728    -135.1124      -4.7152
     729    -127.5659     -17.0017
     730    -119.0897     -11.5705
     731    -121.4422      11.2500
     732    -129.0218     -21.3075
     733    -130.1397      -8.1533
     734    -110.5080      -9.8820
     735    -155.2659      -4.9426
     736    -141.7804     -15.5939
     737    -108.2179     -15.2850
     738    -132.5863     -14.3147
     739    -105.0745      -4.4503
     740    -113.0947     -14.9126
     741    -128.6124     -13.3796
     742    -129.5287     -13.4524
     743    -122.6815       1.7987
     744    -118.3463      -5.8097
     745    -116.4473     -25.1016
     746    -124.0102       0.5577
     747    -116.8488      -7.8665
     748    -114.1095       8.3969
     749    -100.8626     -15.3164
     750    -117.1689     -14.0005
     751    -131.9679      -7.8037
     752    -127.0130      -2.1398
     753    -111.3181      -5.4835
     754    -133.0185       0.2417
     755    -114.9529      -6.2885
     756    -125.0806     -13.1419
     757    -117.6092     -13.7425
     758    -127.7494      -0.5011
     759    -118.1966      -0.0177
     760    -124.4527      -6.4430
     761    -105.1110      -1.9178
     762    -130.5633      -9.1173
     763    -133.9093       6.1315
     764    -120.9435      -8.7386
     765    -126.0124     -12.3260
     766    -133.8655     -10.6709
     767    -126.6579     -18.6664
     768    -107.5136     -16.1623
     769    -135.2562      -0.9086
     770    -146.4429     -21.2945
     771    -116.8425     -15.1584
     772    -120.5406     -13.0471
     773    -123.7245      -9.6042
     774    -129.4103     -10.2195
     775    -130.9796     -12.9937
     776    -128.5405       1.9551
     777    -120.2375      -9.8583
     778    -135.3349       8.6048
     779    -120.8848      -7.6133
     780    -129.0036     -12.4229
     781    -114.5817      -3.6655
     782    -126.7581     -13.5515
     783    -120.3890      -8.9821
     784    -132.4178      -6.9221
     785    -126.7900     -27.2207
     786    -120.5913      -4.8136
     787    -141.7416      -5.6678
     788     -97.2392     -13.1534
     789    -120.1944       2.6061
     790    -107.9522     -17.7416
     791    -118.6695      -7.5185
     792    -117.2601     -20.8409
     793    -136.1199     -13.9220
     794    -125.5027     -13.2644
     795    -100.4028       3.5065
     796    -151.0726      -3.5086
     797    -119.6009      -5.2596
     798    -131.5139      -2.8223
     799    -120.1048     -19.5441
     800    -120.6855       6.6300
     801    -106.4564     -20.1286
     802    -129.5480     -11.7679
     803    -123.2408      -8.1732
     804    -132.1606     -17.2302
     805    -129.2176      -0.9952
     806    -122.8924     -12.3670
     807    -112.3759      -3.2906
     808    -109.9378     -20.4684
     809    -124.2457     -10.1570
     810     -97.2974      -1.5275
     811    -111.4612      -2.4889
     812    -116.7883      -1.5034
     813    -117.2663       2.6704
     814    -145.5263     -10.1969
     815    -123.7592     -14.9607
     816    -115.4247      -1.0732
     817    -118.2570     -19.9003
     818    -120.8226      -9.2031
     819    -129.3854     -11.1570
     820    -126.7877      -6.0307
     821    -109.9441      -9.5732
     822     -86.2346     -18.8298
     823    -130.1097      -8.1676
     824    -118.3347      -6.5371
     825     -92.3648     -19.7200
     826    -115.1976      -7.1066
     827    -136.5744      -0.5765
     828    -109.5181      -9.8234
     829    -117.2131      -6.0393
     830    -142.0826       9.1574
     831    -112.6506     -23.2574
     832    -106.5277     -13.8103
     833    -102.1970      -9.4653
     834    -130.9113     -24.4825
     835    -127.6862      -8.6315
     836    -126.2560      -2.7285
     837    -133.4008     -23.0307
     838    -126.3307     -23.2684
     839    -128.3109       8.6535
     840    -117.9114      -6.2627
     841    -113.2780      -1.0627
     842    -123.3444     -12.9007
     843    -102.8065     -16.4677
     844    -109.7027      -4.0013
     845    -143.2198     -22.1550
     846    -123.9848     -11.9718
     847     -91.0394     -24.0606
     848     -93.6533     -23.6048
     849    -117.9226      -8.7804
     850    -105.3063      -4.5152
     851    -115.8346      -9.8661
     852    -127.3182      -7.6642
     853    -137.9346      -6.4184
     854    -121.7755      -3.3378
     855    -131.4696     -10.1957
     856    -108.6544       5.5291
     857    -130.5357     -15.4179
     858    -125.4026      -1.0900
     859    -123.8584      -6.5677
     860    -108.4979     -11.3732
     861     -90.9209      -4.4104
     862    -101.7209     -20.7449
     863    -115.5783     -22.9283
     864    -109.3719      -3.0368
     865    -104.5630      -7.0377
     866    -122.1948     -12.9243
     867     -96.3127      -4.0398
     868    -130.7169      11.3455
     869    -133.0773     -15.4713
     870    -117.0185     -20.8465
     871    -104.0248     -11.4919
     872    -114.1302     -12.1223
     873    -126.3231     -14.3088
     874    -114.7989      -2.3307
     875    -109.0181      -5.1883
     876    -114.9555     -12.7980
     877     -94.9079     -22.7962
     878    -118.4349      -4.3814
     879    -119.0347       7.5894
     880    -110.9434     -14.3444
     881    -105.7266     -17.0296
     882    -131.3124     -12.9237
     883    -114.2960      -6.8875
     884    -121.8715     -12.1270
     885    -127.9382     -20.8418
     886    -125.2578      -8.8595
     887    -108.3846     -15.2267
     888    -122.5230      -0.8218
     889    -129.4953       4.9801
     890    -122.3812      -4.4521
     891    -111.7305     -43.9517
     892    -112.8695      -1.1593
     893    -106.7485     -14.1402
     894    -117.6417       4.7212
     895    -141.1450       1.2870
     896    -127.4394     -23.3938
     897    -103.1573     -12.9977
     898    -123.4314     -15.5680
     899    -105.6169      -0.0741
     900    -127.5266       1.8143
     901    -131.7063      -9.3135
     902    -110.1567      -5.9551
     903    -114.2213      -4.2424
     904    -126.8315     -19.8347
     905    -128.5226     -15.5186
     906    -123.6280     -12.0562
     907    -115.0017       8.0412
     908    -110.7672      -1.4995
     909    -117.6216       1.2791
     910    -120.9408       3.8159
     911    -112.7734     -17.3906
     912    -111.9110      -7.7644
     913    -141.0046       3.0198
     914    -107.1474     -13.6072
     915    -109.7436      -2.5826
     916    -101.5106     -18.3331
     917    -106.0290     -21.7520
     918    -131.5085      -8.0814
     919    -107.8645     -18.8056
     920    -124.0495      -4.7590
     921    -124.3102       0.2372
     922    -122.7433     -20.3018
     923    -111.7351      -6.2480
     924    -122.5333      -9.6774
     925    -123.7628       1.5083
     926    -136.7292      17.1797
     927    -108.8143     -13.6220
     928    -137.7632      -2.5740
     929    -115.8094      -7.9099
     930    -134.9586      -4.4487
     931    -113.4466     -18.8300
     932    -122.9664      -8.9852
     933    -121.8683     -16.7715
     934    -123.2637     -30.0677
     935    -122.7333     -17.6693
     936    -114.3253     -20.0269
     937     -90.7444     -21.3833
     938    -112.0326      -6.6969
     939    -117.3841      -3.5467
     940    -111.7055      -3.1727
     941    -140.3638     -20.8384
     942    -122.6876     -17.0278
     943    -117.0454     -16.5225
     944    -143.6570      -5.1681
     945    -124.7910      -2.4316
     946    -131.9462      -8.1094
     947    -111.7007      -9.7941
     948    -105.7416     -11.3663
     949    -136.6435     -19.8759
     950    -141.3619       1.8526
     951    -134.2874      -9.7610
     952    -113.1672     -15.2312
     953    -134.6088      -5.0546
     954    -123.9279      -0.0377
     955    -141.3156       7.1682
     956    -104.3061      -1.7978
     957    -127.4535     -15.4878
     958    -113.5712      -5.9383
     959    -120.6852       7.0576
     960    -110.1428      -6.7745
     961    -135.0812      -7.9502
     962    -109.8885      -3.9386
     963    -127.6298       1.0718
     964    -125.6995     -12.1447
     965    -137.7312      -0.7666
     966    -136.8601       4.4957
     967    -134.8727      -7.9647
     968    -128.8614      10.5034
     969    -128.6562      -7.1006
     970     -98.4418      -4.7817
     971    -129.5957      -8.2090
     972     -99.9300     -25.7152
     973    -112.0671       2.5925
     974    -119.1594      -4.3556
     975    -125.0822      -5.8817
     976    -118.8246     -24.5376
     977    -127.5542     -15.3511
     978    -120.4292      -6.1535
     979    -145.5579       7.1399
     980    -138.1432       7.9223
     981    -129.8555     -17.8862
     982    -129.5523       2.7492
     983    -133.4356     -17.4308
     984    -114.3979      -5.9186
     985    -101.0418      -1.0405
     986    -105.0203      -8.2387
     987    -121.2614     -12.4653
     988    -108.4091     -25.3141
     989    -118.5427      -6.6509
     990    -124.2596      -8.1731
     991    -123.7603       5.8318
     992    -120.6959      -7.8927
     993     -95.3898      -2.7639
     994    -105.0633     -12.9879
     995     -92.0104      -4.9170
     996    -115.2445      -3.7234
     997    -119.0852      -7.6027
     998    -106.7407      -2.5472
     999    -102.4689     -14.1022
    1000    -108.4258      -4.4960
