#Frame        phi:121      psi:121
       1    -101.4213     -20.7536
       2     -94.5469     -13.0500
       3    -115.7093      -5.9009
       4     -79.8291     -22.3683
       5    -103.1346      -1.3640
       6     -89.3806       1.1083
       7    -109.5992      -7.2041
       8    -118.6779      -5.2554
       9    -113.3536       2.9939
      10     -97.0714     -18.4754
      11    -121.6311     -12.9436
      12    -109.8640      -5.0459
      13    -112.3419     -16.2012
      14     -96.1149      -6.1382
      15     -90.9547      -3.6095
      16     -75.8726       6.4485
      17     -74.4096      -4.0810
      18    -114.0051     -15.3781
      19    -118.6178     -11.5208
      20    -111.6710     -12.3012
      21    -102.8049       3.2583
      22    -107.9923      -2.6709
      23    -133.6157       1.1077
      24    -124.1663       5.2606
      25    -128.1880      10.4657
      26    -107.0584      -0.2698
      27    -143.2633       6.4734
      28    -126.6550     -13.7918
      29    -112.7958      -0.6123
      30    -125.2265      -0.8072
      31    -126.7536      -8.9766
      32     -91.4516     -15.7029
      33    -102.6932     -16.6132
      34    -108.4997      -6.2434
      35    -125.4291      -7.4314
      36     -97.4610     -12.8193
      37    -115.9853       7.5210
      38    -105.7673     -12.9086
      39    -108.4440       5.3722
      40    -117.6453       6.5908
      41     -97.0400      -3.1474
      42    -104.1654     -12.3787
      43    -101.5510      -8.5188
      44    -119.5958     -11.4868
      45     -92.0663      -0.1620
      46     -97.1685      -3.5705
      47     -77.6913      -9.3476
      48    -105.0232      -9.4297
      49    -110.6901      -0.0372
      50    -107.3612      -0.9669
      51    -115.4351       1.0107
      52    -128.6918      -5.2755
      53    -118.6873     -15.5437
      54    -104.1141      -1.2022
      55    -113.4274     -12.8049
      56     -89.2261       6.8166
      57     -95.9093     -10.0382
      58     -94.7959      -3.3878
      59    -135.5652      -7.5613
      60     -95.5808      -7.4814
      61    -107.9585      -7.4554
      62    -121.8175       0.7244
      63    -114.0566     -18.5039
      64    -111.6825      10.0827
      65    -100.6757      -4.2935
      66    -102.2652      -8.0808
      67    -109.2934       6.8068
      68     -89.5413      -5.0206
      69     -97.6676      -2.3696
      70    -117.3802     -15.7198
      71    -119.6724      -8.3973
      72     -99.8135       3.2737
      73    -121.9204      -7.5839
      74     -96.1619      -6.5448
      75    -117.6756      -8.8719
      76    -134.2187      22.8923
      77    -112.3807      10.7563
      78    -113.7147       2.2283
      79    -118.4280       9.5946
      80    -109.1524      -4.4339
      81     -92.7297     -17.3004
      82    -118.9786      -5.7767
      83    -123.4045      -6.4701
      84    -141.7437     -14.2072
      85    -134.5595     -11.5194
      86    -116.8848      -2.4862
      87    -112.1197       0.6564
      88    -125.1208     -10.9498
      89    -117.9003      -4.9601
      90    -110.9446      -0.4123
      91    -125.4792     -11.3602
      92    -123.2161     -10.2889
      93    -100.2519      -1.5739
      94    -128.6517      12.9214
      95    -116.5843      -0.7093
      96    -116.3548     -12.5626
      97    -116.5344      -0.0343
      98    -128.2832     -15.5519
      99    -132.4371     -38.7639
     100    -135.3223       4.7190
     101    -131.2887       6.4232
     102    -108.4657      -1.3397
     103    -113.1203      -7.0370
     104    -126.6405      -5.0664
     105    -114.3898      -4.9834
     106    -107.5300     -17.8977
     107    -135.1137       6.0636
     108    -137.9478      -1.3030
     109    -133.3140       8.8048
     110    -130.1738      -2.2264
     111    -118.8804       4.2899
     112    -120.4355      -3.5335
     113     -96.9337      11.9063
     114    -110.1096      12.9376
     115    -118.3662      -8.1471
     116    -108.9644      -4.7666
     117    -112.8955      -2.6957
     118    -116.2758       5.4573
     119     -99.2049      -1.3762
     120    -133.7452       3.6454
     121    -130.7024       1.3872
     122     -97.7384      -4.8467
     123    -100.0597     -17.2227
     124     -96.7896     -20.8367
     125    -122.4000      13.2273
     126    -100.5502     -12.9290
     127     -91.2397      -1.3361
     128    -114.7525     -10.0146
     129    -107.1375      11.9610
     130    -106.4505      -5.5053
     131     -99.7060      -7.2753
     132     -98.2521      -7.3990
     133     -95.2616      -0.3911
     134     -93.1261      -6.9450
     135    -108.2875      -7.1276
     136    -125.4516       3.8047
     137    -140.0964       6.2515
     138     -90.3343     -10.6771
     139    -115.7198      -7.6243
     140     -99.6520      -7.8594
     141     -81.4762      -1.4505
     142    -101.9641      -1.1309
     143    -111.4837     -13.5508
     144    -100.1005      -0.9896
     145    -105.2352      -6.6213
     146     -98.7248       0.4936
     147     -93.1438      -6.6197
     148    -107.1875      -6.5336
     149    -110.0783     -20.2816
     150    -103.0223       5.1568
     151    -116.0153      -3.3976
     152    -117.2397      -7.8812
     153     -95.6120      -3.8397
     154    -109.9656       0.8923
     155    -105.6795       4.6666
     156    -109.4555     -14.4948
     157    -109.2735      11.0270
     158    -115.5289      -0.4541
     159     -86.1663       2.1947
     160    -114.4613       4.0570
     161     -92.6873       1.3869
     162     -98.8669      -0.9284
     163    -112.7186       1.5201
     164    -120.1500       0.0367
     165    -103.5755      -5.2238
     166     -89.3935      -8.7073
     167    -115.4028      -4.1816
     168     -97.6399      -3.1722
     169     -86.8220     -12.8164
     170    -114.9667     -10.6012
     171    -117.8962      -2.1574
     172     -94.5089      -6.9498
     173     -99.3358     -15.3993
     174    -118.2076      -4.8982
     175     -97.9840       3.4385
     176     -98.3708       8.2522
     177     -91.9181      -9.5498
     178    -131.6111      -1.2729
     179    -112.9413     -21.9569
     180    -110.4345      -2.3479
     181     -96.3801       3.4563
     182    -123.6989      -6.2029
     183    -101.9458     -17.4788
     184    -109.2381      -4.4446
     185     -93.6872     -15.9378
     186    -110.1525      -5.7674
     187    -105.1385      -5.9694
     188    -103.6136     -18.2808
     189    -136.1004     -12.8473
     190    -112.1161       0.5822
     191    -101.5636       2.5450
     192    -132.7387       3.6224
     193    -103.6471      -6.6184
     194    -121.7998       2.6755
     195    -121.1059      -9.2237
     196    -127.9028      -8.0370
     197    -121.0148     -13.2879
     198    -114.5083       4.0850
     199     -96.1174     -12.2469
     200    -116.0971     -19.9044
     201    -100.8265      -5.7720
     202    -101.4998      -7.9285
     203    -111.1328     -25.3353
     204    -123.0196      -8.1139
     205    -124.6983       4.4166
     206    -118.3182     -11.6386
     207    -112.2827      -3.2524
     208    -106.3773      -6.7890
     209     -96.6729      -8.9705
     210    -111.4690      -8.6134
     211    -105.0041     -23.5006
     212     -89.1621     -17.3381
     213     -95.7181      -9.4243
     214    -114.1199     -14.1408
     215    -125.2728      -4.8897
     216    -119.1812     -13.3654
     217     -93.4848       6.4148
     218    -116.1003       8.8314
     219     -97.1979     -11.4462
     220     -96.9600      -1.8251
     221    -104.9631     -10.7005
     222    -111.4784     -10.6713
     223    -119.2049       1.1065
     224    -111.4169       2.0759
     225    -118.7293      -5.9174
     226    -102.7162     -17.0536
     227    -109.1095      -0.2474
     228    -114.5150     -16.1334
     229    -131.0539     -19.9116
     230     -96.8179     -12.3762
     231    -127.6266       0.3951
     232    -114.3244      -5.9799
     233     -81.1834     -12.0176
     234     -90.9751     -16.6355
     235     -91.7280      -7.3725
     236    -111.5528      -2.4578
     237     -96.3067      -2.4615
     238    -107.6979      -5.7550
     239    -117.7693     -27.0199
     240    -126.6417      -9.2975
     241    -125.3862      -4.4934
     242    -112.5037     -13.1408
     243     -94.7219     -22.0818
     244    -108.0462      -9.6173
     245    -115.6236     -10.5623
     246    -121.3855       3.7726
     247     -96.4396      -6.8637
     248    -117.4304     -17.3871
     249    -115.2937     -14.1684
     250    -101.8771      -9.5166
     251     -68.8423      -9.7601
     252    -104.8038      -1.8660
     253     -87.7020      -0.1718
     254    -109.3781     -17.4015
     255     -97.4393     -28.4777
     256    -123.7801      -4.9610
     257    -110.6958     -12.0881
     258     -96.6395     -14.0156
     259    -111.6224       0.9981
     260    -109.7776     -10.8165
     261    -122.3743     -18.4591
     262     -94.1001     -10.6465
     263    -113.1466      -4.0087
     264     -94.4395       1.2945
     265     -96.5049     -20.7957
     266     -93.0804     -12.8277
     267     -97.3413     -15.6059
     268    -104.6080      -3.2094
     269    -127.7903       8.2826
     270    -104.7434      -3.0934
     271    -108.3237     -13.8331
     272    -108.5287     -16.3693
     273    -118.1006     -12.1591
     274     -85.5020       1.6814
     275    -119.6341      -1.7515
     276    -111.7639       2.1836
     277    -102.8498     -12.9343
     278    -126.1953      -7.6409
     279    -126.0372      -5.9274
     280    -102.6781      -1.5791
     281    -104.8390      -1.8755
     282    -118.4247     -10.4201
     283    -131.2243      -3.3053
     284    -118.2617     -12.8299
     285    -104.0249      -9.5975
     286    -101.9201       7.6809
     287    -108.8815      -5.3870
     288    -114.0505       0.3322
     289    -100.7248      -3.0127
     290    -101.0346      -0.8944
     291    -101.9456      -8.4533
     292    -112.3239       4.2943
     293     -93.2794      -9.2950
     294    -112.9634      -1.3040
     295    -119.0174     -15.3299
     296    -112.5932     -19.4114
     297    -110.8235      -4.0726
     298     -95.8311      -8.5339
     299    -110.9393       2.3556
     300    -105.6609      -6.9910
     301    -119.2506     -19.5894
     302     -98.9237     -24.0680
     303    -121.8159       8.0129
     304    -107.9911     -19.5832
     305    -122.5884     -12.8737
     306    -107.2146     -25.1075
     307    -115.3485       2.5771
     308    -110.8492     -16.7156
     309    -116.0758       5.1645
     310    -104.3217      -7.9237
     311    -114.5236       2.4625
     312    -117.6027      -4.0678
     313    -133.7990       6.5666
     314     -82.4586     -23.6128
     315    -130.2756     -11.4443
     316    -113.3854       2.3413
     317    -127.1230      -9.8773
     318    -123.5377      -5.4869
     319    -122.5206      -8.6708
     320     -99.6549       2.5352
     321    -121.9544     -10.1879
     322    -115.9770      -6.3626
     323    -129.5848      -0.0430
     324     -87.3670     -15.4807
     325    -118.8974     -14.7974
     326     -97.6378      -1.1997
     327    -126.9506     -18.1188
     328    -100.6553     -11.5472
     329    -116.2450       2.1769
     330    -123.3837     -14.8516
     331    -101.3499     -12.8005
     332    -100.8060     -19.2732
     333    -116.1709      -6.1776
     334    -130.7230      -1.0706
     335    -108.3506      -9.2626
     336     -97.7563     -13.0926
     337    -118.4309      -9.5933
     338    -106.3381      -3.2629
     339    -111.4854     -10.3137
     340    -107.9161       1.5259
     341    -105.2784      -9.1271
     342     -91.9202      -2.2832
     343     -88.7942       0.6346
     344    -110.1403      -3.9758
     345     -95.6146      -9.4289
     346    -106.4417     -11.7525
     347    -107.2476     -13.3224
     348    -104.3243     -10.7256
     349    -120.4960       7.1891
     350    -120.7973      -5.9489
     351    -111.0053     -17.4082
     352    -110.2754      -8.5988
     353     -95.5864     -11.0868
     354    -101.7041      -9.1406
     355    -115.5901       6.7166
     356    -107.1760     -15.0221
     357    -103.3699      -3.7509
     358     -93.6697     -12.0782
     359     -97.8018      -2.3913
     360    -111.7160       2.7351
     361    -115.5425      -7.3081
     362    -105.5193      -9.5236
     363    -110.9359      -1.4810
     364     -94.1322      -8.8927
     365    -106.0461     -21.3477
     366     -95.2271     -13.5093
     367    -110.0204     -22.3605
     368    -119.9632       6.5229
     369     -92.1798     -15.0313
     370    -106.0069      -8.7201
     371    -102.4839      -5.5469
     372    -103.7145     -12.7180
     373    -102.7694      -4.9008
     374    -102.9716       2.3753
     375     -92.1508       0.1809
     376    -104.9395      -2.5663
     377    -112.1743      11.5436
     378    -105.0279     -11.6626
     379    -114.3587      -0.1751
     380    -124.9936       8.1226
     381    -106.9515      -3.2292
     382    -104.9839       2.2452
     383     -96.7263     -10.2784
     384    -106.7193     -12.3402
     385     -86.7087      -9.8318
     386    -113.4275     -15.1817
     387     -99.0222      -6.2824
     388    -101.1205      -4.9584
     389     -98.9412     -11.1544
     390    -123.8033       0.9677
     391     -90.5589      -2.9316
     392    -126.7706      -0.6017
     393     -97.3724     -10.0625
     394    -116.8827      -4.5276
     395    -102.2143      -9.3908
     396     -95.8506     -18.2649
     397     -95.9952       0.8819
     398     -97.5040       9.2775
     399    -110.5462       1.7566
     400    -109.6795      16.4013
     401    -104.5714     -16.1011
     402    -109.0438     -17.9443
     403    -105.5839     -10.9020
     404     -96.3937      -7.1117
     405    -122.9951     -22.4625
     406    -106.3487       0.9453
     407    -104.3856     -23.7976
     408    -125.4690      -3.3633
     409    -121.5704       9.4367
     410    -120.2703      -3.0578
     411    -122.2695      -3.2669
     412    -106.4438     -20.0057
     413    -106.2795       2.1142
     414    -114.5031      -6.7176
     415    -118.4388     -11.4285
     416    -118.0633     -18.5823
     417    -105.9173      -6.3305
     418    -109.1358      -4.8736
     419     -80.8869      -4.8814
     420    -118.3801      -8.1886
     421    -118.8194      -1.6852
     422    -119.2115       0.6295
     423     -82.3167     -24.0580
     424    -116.6035      -1.2465
     425     -91.0258      -0.5370
     426    -122.9483      -7.4810
     427     -92.1108     -10.4725
     428    -101.6818      -6.9618
     429    -123.0277      -5.8546
     430    -126.8801      -0.3043
     431    -122.2978       1.0195
     432     -97.3352       5.4934
     433    -134.2989      -0.4576
     434    -105.5897     -17.5987
     435    -102.4151       4.3216
     436     -96.4585      13.0144
     437    -113.2483      -9.6312
     438    -126.8274      -0.9149
     439    -104.5566      -5.9678
     440     -98.9219      -9.1375
     441    -104.9377     -13.1206
     442    -106.7957       4.7084
     443    -120.5809      -8.6181
     444    -125.6307      -5.0703
     445     -97.7072     -13.6292
     446    -100.3720      -9.2604
     447     -96.6744      -3.6656
     448    -118.1915     -18.5422
     449    -106.7353      -0.1585
     450    -106.9325      -6.3905
     451    -103.2946       4.2340
     452    -100.6515      -5.2611
     453    -121.2823       4.3218
     454    -135.4826       2.1636
     455    -100.3549       3.1682
     456    -103.5380       2.5511
     457     -99.8110      -0.3522
     458    -104.5934       1.0897
     459     -94.6206       0.6194
     460     -94.1657      -6.9942
     461     -96.4255      -3.2193
     462    -120.1448       3.5641
     463    -125.2772      -7.0489
     464    -106.4682      -3.4490
     465    -111.5169      -0.0929
     466    -106.0686     -18.9261
     467    -108.5378     -10.5742
     468    -108.6911      10.5859
     469    -108.3373      -2.9773
     470    -101.3572     -12.5870
     471    -103.0707      -3.5098
     472     -86.3705      -8.1691
     473     -97.7737      -3.8797
     474    -117.9014      -8.4846
     475    -127.4919     -16.1643
     476     -84.0981      -0.1877
     477    -109.2150       6.6757
     478    -104.5972      -1.7577
     479    -102.3413      -5.5389
     480    -101.8718      -3.8926
     481    -102.8896      -7.7512
     482     -97.6200      -9.6219
     483     -98.8476      -9.7356
     484     -98.0916      -9.3979
     485    -100.9912     -20.9795
     486    -111.1325      10.0942
     487    -121.1478     -10.3591
     488    -128.5881     -16.3320
     489     -98.4110      -7.9489
     490    -105.3664      -4.4832
     491    -108.1871      -2.4055
     492     -93.3471     -18.0921
     493     -95.3255     -17.9741
     494    -108.3974     -19.7036
     495    -113.4341     -17.0422
     496     -97.6484     -18.0899
     497    -117.4305      -8.9728
     498     -96.0033      -7.7771
     499    -110.5625      -1.3096
     500    -116.6069      -6.5123
     501    -117.3637       1.0529
     502    -115.0381       2.4886
     503    -109.8041       2.3108
     504     -97.7025      -8.4970
     505     -90.7931      -5.3980
     506    -105.6061      -4.7246
     507    -104.4395     -12.4794
     508    -104.5926      -3.1371
     509    -111.2435     -10.7586
     510     -85.2982     -15.5311
     511    -105.5038      -0.3397
     512    -101.4558      -6.1052
     513     -99.4896     -17.7308
     514    -105.8964     -15.1167
     515     -99.9299     -13.4845
     516    -103.0784     -23.3828
     517    -106.5348     -21.2635
     518    -125.2255     -26.7963
     519    -103.7187      -8.8806
     520    -102.8198     -12.2087
     521    -102.2413      -1.9402
     522    -130.6488      -8.7055
     523    -100.3354      -2.8058
     524    -126.0198     -12.7040
     525    -105.5934      -4.6958
     526    -101.4637      -1.6641
     527    -117.3122      -8.4782
     528     -95.5892     -18.3139
     529    -129.8288      -4.3847
     530    -100.3887       0.6818
     531    -116.6170      -5.3971
     532    -125.2081      -5.1943
     533    -113.9494     -10.0947
     534    -105.6937      -2.3574
     535     -94.1129     -16.7151
     536    -110.4024     -20.7203
     537    -110.6458       0.3425
     538    -123.0718      -4.0552
     539    -118.4647     -10.9623
     540    -123.4143       5.6229
     541    -107.3057     -18.6190
     542    -116.0820      -1.0968
     543    -102.4471     -22.5809
     544    -105.7722     -12.9704
     545    -115.5110      -1.2589
     546    -126.5471     -12.3680
     547    -113.4661      -9.7729
     548    -144.8933     -16.5404
     549    -106.1157       2.7788
     550    -125.2981     -13.8464
     551    -121.1979     -16.9347
     552    -108.4500       0.8265
     553    -114.5362       5.3351
     554    -130.3010      -4.2457
     555    -112.3791      -1.9023
     556    -103.6633       4.2574
     557    -106.8792      -8.9494
     558     -94.2824      -3.8545
     559    -128.1324     -12.3834
     560     -96.7395       3.0122
     561    -105.5197      -1.4794
     562     -93.8942       4.9201
     563    -100.2516     -16.6669
     564    -118.6975     -13.0832
     565     -94.1902       4.4644
     566    -111.3966      15.7810
     567     -99.6328     -14.5616
     568    -100.5771     -10.9668
     569     -90.7383     -11.0984
     570     -92.6771      -2.5971
     571     -94.2706      -6.2947
     572     -99.0921     -10.3524
     573    -102.3653     -11.9239
     574    -104.1901     -17.1807
     575    -103.5541      -8.6852
     576    -111.6561       9.0176
     577    -109.5251      -0.7053
     578    -113.9299     -10.5718
     579    -105.1827      -7.3089
     580     -80.7566     -11.2531
     581    -104.6811     -13.2965
     582    -100.5177     -28.8576
     583     -94.8123     -21.4376
     584     -97.0613      -9.0547
     585     -96.9068     -21.0023
     586     -88.2563     -19.1797
     587     -91.4507     -14.3818
     588     -94.3597     -20.1803
     589     -99.1981     -17.7310
     590    -112.1639     -12.4527
     591    -108.2415     -10.4066
     592     -90.8723     -30.5760
     593     -99.1520      -7.8755
     594     -94.4596     -14.5705
     595     -93.3590     -26.9514
     596    -109.3558     -15.4628
     597    -126.7387     -22.1385
     598     -96.2726     -12.7446
     599    -108.7150     -13.6360
     600    -101.4807     -10.0359
     601     -93.9532     -10.7154
     602     -89.1010     -19.9936
     603     -92.6762     -16.7771
     604    -112.6625     -19.2764
     605     -84.1214     -18.2418
     606    -111.9277     -18.8106
     607     -91.3227     -23.1062
     608    -116.0128     -30.7236
     609    -115.6879     -22.5836
     610     -92.1294     -28.7766
     611    -118.1644     -14.8409
     612     -92.9740     -32.2670
     613    -109.6642     -15.8851
     614     -89.5753     -33.6056
     615     -87.3110     -24.7695
     616    -117.6002     -33.1061
     617    -105.3859     -32.6189
     618    -119.9490     -15.2671
     619     -92.7331     -22.8402
     620    -103.2846     -20.5926
     621    -108.0397     -29.7557
     622     -99.5158     -26.4875
     623    -129.6928     -17.1888
     624    -106.6318     -13.1736
     625    -115.2593     -24.5627
     626    -103.9225     -22.0423
     627    -125.3170     -16.5051
     628     -98.3983     -25.5648
     629    -100.8068      -9.5052
     630    -107.0279     -20.4272
     631    -104.1464     -19.3344
     632    -119.6939       2.8779
     633    -107.4165     -16.7241
     634    -110.6797     -18.1881
     635    -105.7621      -2.5436
     636     -96.6869      -7.7839
     637     -89.5824     -36.9202
     638    -103.5194     -25.8966
     639     -85.1314     -26.1123
     640    -103.0385     -23.2083
     641    -116.6023     -17.8417
     642    -107.1602     -23.0212
     643    -131.2884     -19.1987
     644    -106.7032     -28.3859
     645    -110.1716      -3.3000
     646     -98.4898     -14.9523
     647    -102.0577     -40.0792
     648    -117.2701     -21.0887
     649    -100.2696     -11.4099
     650    -114.3400      -8.1575
     651    -101.0266     -22.1717
     652    -109.4621       2.8748
     653    -121.6058     -12.4245
     654     -96.7114     -31.9014
     655    -113.4795     -20.0150
     656    -109.1157      -9.3268
     657    -107.7133      -5.4059
     658    -122.2800      -3.7515
     659     -93.1032     -28.1151
     660    -102.3387     -15.8379
     661     -97.9672     -17.6906
     662     -91.6658     -15.8225
     663     -98.8189     -15.2060
     664    -106.9570     -14.1976
     665     -95.1498     -24.1819
     666     -94.9202     -24.3341
     667    -106.3852      -5.0955
     668     -99.4206     -19.6802
     669     -97.6547     -14.7161
     670    -111.9351      -5.9969
     671    -103.3663     -25.2942
     672    -104.6339      -7.9192
     673    -100.3747     -10.0639
     674    -111.8591     -13.6313
     675    -113.9384      -1.0527
     676    -122.4017     -21.0715
     677    -124.8746     -34.2111
     678    -116.8665     -12.6127
     679    -108.0112      -5.5827
     680    -103.4745     -10.5014
     681    -105.0251     -19.7226
     682    -110.9572      -7.8973
     683    -109.4564     -12.7330
     684    -110.8478     -26.1250
     685     -89.2716     -17.5004
     686    -112.4252      -3.5206
     687     -92.1327     -37.1277
     688    -100.9634      -3.7894
     689    -117.5674     -12.2700
     690     -93.2456     -23.4711
     691     -94.7111     -14.5305
     692    -110.4645     -12.8668
     693     -96.5652     -14.3838
     694    -106.0340     -11.2592
     695     -99.2753     -16.4856
     696     -96.2291      -9.5795
     697    -104.6793      -7.8736
     698     -98.7479     -19.4910
     699    -105.2909     -26.8329
     700    -106.7603     -10.6364
     701     -96.3475      -5.0860
     702    -128.9641     -14.3451
     703    -115.4666     -19.4862
     704    -112.7072      -7.9013
     705     -97.4902     -24.4125
     706     -98.6223     -28.5432
     707    -108.8375      -1.5396
     708     -95.7944     -22.7881
     709    -108.8571     -19.1907
     710     -85.5473     -30.7450
     711    -120.7036     -22.6768
     712    -113.5843     -19.0416
     713    -106.9961      -8.5142
     714    -109.7838     -13.2013
     715    -119.6128     -30.3606
     716    -129.5792      -3.4271
     717    -113.3057       4.9933
     718    -110.3639     -10.3117
     719     -99.7807     -10.2176
     720     -92.6962     -22.8826
     721     -99.8264     -21.9779
     722    -102.9692       0.2788
     723     -95.8752     -17.3767
     724    -103.4290     -18.1210
     725    -101.3714      -6.3342
     726    -109.4748     -10.6488
     727     -96.8198     -19.6007
     728     -88.9828     -21.3486
     729    -108.8520      -3.0369
     730    -118.3579     -17.4222
     731    -126.0545     -10.3841
     732    -104.3577     -11.5479
     733    -103.3403     -20.7620
     734    -111.5755      -3.9947
     735    -113.6010     -13.2420
     736    -109.8484     -20.3879
     737     -98.4365     -24.5176
     738    -122.0337      -8.0548
     739    -129.2026     -13.2116
     740    -111.0946       3.4710
     741    -120.7148     -16.5058
     742    -114.8792     -19.9941
     743    -123.5780      -8.9100
     744    -101.5839      -8.4509
     745    -118.5583       6.3055
     746    -106.6116     -20.2624
     747    -126.0748     -11.8491
     748    -138.6464      -2.5579
     749    -103.1843       0.2649
     750    -114.4714       2.3504
     751     -91.6959     -22.6926
     752    -104.3207     -22.1546
     753    -111.6523      -8.7861
     754    -104.0132       0.4172
     755    -103.1416     -16.9412
     756    -100.2908     -22.6407
     757     -99.5493     -28.8311
     758    -132.8436      -2.0250
     759    -102.7711     -22.1955
     760    -101.6823     -28.0095
     761    -108.6045     -28.4532
     762    -125.5631       1.8760
     763    -105.8286     -17.1512
     764     -99.1285      -8.7466
     765    -110.0453     -31.8245
     766    -122.6382     -33.5529
     767     -99.4117     -19.8132
     768    -114.5776     -23.2131
     769     -93.6154      -7.4210
     770     -88.5944     -17.2711
     771    -101.1667     -13.8601
     772    -115.5231       2.3556
     773    -109.5767     -14.7516
     774     -99.8322      -2.0960
     775    -117.9193      -5.8869
     776    -119.3056     -14.5154
     777    -101.5431     -15.5765
     778    -119.5909     -15.1544
     779    -130.2404      -4.3129
     780    -105.4958     -39.8487
     781    -116.5816      -8.3235
     782    -101.7655     -20.2116
     783     -97.0804     -23.8373
     784    -122.5288     -16.1816
     785     -81.6632     -31.9721
     786    -101.4619     -16.5617
     787    -109.8634     -20.5891
     788    -116.7311     -25.5192
     789     -98.6015     -23.0143
     790    -102.8112      -6.8417
     791     -95.6919     -26.3659
     792    -118.6945     -14.0885
     793     -95.4754     -24.9191
     794    -113.7578     -18.0159
     795     -99.0696      -5.1426
     796     -96.7253     -28.9664
     797    -112.8194     -22.6809
     798     -90.6915     -11.8238
     799    -105.5754     -23.2987
     800    -112.4990     -11.2175
     801    -120.6358      -6.0973
     802    -132.9585     -20.6950
     803    -119.3901     -14.7738
     804     -96.2229     -21.5014
     805    -105.0232      -2.0649
     806     -94.4850     -18.6006
     807    -115.3816     -18.9693
     808    -129.3673      -4.3324
     809    -107.3449      -7.9361
     810    -117.2946      -0.9258
     811    -109.3746     -13.1432
     812     -95.3605      -0.6508
     813     -94.1505     -12.7124
     814    -107.2954     -36.3258
     815    -117.3994     -10.1966
     816    -102.6969     -26.9594
     817    -106.5290      -1.6277
     818    -106.9702     -18.6411
     819    -108.2482     -27.9080
     820    -107.8216     -10.8636
     821    -121.0532     -14.7192
     822    -118.3308     -24.4827
     823    -109.8096     -19.3015
     824    -108.5283      -0.6224
     825     -86.5933     -21.7987
     826    -119.5020      -6.9359
     827    -106.3370       5.9218
     828    -103.6246      -8.8098
     829     -94.9334     -17.3334
     830    -124.2652      -7.2697
     831    -128.5766     -15.0011
     832    -101.5761       1.8593
     833     -88.9582     -21.1466
     834    -109.5821     -14.2610
     835    -111.3393      -2.5154
     836    -106.3907      -3.4691
     837    -108.6026      -6.6549
     838    -110.9025      -4.3948
     839    -109.9515     -16.3281
     840    -100.9438     -26.8982
     841    -122.5007      -4.1641
     842    -111.0949     -16.6684
     843    -111.1523      -1.9566
     844    -122.1127      -6.4288
     845    -101.5478      -0.0030
     846    -119.7921     -18.4252
     847    -114.3327     -27.2511
     848    -110.3147     -26.1549
     849    -132.4029     -22.1162
     850    -112.2671       0.6160
     851    -141.3267     -14.6350
     852     -99.2261     -16.3489
     853    -105.6201     -25.3294
     854    -119.8695     -17.3745
     855     -96.7270     -35.5870
     856    -133.4433      -7.8530
     857    -123.0022     -19.1657
     858    -120.8788     -21.2496
     859    -115.7599      12.2180
     860    -107.9350      -6.5458
     861    -101.9231     -29.5088
     862    -106.3282     -28.3951
     863    -102.9789      -7.5764
     864     -94.7329     -35.8604
     865     -91.0396     -20.8417
     866    -107.7162     -18.6550
     867    -102.3216     -20.5451
     868    -123.3943     -17.5282
     869    -103.8714      -7.3576
     870    -127.5427     -23.1223
     871    -108.0801     -17.0566
     872    -121.6170     -14.5831
     873    -111.4499     -13.9107
     874     -98.8499     -21.9688
     875     -97.6718     -11.1572
     876    -114.9897      -2.0954
     877     -86.4716     -32.5706
     878    -106.1089     -18.0964
     879    -108.5133     -16.0441
     880    -105.5241     -18.5431
     881    -120.4625       3.4382
     882     -99.3890     -26.0912
     883     -92.3666     -26.6904
     884    -124.5800      -5.9744
     885    -103.0686     -16.5170
     886    -104.4917     -11.3801
     887    -113.0625     -26.2028
     888     -99.4919     -20.3630
     889    -110.0028     -16.9612
     890     -94.4051     -11.7099
     891     -94.3820      -9.6641
     892    -102.6386     -21.0415
     893    -101.5364     -19.6122
     894    -112.5500     -17.8934
     895    -110.5927     -14.3410
     896     -98.9668     -16.3110
     897    -104.1668      -7.1546
     898    -114.2442     -43.6507
     899    -115.0229     -17.4368
     900    -109.3121     -24.6448
     901    -104.8870      -4.0740
     902    -121.4496     -12.1871
     903    -106.0437     -22.8126
     904    -102.2664     -17.2935
     905     -98.5925      -8.7619
     906     -83.6714      -4.4268
     907    -103.6897     -33.5642
     908    -101.6606     -28.6895
     909     -96.5585     -17.8782
     910    -110.3289     -16.0188
     911     -98.5589     -14.5573
     912    -118.9869     -35.4297
     913    -111.8616     -17.7702
     914    -115.5890       2.4557
     915    -117.2776     -11.6985
     916    -111.6338     -19.0757
     917    -109.5120     -13.2828
     918     -90.5370     -17.1016
     919     -89.0036     -27.8411
     920    -104.5222     -17.6942
     921    -119.1062     -21.7059
     922    -111.8979     -13.3922
     923     -97.4295     -31.6295
     924    -125.8632     -11.8595
     925    -111.0057     -11.8195
     926    -110.5106     -19.8465
     927    -118.5268       0.4841
     928    -121.6581     -11.6279
     929    -105.6011     -28.0600
     930    -100.3566     -14.8215
     931    -105.9356      -3.8170
     932    -108.7399     -15.4110
     933    -111.6582     -15.7587
     934    -137.8189      -3.0464
     935    -107.4593      -8.6042
     936    -101.9873     -32.4910
     937    -100.8225     -20.8964
     938    -100.7196     -30.5038
     939    -128.1254      -6.0515
     940    -105.4566     -10.7939
     941    -115.1207     -17.4967
     942    -115.1114     -17.7392
     943    -100.3024     -32.5410
     944    -113.6588     -23.5399
     945    -108.0770     -16.5532
     946     -98.3938     -16.4379
     947    -109.7501     -15.8308
     948    -107.8694     -17.6653
     949     -79.5520     -15.3486
     950    -112.6861      -6.8382
     951    -128.5897     -25.2962
     952    -115.8531      -9.2365
     953    -122.6126      -6.5182
     954    -107.1378     -22.5977
     955     -88.9302     -18.9817
     956    -101.9343     -19.3605
     957    -117.6970     -11.0720
     958    -112.9739     -15.4328
     959    -105.0857     -26.7529
     960    -106.7856     -14.9920
     961    -115.6354     -23.2782
     962    -119.6712     -28.0638
     963    -110.7421     -23.5027
     964    -117.8666     -13.1649
     965     -91.3549      -8.6516
     966    -103.2382     -12.8612
     967    -106.8392      -4.7947
     968    -103.2942      -8.9293
     969    -105.5995     -13.0305
     970    -108.4047     -12.3789
     971    -111.4267     -15.7156
     972    -128.6882     -16.5104
     973    -117.8750     -28.2570
     974    -112.3214     -26.6260
     975    -102.0612     -28.7164
     976     -98.5723     -27.5458
     977    -104.6528     -13.3011
     978    -108.6051     -16.6026
     979    -107.4597      -6.6387
     980    -130.5944     -17.4054
     981     -98.0450     -23.5005
     982    -100.3604     -14.9188
     983    -102.3421     -13.2012
     984    -119.1063      -2.0015
     985    -113.2011       0.9922
     986    -111.1655     -20.0915
     987    -110.1930     -19.7967
     988    -106.4225     -21.6182
     989    -108.7537      -4.5293
     990    -118.9322     -25.9887
     991    -102.5052     -28.6474
     992    -107.9147     -24.0983
     993    -120.8991     -10.0361
     994     -97.3137     -28.0707
     995     -95.9327     -14.4978
     996    -128.9911     -21.0035
     997    -103.5292     -12.5867
     998    -102.4035     -26.9761
     999    -107.0996      -0.5574
    1000    -108.1689     -11.5965
