#Frame        phi:121      psi:121
       1    -114.1528     -21.1163
       2    -115.6777     -20.4538
       3    -123.6383     -20.8519
       4    -115.0072      -5.4542
       5    -129.2399     -22.7413
       6    -106.9576     -14.7881
       7    -111.8014     -14.9272
       8    -103.1003     -19.5717
       9    -124.7653     -20.2669
      10    -119.6019      -1.8803
      11    -136.1919     -21.0900
      12    -115.7391     -25.1938
      13    -130.0464     -11.3086
      14    -112.0489      -6.2344
      15    -103.5349     -21.0036
      16    -115.4109     -23.9756
      17    -124.6163      -4.0404
      18    -127.8851     -33.7021
      19     -96.6770     -18.1227
      20    -109.5667     -10.4228
      21    -118.6838     -14.0393
      22    -113.7305      -7.5629
      23    -117.7088       8.7319
      24    -104.8462     -24.3180
      25    -106.7303     -18.0693
      26    -103.1429      -3.5103
      27     -98.0221      -6.8526
      28    -131.0446      12.1627
      29    -116.2068      -5.4715
      30    -135.4965      -5.8696
      31     -97.6228      -7.1015
      32    -104.6977       2.7914
      33    -103.9933      -9.8731
      34    -124.3702      -4.1245
      35    -105.1563     -16.4663
      36    -109.2452     -13.1008
      37    -127.2307     -28.8235
      38    -112.4921     -15.8574
      39    -109.2501     -22.2780
      40     -81.7544     -26.6075
      41    -143.7800     -14.0354
      42    -102.8722      -5.6972
      43    -115.2766     -15.4347
      44    -111.2032     -16.3169
      45    -124.3812     -31.5560
      46    -107.9646     -11.3550
      47     -90.3048     -19.1878
      48    -102.7166     -12.6183
      49    -134.4021     -10.9304
      50    -129.5801     -12.0279
      51    -114.0567      -4.0235
      52    -112.8995     -18.7174
      53     -93.0156     -10.6208
      54    -107.5672     -25.0599
      55    -125.4976      -5.8863
      56    -123.3556     -20.4320
      57    -129.7931     -23.8441
      58    -133.4053     -24.9590
      59    -120.5144     -15.9675
      60    -101.4178      -5.3565
      61    -117.1569     -11.6434
      62    -115.2889     -52.8870
      63     -96.8307     -18.6733
      64    -106.0092     -13.0953
      65    -125.2902      -0.2016
      66     -97.5230     -24.0946
      67    -107.0777     -22.1245
      68    -127.7949     -15.8081
      69    -105.0163     -16.4989
      70    -127.9275     -14.4985
      71    -106.2938       3.2772
      72     -83.1720     -12.7225
      73    -119.6250      -8.5976
      74    -114.3083      -3.1237
      75    -107.1255       0.6750
      76    -113.5795      -2.8079
      77    -108.7993     -12.8260
      78    -123.9090     -51.0931
      79    -114.1053     -20.0779
      80     -96.9739     -14.7768
      81    -111.0918     -25.3333
      82    -115.0478      -9.7256
      83    -117.9357     -27.8746
      84    -117.1926      -3.6166
      85    -119.6850     -20.9330
      86    -107.0543     -21.4668
      87    -103.8677     -25.6470
      88    -126.2544     -34.8522
      89    -112.0090     -24.5255
      90    -114.8318     -14.8855
      91    -118.4085      -4.1591
      92    -122.8797     -18.9024
      93    -132.2727     -35.9033
      94    -109.4930      -8.6387
      95    -122.5298     -22.2210
      96    -112.5579       0.2968
      97    -112.7167     -19.3695
      98     -91.6796      -3.0097
      99    -117.5583     -36.3110
     100    -111.6035      -1.9600
     101    -111.7039     -31.5930
     102    -115.4661     -12.3830
     103    -102.7341     -19.5447
     104    -109.2352      -4.3134
     105     -99.9351      -5.8474
     106    -110.0357     -13.0209
     107    -103.8334     -15.4445
     108    -114.5019       1.2643
     109    -117.3688     -18.7539
     110    -122.1583      -5.0937
     111    -121.1008     -12.5256
     112     -84.8592     -25.4407
     113     -99.9555       2.1693
     114     -88.4288     -24.4995
     115     -86.8234     -20.2418
     116    -100.7562      -5.8140
     117    -125.8756     -15.0893
     118    -104.3406     -14.2275
     119    -130.3695       1.6405
     120    -105.9422      10.1818
     121    -124.4374       7.8744
     122    -112.9665     -33.4767
     123    -140.3447       0.5340
     124    -100.5684     -14.1592
     125    -119.0981      -8.1013
     126     -89.9283     -26.6540
     127    -113.9695      -3.2174
     128    -109.1940     -26.1902
     129    -124.0845      -9.1044
     130    -112.4657       9.8274
     131    -103.5513       3.8805
     132    -119.9434     -10.4969
     133    -119.2128     -23.1692
     134    -126.0263     -12.0839
     135    -128.6577       0.3300
     136    -120.1585       0.0595
     137    -134.5723      -9.7182
     138    -110.3122      -3.6449
     139     -92.8815     -34.0053
     140    -102.1502     -19.4983
     141    -110.1354     -21.6230
     142    -100.5411     -20.5311
     143    -105.9496      -1.8225
     144    -121.6808      -3.2628
     145    -120.3018      -5.6206
     146    -110.4201      -8.8195
     147    -106.4432     -11.2180
     148    -111.3914      -0.8929
     149    -128.2285      -8.6796
     150    -120.5385      -4.5399
     151    -103.5357     -19.6546
     152    -110.6251       0.1565
     153    -122.2389      -6.9937
     154    -127.4790      11.5853
     155    -127.6817      10.4795
     156    -125.0028     -12.4800
     157    -139.6242      16.7151
     158    -140.8471       9.9502
     159     -89.1690     -25.3151
     160    -138.1127      -0.9972
     161    -110.6280      -9.3657
     162     -93.9988      -6.0563
     163     -97.7830      -8.0830
     164    -102.5876     -19.2357
     165    -135.3041       7.0229
     166    -106.0306     -22.5851
     167    -122.9726      -3.1917
     168    -109.3091       0.8202
     169    -123.9684     -29.2832
     170     -98.6623     -20.9070
     171     -96.6452      -1.5275
     172    -115.7864     -13.0534
     173     -91.2874     -16.9693
     174    -105.1172     -12.9648
     175    -141.2092     -10.2239
     176    -110.2599     -20.0127
     177    -107.6446     -18.5212
     178    -110.2079     -21.8346
     179    -107.5378     -16.0445
     180    -111.0279      -5.1438
     181    -135.5253       0.5872
     182    -129.4663      -5.2469
     183    -134.1133     -15.8122
     184    -133.3145      -8.0562
     185    -106.5730     -13.1753
     186    -110.7172     -19.6063
     187    -104.0626      -6.7237
     188    -114.8612     -10.4322
     189     -99.3639     -22.5676
     190     -88.4913     -10.7662
     191    -123.3138      -8.0947
     192    -110.9412      -3.5769
     193    -106.8474     -10.6047
     194    -118.8676       3.5692
     195     -93.3298     -44.8677
     196    -136.4924       6.4601
     197     -96.7958     -28.0727
     198    -117.9067      -8.0014
     199    -115.0339     -15.7467
     200    -130.0395     -26.2569
     201    -107.3994      -9.2599
     202    -112.9299     -17.0452
     203     -99.2643     -17.1661
     204    -121.9767     -19.1318
     205     -90.6497     -26.7907
     206    -103.9620     -22.0913
     207    -102.6393     -17.9986
     208    -109.5636     -19.8247
     209     -92.3264     -17.7008
     210    -111.4013     -28.7148
     211    -110.4291     -15.8567
     212     -84.7542     -19.6983
     213     -92.1596     -30.4276
     214    -100.4230      -9.2502
     215     -96.7261     -11.0106
     216    -101.1232      -4.7712
     217    -121.5649     -21.0592
     218     -97.3957       0.4448
     219    -117.9655     -26.0194
     220    -122.8674     -10.9886
     221    -101.5311     -17.9382
     222    -112.9920      -5.2654
     223    -105.7296     -17.5662
     224    -119.7674       0.7439
     225     -97.6806      -2.9926
     226    -117.6031      -4.6210
     227    -122.2711       8.4539
     228    -106.9430     -24.0344
     229     -95.8337     -21.9298
     230    -117.7440      -0.4045
     231    -111.0615      -0.0717
     232    -125.1827      -3.9973
     233    -109.2310     -14.2560
     234    -113.7061     -31.3067
     235    -101.9359     -11.3374
     236    -107.6597      -0.5543
     237    -111.9836      -1.4253
     238    -110.5320      -2.6831
     239    -133.8929       4.3407
     240    -105.0481     -15.4811
     241    -112.1590      -5.9871
     242     -98.5352     -46.3436
     243     -99.8607     -27.9624
     244     -94.7372     -31.5255
     245    -109.8059     -28.0538
     246    -125.7479     -16.7929
     247    -111.3389     -42.9212
     248    -101.3657     -42.6634
     249     -89.5789     -17.6928
     250    -104.8766     -15.5071
     251    -112.8710     -12.2326
     252     -95.2660     -14.1818
     253    -115.4583     -25.0188
     254    -122.0378     -19.9249
     255    -112.5899     -16.6040
     256    -114.6572     -20.5169
     257    -121.5113      -4.8932
     258     -89.3309      -5.9814
     259    -102.1151      -6.2259
     260     -93.6819     -25.5639
     261    -107.4142      -6.8108
     262    -116.2183      -9.5637
     263    -111.5860     -29.4470
     264    -131.1662      -5.9771
     265    -107.2862     -49.3090
     266    -100.9573     -34.0094
     267    -107.4225     -39.0424
     268    -102.5529       5.7610
     269     -85.6570     -11.3343
     270    -141.7670     -10.1891
     271    -109.0872     -22.3217
     272    -100.4403      -7.7458
     273    -107.4768      -8.0185
     274    -121.2341     -20.9529
     275     -80.3704     -20.0923
     276     -96.4293     -13.4462
     277    -111.8057     -22.9107
     278    -115.7418      -2.0940
     279    -111.5623      -7.4284
     280    -126.6116      -4.6402
     281    -109.6376     -15.3726
     282     -98.4403     -35.8002
     283     -98.0517     -14.8267
     284     -86.0101     -36.8363
     285    -125.4617     -28.2883
     286    -116.1686     -12.7365
     287    -138.6828     -14.4438
     288    -122.5247      -5.9648
     289    -105.7286      -3.4398
     290    -106.0231      -4.5549
     291    -106.9815     -27.5805
     292    -115.6302     -22.1019
     293    -107.0064     -20.8539
     294    -112.0109     -17.1316
     295    -124.5101     -25.9714
     296    -111.9930     -12.7010
     297     -91.5448     -24.9030
     298     -96.7150     -27.3230
     299    -117.4275     -10.2393
     300     -99.0693     -26.0406
     301     -97.2126      -3.8618
     302    -109.1237       4.1063
     303     -97.1003      -9.3740
     304    -116.2555      -5.3784
     305    -115.9186     -30.8195
     306     -91.3617     -19.1079
     307    -100.5378     -19.5045
     308    -103.7001     -17.8136
     309    -115.6765     -28.1759
     310    -114.5142     -49.0573
     311    -103.4260     -22.5535
     312    -123.2629      -0.0743
     313    -121.1457      -7.2946
     314    -117.6006     -14.8330
     315    -114.6534     -10.1227
     316    -115.5437     -10.7063
     317     -87.0748     -18.5537
     318    -112.4304      -5.5250
     319     -92.4465     -20.6487
     320    -105.3983       2.1967
     321    -122.2107       1.3713
     322     -80.3982     -19.5088
     323    -108.8384     -11.3302
     324    -141.7162       4.0920
     325    -114.2612     -12.0092
     326     -92.4822     -11.7517
     327    -111.6031     -18.5769
     328    -100.3058     -16.4563
     329    -101.9688     -19.4717
     330    -101.9311      -7.6956
     331     -94.9788     -15.6739
     332    -123.7269      -8.2464
     333    -125.6294     -14.4387
     334    -120.9788       1.2114
     335    -121.0864      -6.0619
     336     -87.2667     -30.6380
     337    -101.7181     -29.0264
     338     -89.9545     -22.3979
     339    -118.6656      -1.0299
     340    -108.2492     -13.2332
     341    -113.3323     -23.3187
     342    -135.4003      -1.1805
     343    -103.0420     -24.0578
     344    -131.6123      -0.7969
     345     -99.9083     -22.4302
     346    -113.1900     -10.6213
     347    -104.3363     -22.8706
     348    -115.6870      -6.4638
     349    -114.4833     -25.9728
     350    -100.2454     -26.1320
     351    -121.5518     -24.8152
     352    -111.9663      -4.7465
     353     -97.4480      -3.2692
     354    -100.1958     -24.9280
     355    -115.1131     -12.2995
     356    -104.0540     -19.0375
     357    -125.8992      -3.4021
     358     -72.3055     -33.9346
     359     -95.9775      -9.0869
     360    -114.2778     -20.8225
     361    -114.2463     -19.2533
     362    -121.3681      -5.1590
     363    -118.2410     -10.3065
     364    -119.8361     -12.2321
     365    -110.3073     -36.7040
     366    -104.2667     -22.0470
     367    -130.0259      -5.2760
     368    -107.6322     -11.0126
     369    -114.4183     -19.3737
     370    -110.6895     -24.3069
     371    -111.8085     -14.6493
     372    -112.3575     -23.9432
     373     -95.4549      -4.5084
     374    -125.6043     -15.8667
     375     -95.4764      -6.0364
     376    -115.5824     -21.9921
     377     -97.9844     -34.1005
     378    -116.1522     -13.0105
     379    -128.7762      -5.2821
     380    -105.8478     -27.5255
     381    -105.3025     -22.7287
     382    -100.2059     -30.7204
     383    -102.8177     -22.6626
     384     -99.2621     -28.6545
     385    -118.2343     -17.1203
     386    -111.4127      -7.9747
     387    -122.7347      -3.1235
     388    -112.2511     -18.6121
     389    -100.2651      -9.5241
     390    -109.2633     -10.1523
     391    -122.1225     -23.3056
     392     -97.4272     -14.9767
     393    -109.9342     -14.7264
     394     -95.3719      -9.1240
     395    -129.3696     -32.3332
     396    -106.4434     -12.6478
     397    -118.3642     -17.4260
     398     -99.0443     -11.5691
     399     -94.9504     -15.7077
     400     -99.1444     -17.2592
     401     -91.7367     -18.8445
     402     -93.3620     -27.5947
     403    -124.4847       4.3544
     404    -111.2105     -13.4820
     405     -91.5019     -21.2137
     406    -117.5010     -11.2674
     407    -106.6678     -17.9128
     408    -136.1917      -0.7322
     409    -119.0986      -9.0882
     410    -109.2050       1.3215
     411    -122.7045       4.2710
     412    -130.7775      -3.1673
     413    -129.4176      -4.6941
     414    -125.0900       9.4149
     415    -133.6636       8.0230
     416    -109.8033     -28.3750
     417    -105.3529       0.6806
     418    -127.5402      -0.0351
     419     -88.0052     -26.1092
     420    -119.3777     -15.8508
     421    -101.1990     -15.8683
     422    -117.1480     -32.9859
     423    -132.1118      -9.0189
     424    -129.1837     -10.0975
     425    -124.4544       3.0364
     426    -118.4324       2.0472
     427    -111.4396     -17.7255
     428    -103.5853       5.1849
     429     -95.9345     -22.9449
     430    -123.6758     -24.0019
     431    -113.3846      -6.7983
     432    -103.6026     -16.2599
     433    -108.0522       3.7410
     434    -123.0002       5.4708
     435    -112.8880     -18.8175
     436    -131.0965       9.8562
     437    -101.8097       1.4050
     438    -106.7417       7.2179
     439    -123.6017      -1.8742
     440    -101.9444      -7.2305
     441    -108.1490      -5.3271
     442    -103.7400      -8.0729
     443    -107.5534       7.9547
     444    -107.3789      -2.9079
     445    -110.5009      -3.3976
     446    -108.0489     -11.3382
     447    -107.9652      -1.4752
     448    -101.7588       8.7593
     449    -102.6775     -10.7241
     450    -122.8762       1.8712
     451    -100.4246     -19.2580
     452    -130.3017      11.2146
     453    -113.9706     -18.7543
     454    -116.1065      -3.9545
     455    -123.5617      -4.9989
     456    -106.0397     -11.5968
     457    -104.5675     -11.0807
     458    -105.6302      -8.6812
     459    -119.7874      -1.9558
     460    -106.2598     -22.2376
     461     -97.9239     -11.8962
     462    -109.2701      -0.7282
     463    -115.7577       3.0786
     464    -137.1714       0.8991
     465    -127.2260     -20.7089
     466     -99.7981     -28.4655
     467    -116.5193     -12.8677
     468    -118.1068     -15.1394
     469    -108.9218      -5.4125
     470     -98.8473     -10.2844
     471    -124.2990      -9.2598
     472     -91.4287     -22.6197
     473    -105.4157      -2.6342
     474    -101.0038     -14.2273
     475    -125.1264     -19.0522
     476     -94.9574     -18.7612
     477    -104.7452     -11.6679
     478     -95.2469     -23.8688
     479    -108.8533      -8.3471
     480    -109.9702     -18.1645
     481    -116.1665       0.1253
     482    -103.2261      -9.4020
     483    -117.8375     -11.4858
     484    -127.4344     -26.2806
     485    -107.7186     -22.9368
     486    -106.5447      -9.2740
     487    -101.1471     -21.2345
     488     -84.0800     -17.9251
     489    -126.2348       3.2284
     490     -85.7661     -17.4851
     491    -122.0991      -2.4519
     492    -110.5781      -7.7697
     493    -104.3486     -13.1965
     494    -121.2223      -4.9435
     495    -117.1454      -6.9607
     496    -115.3949      -9.7224
     497    -114.3540     -30.0888
     498    -103.3486     -14.5066
     499    -100.3808     -10.2974
     500    -101.0250     -10.9933
     501    -134.5743     -10.2633
     502    -101.1092     -19.4687
     503    -113.1635     -25.6604
     504     -97.0021     -29.1186
     505    -105.4222       4.0616
     506    -113.5432     -18.8577
     507    -106.0938      -8.7679
     508    -101.1887     -27.2573
     509     -98.6463     -23.2854
     510    -109.6561     -12.0120
     511    -124.3060     -15.8389
     512    -129.0571     -24.4017
     513    -120.0116     -21.3172
     514    -111.5361     -21.7467
     515    -111.6938     -26.0173
     516    -116.3425     -24.9799
     517    -113.5865      -8.0959
     518     -97.1832     -28.1350
     519    -112.0744     -16.9771
     520     -94.1384      -8.9453
     521    -114.7860     -12.9728
     522    -118.9696       6.6414
     523    -124.5580      12.8299
     524    -113.9873       0.1479
     525    -101.4367      -8.1790
     526    -113.8402     -11.5333
     527    -127.5593       2.2723
     528    -139.4702     -13.8892
     529    -124.0342     -26.7005
     530    -123.6885     -20.9354
     531    -114.4731     -10.7756
     532    -104.8903      -1.3731
     533    -109.2109     -15.7376
     534     -96.7475     -11.0607
     535    -116.6860      -8.7341
     536    -111.5006     -13.1594
     537    -128.9683      -9.3222
     538    -105.0937     -17.9052
     539    -102.4537     -14.7485
     540     -88.8499     -19.6513
     541    -101.3443     -10.8416
     542    -113.4676      -4.7520
     543     -83.5473     -24.3427
     544    -129.1990     -12.1482
     545    -100.5364     -16.9877
     546    -128.9030       1.0178
     547    -124.0386      -7.5300
     548    -133.0722       2.1728
     549    -119.4533      -1.8727
     550    -115.4807      -9.6170
     551    -127.9126     -16.0466
     552    -111.8134     -18.2771
     553    -137.2817     -15.6209
     554    -121.3894       6.7366
     555    -116.0861      -7.1845
     556    -100.2307      -6.1353
     557    -113.3882      -1.3818
     558    -101.4338     -12.1829
     559    -117.5594     -10.6599
     560    -108.9948       3.6135
     561    -115.7204     -12.8310
     562    -116.3764     -13.8959
     563    -125.4535     -12.4291
     564    -113.2790       6.9655
     565    -134.4781     -18.8993
     566    -118.5762      -7.9396
     567    -100.1032      -6.4528
     568    -122.7353     -22.9530
     569    -119.7996     -16.3077
     570    -101.5974     -46.4994
     571     -93.6714      -5.4774
     572     -99.7691     -34.7812
     573    -120.8662     -13.2754
     574    -116.4937     -26.2909
     575    -123.8008     -17.6147
     576    -128.7017      -3.9761
     577    -100.1209     -28.4520
     578     -96.7598     -10.9827
     579     -87.7579     -12.9685
     580    -117.6059     -19.9593
     581     -93.0821     -10.1937
     582    -108.8789     -36.5985
     583     -99.7124     -16.2018
     584    -111.7841      -7.0200
     585    -119.2921     -11.8646
     586    -107.9371      -8.3558
     587    -109.2138      -2.8661
     588    -109.3876       4.5252
     589    -105.1257      -4.0954
     590    -110.2527     -12.4678
     591     -84.5114     -11.4089
     592    -108.9935       7.8704
     593    -104.5182     -12.6543
     594    -120.8290      24.9092
     595     -98.4764       8.4235
     596     -98.8127      -3.5278
     597    -112.9599      25.4916
     598    -134.5044       0.6691
     599    -111.3680      17.1033
     600    -103.9377     -12.7095
     601    -121.3842      -7.5337
     602     -91.2130     -12.8915
     603    -110.1816     -20.2319
     604    -116.0191     -14.6398
     605     -95.1862     -14.2787
     606     -90.9350     -14.9184
     607     -87.7747      -5.3549
     608    -130.1145      -8.7712
     609    -105.5967     -14.0182
     610    -109.9064     -32.9006
     611    -102.7512     -15.4426
     612    -105.8433     -24.3226
     613     -91.6836     -31.5784
     614    -111.1327      -3.2625
     615    -116.0539      -4.7217
     616    -100.4223     -39.4106
     617    -110.7984     -20.8533
     618    -124.1825      -1.9070
     619    -112.5654      -4.3507
     620    -103.5599     -18.2870
     621    -110.9564     -15.4548
     622     -92.8514     -13.9425
     623    -132.1656      -1.3504
     624    -103.8467     -16.6896
     625    -113.4772     -12.3661
     626     -93.4513     -13.9319
     627    -124.5455      -8.7197
     628     -84.2985     -34.6110
     629    -107.7188     -13.9308
     630    -117.8903     -18.8257
     631    -113.8007     -25.7000
     632    -121.6852      -9.8142
     633    -110.3978     -16.5326
     634     -89.4541     -23.0493
     635     -94.7704     -16.7034
     636     -98.6844      -0.1272
     637    -126.1062      -3.1526
     638     -96.2441     -19.7323
     639    -109.2979     -29.9473
     640    -108.2521      -9.8793
     641     -97.6250     -16.0062
     642    -139.3170       8.2308
     643    -102.4178     -16.4530
     644     -79.5907      -8.4402
     645    -132.7860      -3.0760
     646    -117.8102     -11.3685
     647    -110.7665     -26.7466
     648    -127.5078      -3.3172
     649    -143.0600      -0.9734
     650    -121.0824       4.2766
     651    -102.5797      -0.6526
     652    -105.6616       7.6595
     653    -131.2387      -0.3164
     654    -113.9534     -17.8903
     655    -129.2267      -7.7516
     656    -110.5586     -17.4023
     657    -117.9556     -15.6541
     658    -112.6275     -14.1631
     659    -105.0852     -15.7836
     660    -122.1692     -31.4842
     661     -91.2393     -10.4568
     662    -109.5628     -19.0234
     663    -120.1001     -15.5924
     664    -118.4646     -15.2855
     665     -99.2640     -25.2307
     666     -78.9368     -27.8795
     667    -112.0061     -10.0251
     668    -111.7716     -18.6952
     669    -107.8573     -21.3008
     670    -110.2479      -0.0032
     671    -111.5191      -0.4542
     672    -114.4893     -22.5991
     673    -108.4191      -9.1150
     674    -113.3375      -3.3743
     675    -102.9992     -24.0747
     676    -121.8991       3.9668
     677    -106.4741     -17.5810
     678    -106.7952      -6.1941
     679    -112.5224      -3.4058
     680     -94.1106     -16.7409
     681    -128.7831      -2.6517
     682    -113.0211     -17.0028
     683    -104.9505      -4.2298
     684    -109.2220     -29.9160
     685     -88.4884     -23.7484
     686    -122.7448     -22.9386
     687    -115.0186     -26.1661
     688    -119.0121      -3.0065
     689    -102.3957     -28.8183
     690    -105.2211     -22.1881
     691     -99.1463      -8.9900
     692     -99.1170     -32.5246
     693    -112.3411     -27.5027
     694    -116.0855     -25.4682
     695    -116.8627      -3.1201
     696    -109.9878      -6.2861
     697    -107.3354     -21.5946
     698     -95.7952     -14.4519
     699    -114.2586     -22.4261
     700    -100.6779     -12.1569
     701    -108.2267     -28.9841
     702     -96.6136     -23.1168
     703    -108.9431     -10.0735
     704    -107.3175     -18.8520
     705    -107.9623      -6.5057
     706     -96.6461     -28.4801
     707    -119.5131     -16.6893
     708    -101.9020     -10.2662
     709     -90.7452      -6.5286
     710     -88.8253     -20.1276
     711    -105.6084     -17.0030
     712    -124.7857      -4.5917
     713    -102.2464       2.2206
     714     -94.2491     -13.5585
     715    -120.8250     -15.1677
     716    -111.1788     -11.5105
     717    -120.0992     -17.3690
     718    -103.3828     -27.5023
     719    -104.4613     -15.7777
     720     -96.4519     -34.0455
     721    -112.7884     -11.7574
     722    -111.7022      -4.9451
     723     -98.4526     -18.9760
     724    -120.3676     -16.5895
     725    -132.1083       3.6769
     726    -103.3539       0.1337
     727    -121.0134     -21.0468
     728     -92.0707     -15.9787
     729    -116.4306     -11.8128
     730    -116.6544     -31.0113
     731     -92.4730     -18.4564
     732    -111.6495     -31.9432
     733    -100.7832     -28.9903
     734    -113.6213     -25.1686
     735    -125.1378       1.8171
     736    -121.3833     -25.5817
     737    -125.5873     -13.6818
     738    -110.1944     -13.7788
     739    -101.2991     -27.0810
     740    -125.4407      -6.2492
     741    -112.0545     -12.2121
     742    -110.2829     -19.7231
     743     -96.1645     -20.0330
     744    -118.7372     -20.5922
     745    -114.3854     -33.1393
     746    -132.6225     -12.5279
     747     -97.2642     -24.8201
     748    -118.8937       4.8789
     749    -121.7858     -30.2007
     750     -99.8142     -14.2415
     751    -117.9187     -25.4049
     752    -105.7755     -25.5591
     753    -116.7483     -10.6158
     754    -135.2687     -14.8065
     755    -115.1165     -21.6258
     756    -132.4953     -16.8356
     757    -100.9186     -23.9339
     758    -110.9049     -21.1254
     759    -116.2732     -19.3151
     760    -129.2541     -11.5195
     761    -110.2245     -15.1384
     762     -97.7563     -32.5497
     763    -117.8647     -11.3272
     764    -111.6658      -1.4767
     765    -107.8902     -14.7662
     766     -88.6921     -31.6562
     767    -101.7038     -24.7025
     768     -98.1735     -13.2518
     769    -122.0246     -17.6864
     770     -93.4914     -22.1676
     771     -95.1280     -29.7800
     772    -141.6022     -10.5962
     773    -132.9832      -8.7273
     774     -96.3064     -15.0775
     775    -108.1696     -12.9793
     776    -121.9018       2.7620
     777    -116.8385     -23.6370
     778    -121.6309     -12.7790
     779     -96.3658     -17.9975
     780    -101.9591      -5.5580
     781    -102.5336     -26.9445
     782    -103.5337      -8.1234
     783    -115.4626      -1.8176
     784     -90.2097     -11.6494
     785    -110.4181     -22.9417
     786    -112.7651     -23.4175
     787    -102.3777       1.5049
     788    -108.4745      -6.5053
     789    -113.3627     -34.8800
     790    -107.3854      -9.7544
     791    -139.7324     -12.3607
     792    -123.2549       1.8231
     793     -97.9740     -21.8896
     794    -106.8029     -15.3367
     795    -117.2697     -11.0392
     796    -114.4235     -28.7469
     797     -98.3404     -16.5521
     798    -105.6257     -17.8238
     799    -113.9683     -18.8093
     800    -104.7163     -46.7524
     801     -95.8421      -3.6891
     802    -128.8576     -24.0721
     803    -115.2861     -11.9308
     804    -126.9304      -4.6049
     805    -128.2561     -14.1959
     806    -120.0883      -2.4348
     807     -92.5711     -27.7861
     808    -111.6323       2.2888
     809     -96.1326     -41.3761
     810    -112.0898     -10.0003
     811    -127.3694      -8.9246
     812    -130.4427     -18.2649
     813    -115.3724      -6.3357
     814    -105.8370     -24.2862
     815    -119.7834     -17.4374
     816    -113.2583     -19.5283
     817    -101.1544      -8.1457
     818    -138.6134     -26.5460
     819    -140.7657      13.8232
     820    -112.3115     -22.5883
     821    -110.5074     -19.1293
     822    -126.7791      -2.7871
     823    -133.1863      -1.9203
     824    -117.1581     -14.1091
     825    -116.1029     -35.8432
     826    -110.4195     -28.6815
     827    -109.4578     -27.6777
     828    -129.2625       5.8857
     829    -131.2649       8.5609
     830    -102.3591     -26.6186
     831    -121.8061       1.7765
     832    -120.2567     -39.6217
     833    -108.8343     -14.2694
     834    -107.8697     -25.1200
     835    -100.0410     -21.1501
     836    -118.1789       2.8103
     837     -93.8575      -2.2639
     838     -98.0265     -14.5172
     839    -100.6778     -11.5093
     840     -87.2238     -34.4792
     841    -119.7045     -18.6052
     842    -103.1699      -8.2474
     843    -121.4311      -4.8045
     844    -123.4934      -2.3835
     845    -102.0308     -17.1357
     846    -116.7511     -25.1018
     847     -99.8754      -1.1065
     848    -111.6779      -3.1634
     849    -102.5355      -7.6119
     850    -143.9954     -11.5162
     851    -100.4363     -21.2775
     852    -102.2909     -11.9653
     853    -141.5457     -24.3756
     854    -110.6762     -10.7988
     855    -112.9940     -15.0575
     856    -122.9120      -7.9905
     857    -120.9787     -20.3864
     858    -137.7619     -14.0755
     859    -107.0513     -15.2720
     860    -100.2534     -15.5336
     861     -97.3154      -4.9353
     862    -106.7297      -6.8676
     863    -103.3688     -11.3677
     864    -117.7225     -16.7275
     865    -113.2486     -10.9459
     866    -142.2765      -9.3044
     867    -138.9004     -13.8892
     868    -110.5332       1.9527
     869    -137.4151     -18.8547
     870    -127.0806     -19.2225
     871    -133.4752     -18.3221
     872    -122.7208     -11.3587
     873    -114.7455     -42.9451
     874    -134.2924     -11.8289
     875    -130.9302       5.0861
     876    -124.3434     -27.9202
     877    -101.7864     -12.5529
     878    -137.2831      -0.4699
     879    -138.8089      -5.1254
     880    -109.6286      -6.4201
     881     -94.7957       3.3919
     882    -129.0261      -3.4257
     883     -88.2238      -3.4418
     884    -116.0317     -11.6518
     885     -81.9322     -11.6290
     886     -86.2181     -19.8285
     887    -110.5616      -9.4322
     888     -86.5587      -4.9962
     889     -94.4848      -9.5343
     890    -107.9953     -10.0822
     891     -92.7364       4.6966
     892     -83.4747     -14.2522
     893    -109.3184      19.1037
     894     -98.5158      -4.0279
     895     -98.3209       8.1297
     896    -113.3387      20.6554
     897     -96.6108      -3.1688
     898    -100.6800     -11.7060
     899     -88.0087      -5.8679
     900     -78.3235     -24.9392
     901     -93.5505      -3.6363
     902     -94.5610      -8.9576
     903     -84.5826     -16.8772
     904     -89.4537       2.9875
     905     -87.1825       3.7658
     906    -100.5775     -13.9739
     907    -106.7294      -1.9677
     908     -96.6582      10.5813
     909    -101.4281       1.0809
     910    -104.2942       0.9027
     911     -86.7132     -13.0699
     912     -94.6948       9.3377
     913     -98.2432       2.6418
     914    -119.2461     -11.1693
     915     -91.1338     -10.1783
     916     -97.2382       8.7516
     917     -94.8074       2.5199
     918    -110.9964     -24.9499
     919    -121.1467      -5.0063
     920    -117.6175      11.7970
     921    -112.0412       0.2557
     922    -115.0402       7.2839
     923    -123.6350      -9.0610
     924    -108.6820     -13.3950
     925    -103.3092      -8.3937
     926    -105.2666      -1.8523
     927    -118.9037     -11.4728
     928    -142.0082       4.6577
     929    -139.8998       1.4410
     930    -131.0055     -14.8818
     931    -124.3616      12.9726
     932    -136.0891       8.4379
     933    -127.3850      -7.7441
     934    -137.1296       2.0661
     935    -138.8316      -4.6836
     936    -123.7381      -6.1135
     937     -98.8685      -2.8387
     938    -110.3658       9.3377
     939    -116.9361      -2.8607
     940    -113.0736      -0.1074
     941    -118.0317      -3.0686
     942    -123.2318      -3.7533
     943    -115.8779      -2.7777
     944     -98.4009       1.5411
     945     -82.2221       8.8249
     946    -113.2923       5.0657
     947     -89.2748       0.7883
     948    -126.5544     -23.5598
     949    -119.3870      10.9658
     950    -104.7495      -1.0140
     951    -108.8350     -12.8722
     952    -103.1828       2.5511
     953     -97.8677       7.0924
     954     -96.6932      -5.7309
     955     -91.4065      -4.9919
     956     -86.4278      -7.5196
     957     -89.8519      -8.8113
     958    -118.0129      -1.6623
     959    -100.3294     -14.9399
     960     -88.8697      -2.6821
     961    -125.2292       6.6417
     962    -119.3714       0.6266
     963    -100.0660      -1.4670
     964     -88.5057      -9.4090
     965    -126.0334       9.2304
     966    -107.7991       4.5800
     967    -106.6771       4.1353
     968     -97.8201     -23.8125
     969    -129.9777      19.6830
     970     -95.1242     -13.5647
     971    -104.3093       2.2821
     972    -114.2518      17.8867
     973    -115.2508       6.2343
     974     -98.0704      24.5224
     975    -115.5066      -2.4986
     976     -82.2701      -3.4025
     977    -110.3384       2.1810
     978    -115.5822       2.7629
     979    -102.8998      12.1293
     980    -103.0500       1.0134
     981     -90.4615       3.6351
     982    -117.3442      15.1541
     983     -86.7729     -13.2562
     984    -103.1467       4.0492
     985    -115.4672      21.1594
     986     -85.6164     -15.0070
     987     -92.8663     -21.6002
     988     -88.9383      -5.4290
     989     -72.5083     -24.5829
     990    -120.0904      -8.8199
     991    -101.1461      -0.8915
     992     -97.2748      -0.8765
     993     -86.5672       7.7061
     994    -126.3034      -1.3033
     995    -115.5608      -9.0281
     996    -122.4995      -5.5948
     997    -116.0101      11.3898
     998    -107.2775     -12.9944
     999    -105.6006      -7.8201
    1000    -122.3370     -24.4487
