#Frame        phi:121      psi:121
       1    -122.1674     -11.8344
       2    -104.2656     -13.1928
       3     -98.8973      -8.3983
       4    -112.8468      -5.4971
       5    -117.2976      11.7489
       6    -114.1774      -3.7947
       7    -113.2537       4.3593
       8    -100.3706       2.0621
       9    -113.5949      11.8158
      10    -114.5482       3.3013
      11    -125.1939       4.0381
      12    -124.0824     -24.6684
      13    -119.9741      -5.2115
      14    -107.9251     -14.9916
      15    -122.1708      12.2580
      16    -100.3179      -3.4027
      17    -102.0813     -10.6204
      18     -96.6116     -33.7839
      19    -103.8373      -8.0016
      20    -120.7090     -25.2686
      21    -106.1131      -3.5371
      22    -127.7258       0.3064
      23    -107.0778     -15.5757
      24    -102.4679     -12.9993
      25    -119.8651     -10.7455
      26     -90.4151     -14.9972
      27    -102.0138     -12.0234
      28     -98.2808     -20.8192
      29    -110.8097      -5.8131
      30    -106.0105     -25.3947
      31    -103.9716     -20.6683
      32    -122.3360      -4.3036
      33    -125.0646      -9.8477
      34     -96.3011     -23.8909
      35    -114.1612     -14.6934
      36    -120.0491      -5.0373
      37    -133.5939      -3.7636
      38    -121.9260     -11.1056
      39    -111.6069     -22.3870
      40     -98.1921      -3.1579
      41    -126.2159      -4.5029
      42    -122.1650     -23.8821
      43    -104.5250     -19.7946
      44    -116.5213     -10.8013
      45    -134.4297      -5.0472
      46    -115.2099     -26.4307
      47    -111.7686      -1.0430
      48    -114.2974     -10.0047
      49    -116.3848     -27.7266
      50     -91.8173      -8.7635
      51    -111.5093     -19.0584
      52    -123.8346     -18.4321
      53    -123.4236     -19.1978
      54    -109.1384     -19.0469
      55     -97.6331     -19.2890
      56    -118.3071      -9.6221
      57     -87.1258     -29.6093
      58    -104.0345     -12.3024
      59    -118.9449       5.6019
      60    -122.3779      -6.8140
      61    -124.4067       4.0669
      62     -87.5591     -24.7123
      63     -98.7916     -30.1324
      64    -108.0107      -4.9633
      65     -99.2463     -13.2180
      66    -105.5033     -22.0943
      67    -100.5929     -11.9377
      68     -88.2149     -33.1442
      69    -104.3776       1.3845
      70    -120.6301      -4.8107
      71     -97.2328     -30.3447
      72     -95.2281     -26.1189
      73     -95.3167     -20.1578
      74    -112.6991     -12.9928
      75    -125.8571     -10.1149
      76    -115.2238      -0.0274
      77    -107.6336     -28.1719
      78    -115.9681      -8.6025
      79    -104.2701     -26.4516
      80    -118.9450     -27.3951
      81    -121.1311      -9.9164
      82    -101.5475      -9.5084
      83    -105.4934     -10.1574
      84    -119.7872      -9.6964
      85    -120.4599      -8.6858
      86     -99.7541      -4.1783
      87    -126.5042     -20.8150
      88    -109.7203     -13.6207
      89     -92.5820     -15.2827
      90     -94.2516     -13.5799
      91     -89.1940     -17.6360
      92     -90.6069     -16.1745
      93    -125.0695      12.3281
      94     -90.5869     -26.6206
      95    -119.5513       4.4243
      96    -107.6231      -2.7258
      97    -119.1771       3.3272
      98    -108.0304      -1.3554
      99    -103.2192     -28.8907
     100    -109.4870     -27.4425
     101     -94.9464     -31.0550
     102    -109.3218     -22.7708
     103     -73.0970     -42.9890
     104    -110.7523      -7.1299
     105    -122.6703      -9.7438
     106    -116.0310       9.3934
     107    -115.8864       6.4504
     108    -100.5900      -6.1300
     109     -95.3142      -1.0862
     110     -93.4011       1.6790
     111    -106.5829     -15.3030
     112    -110.6697     -22.2724
     113    -115.7315     -21.5329
     114    -104.5077     -24.1703
     115    -116.4132     -19.4190
     116    -112.2856     -21.1496
     117    -121.8596      -7.0667
     118     -95.8760     -15.7785
     119    -106.2965     -16.5641
     120    -103.4098     -16.2439
     121    -113.3175     -16.1583
     122    -116.1933     -21.4011
     123    -109.8411     -15.7719
     124    -113.9280     -16.0058
     125     -93.5942     -24.3106
     126    -108.7668     -21.1376
     127    -114.6742     -10.1132
     128    -106.3148     -25.8442
     129    -107.4358     -43.9311
     130    -113.1053      -0.0821
     131    -122.9243     -10.7970
     132     -94.7251      -2.8087
     133    -111.8323     -10.5031
     134    -123.8565      -0.0276
     135    -123.9176      -4.4752
     136    -115.4308      -7.1850
     137    -121.7725       2.1478
     138    -111.2691      10.6628
     139    -113.8924      -2.0216
     140    -101.7993       1.0257
     141    -122.1522       9.4556
     142    -108.5251      -8.5368
     143    -108.1313      10.5694
     144    -131.3414      -0.4788
     145    -136.6586      -0.7860
     146    -115.3888      -2.6047
     147     -99.5341     -12.2807
     148    -119.3026      -0.2662
     149    -113.8779      -4.8562
     150    -108.3812      -4.0288
     151    -118.5776      -9.0404
     152    -122.8142      -6.9026
     153    -106.0473       6.3023
     154    -112.4307     -15.4677
     155     -85.7944     -16.9016
     156     -94.4871     -15.4803
     157    -119.0699      -6.4847
     158    -127.8213     -11.7645
     159    -136.1448      11.3181
     160    -137.8240      -7.0235
     161    -117.0081     -22.0251
     162     -86.6966     -19.7679
     163    -116.7699      -4.6137
     164     -95.6305     -37.4652
     165    -128.5652       4.6519
     166    -112.1094     -20.0103
     167    -117.2648      -2.0188
     168    -112.9384      -4.4838
     169    -108.0561     -25.3391
     170    -120.9608     -15.4045
     171    -105.8179      -8.1410
     172    -111.4158      -4.3392
     173    -112.6351      -2.9017
     174    -123.5916     -13.0003
     175    -104.1479      -1.5686
     176    -127.7500      -2.2185
     177    -103.1527      -5.6596
     178    -106.4178      -8.4718
     179    -108.2342     -18.8363
     180    -109.7769      -6.7916
     181    -141.4576      -3.4029
     182    -108.3271     -20.2884
     183     -91.3952     -34.7496
     184    -105.6935     -23.9495
     185    -122.4570       0.3162
     186    -118.1792     -22.8114
     187    -125.8226      -2.9692
     188    -107.2203     -23.3721
     189     -91.5164     -13.5019
     190     -93.4869     -14.4348
     191     -88.6696     -16.3853
     192    -115.2298     -10.2246
     193     -99.1627     -27.2339
     194    -101.6517     -29.6558
     195     -98.1532     -11.9845
     196     -95.9791     -18.1896
     197    -108.4180     -19.5727
     198     -84.7291     -41.2998
     199     -96.4514     -20.9047
     200     -78.4782     -24.4325
     201    -106.7955     -20.5330
     202    -118.4217      -4.9048
     203     -99.9687     -24.3664
     204    -100.9253     -23.8061
     205    -103.4347     -17.6468
     206    -125.2970     -34.8375
     207    -100.7639     -33.1844
     208    -104.7078     -21.6382
     209    -107.3153      -7.7130
     210    -106.9418      -7.9720
     211    -109.0566     -16.3899
     212    -125.6313     -23.4700
     213    -137.2391       8.6943
     214    -117.9036     -31.3436
     215    -121.0117       1.0962
     216    -121.8959      -5.6995
     217     -94.0800     -26.8684
     218    -101.8307      -3.3163
     219    -122.6182      -1.9008
     220    -105.0794     -14.7733
     221    -109.3363     -16.5728
     222    -106.9756     -16.0297
     223     -93.7487     -13.5668
     224    -124.2302       8.7378
     225     -87.9613     -20.2348
     226    -116.0760     -30.2613
     227    -107.0074     -14.5492
     228     -88.7672     -24.2744
     229    -100.7037     -44.7759
     230    -102.6252     -16.3837
     231    -121.0788     -13.8430
     232     -95.9296     -14.8679
     233    -105.8566     -10.4912
     234    -134.2143      -9.7497
     235    -129.9644      -5.6299
     236     -89.8204     -36.6906
     237    -106.6270     -18.9861
     238    -117.0732     -14.2917
     239    -110.9744     -23.3223
     240    -125.2090     -24.7252
     241    -112.0785     -22.5975
     242    -127.0547       3.4832
     243    -128.4070     -20.3728
     244    -124.1229     -11.1851
     245    -105.4920     -23.7514
     246     -98.8855     -23.8310
     247    -105.3280      -2.6468
     248    -102.4543     -31.3201
     249    -115.9490     -18.8623
     250    -115.3968     -17.4340
     251    -123.6705     -19.1124
     252    -113.6090     -26.9111
     253    -118.3892     -15.1765
     254    -105.8778     -33.3823
     255     -93.2569     -20.8435
     256     -90.3708     -16.7739
     257    -117.4776     -16.8390
     258    -125.4420     -12.8372
     259    -111.7935     -27.8533
     260    -119.9113       2.1662
     261    -106.4698     -26.2686
     262     -93.8133     -36.3209
     263    -115.6080     -16.5831
     264    -107.6863     -21.7234
     265    -107.3354     -21.2856
     266     -92.3174      -5.3442
     267     -99.7604     -16.1634
     268    -122.2307       1.8101
     269    -110.4674       1.4448
     270    -121.7644     -12.4546
     271    -105.5736     -28.5364
     272    -113.6622     -23.8530
     273    -112.9028     -27.0379
     274    -108.6892     -28.5381
     275     -92.0722     -34.2978
     276    -119.4653     -12.3024
     277     -96.2860     -28.8486
     278    -115.5359      -4.5629
     279    -111.7042     -10.1182
     280    -119.3765     -14.2688
     281    -116.1620     -10.5883
     282    -108.1793       2.4309
     283    -102.4675     -15.6552
     284    -108.6945     -14.9994
     285    -103.3292      -9.5595
     286    -119.5238     -25.7020
     287    -113.2195     -21.6038
     288    -109.6477      -8.0216
     289    -101.6689      -4.3832
     290    -104.6291      -4.6263
     291    -115.1536       5.3334
     292    -132.2315      -2.3192
     293    -126.0710      -8.7406
     294    -125.3263     -10.5066
     295    -107.1701      -7.9072
     296    -137.1656     -11.2216
     297    -125.2839       2.8811
     298    -106.5531     -14.3594
     299    -125.2493      -5.1093
     300    -107.5623      -4.7950
     301    -118.0156      -4.8844
     302    -113.8576     -28.0267
     303    -106.0732     -19.3212
     304    -122.0114       2.4732
     305    -135.2913     -12.8715
     306    -126.5629       1.7087
     307     -97.2289      -5.1996
     308     -98.1915      -9.4270
     309    -114.8335     -14.8432
     310    -110.7170     -17.8409
     311    -135.6196       4.8637
     312    -118.0165     -13.2134
     313    -115.7530      -8.5732
     314    -102.1565     -14.5315
     315     -99.3886       5.3495
     316    -122.7210     -16.1390
     317    -101.6457     -20.7085
     318    -109.3608       3.6104
     319    -132.2633      19.5048
     320    -117.6009       8.6921
     321    -124.6506      -6.0103
     322    -112.8071       7.5381
     323    -113.2581       1.3566
     324    -114.7937      -3.4905
     325    -104.1599       6.0257
     326    -120.8289      -0.3799
     327    -117.4712      -8.3072
     328    -129.0860      -1.3308
     329    -103.9284      -9.5312
     330    -113.6778       2.0136
     331    -113.3146      -6.4233
     332    -135.7365      -7.3393
     333    -126.9287       0.6434
     334    -109.8046      -3.1396
     335    -106.3092     -10.9113
     336    -110.6939      -8.4262
     337    -124.6395      -6.9239
     338    -122.9112     -13.4968
     339    -121.2770     -13.5949
     340    -108.4126     -15.7824
     341    -129.8235      -2.0831
     342    -105.2899     -17.7933
     343     -97.1644     -20.7273
     344    -143.9096      -3.7131
     345    -102.7525     -11.1937
     346    -106.8816     -16.1068
     347     -91.5632     -15.6395
     348    -122.4246      -3.3857
     349    -120.4681     -22.6036
     350    -101.9253     -21.7115
     351    -113.7262     -15.3042
     352    -109.2071     -19.0729
     353    -118.0722      -2.0133
     354    -118.1377      -4.2580
     355    -108.5926      -8.2549
     356    -113.9183      18.4828
     357    -110.2567      -4.4233
     358    -103.2273     -15.7269
     359    -115.1069     -13.6252
     360    -112.1491     -11.1554
     361    -129.8130      -3.3855
     362    -122.6733     -11.8422
     363    -111.9331       7.3533
     364     -79.9453     -32.6133
     365    -134.9112      -9.7895
     366     -99.6318     -17.0835
     367    -121.7107      -7.4729
     368    -120.3410     -23.1678
     369    -104.0757      -4.5125
     370     -83.5920     -10.7244
     371    -135.5289      -8.8701
     372     -89.2497     -24.1103
     373    -114.1590      -6.3206
     374    -120.2527      -8.4610
     375    -123.4192      -5.0480
     376    -111.1675     -21.2432
     377    -102.0793     -12.4281
     378    -130.9214     -12.5808
     379    -112.0657     -16.4523
     380    -102.8527      -8.9818
     381    -101.0228     -25.3945
     382    -114.9182     -10.9353
     383    -116.2346      -7.5928
     384    -122.7348     -21.9186
     385    -115.7493     -22.1345
     386    -100.7286     -22.7931
     387    -120.9358      -3.8532
     388     -88.4474     -28.0959
     389    -140.8727     -25.8475
     390     -91.5068     -13.2779
     391    -107.0251     -21.8531
     392     -92.4910     -13.1435
     393    -108.8498     -29.2000
     394     -90.0267     -26.7111
     395    -110.2046     -10.0345
     396    -105.2621     -20.5490
     397    -126.9935       0.3661
     398    -117.5365       6.9794
     399     -98.9168      -4.4733
     400    -116.6835     -24.3507
     401    -104.0467     -24.9169
     402    -118.1544     -23.7641
     403     -91.0240     -26.3826
     404    -115.9435     -23.7661
     405    -115.4286       8.8460
     406    -122.5757     -13.4014
     407    -126.4215     -17.2741
     408     -90.7013     -10.9891
     409    -100.3750     -22.7601
     410    -114.5682     -11.1789
     411    -128.2393     -22.1871
     412    -116.5261     -19.1332
     413    -111.7829       5.0741
     414    -109.6218       4.7064
     415    -127.5903      -5.0509
     416     -88.7445      -8.2021
     417     -94.0705     -33.5807
     418    -106.2495      -6.6470
     419    -122.6345     -22.0670
     420     -95.2079     -19.3811
     421    -100.1873     -26.3258
     422     -99.9771     -21.6710
     423    -124.0977     -14.9787
     424    -107.5972     -18.0099
     425    -116.4957     -33.9982
     426    -126.0754      -6.5606
     427    -125.9495     -28.6512
     428    -112.6945       5.1163
     429    -120.9594      -7.7253
     430     -89.8306     -28.7136
     431    -108.7750      -9.1102
     432    -110.5541      -8.0153
     433    -122.3105      13.1217
     434    -137.8328      -4.0439
     435    -104.9112     -12.3937
     436    -103.3900       2.1808
     437    -132.0253      -3.4519
     438    -120.0780     -21.4550
     439    -141.5172      -0.4486
     440    -134.9643     -10.9361
     441    -138.8931       2.2955
     442    -128.7313     -10.6982
     443    -132.6277     -10.3673
     444    -102.6143     -25.6379
     445    -116.2130      -8.1449
     446     -91.8456     -21.6785
     447    -110.4810     -21.4607
     448    -124.8400     -16.1085
     449    -126.1863      -9.7850
     450    -124.6631     -11.5817
     451    -104.1531     -15.6387
     452     -97.1214     -19.4331
     453    -120.8999      -2.5834
     454    -114.6553     -13.3804
     455     -82.4810     -21.0997
     456    -108.0623      -5.2445
     457    -113.7564      -3.9734
     458    -106.4893     -16.0480
     459    -119.2273       6.3162
     460     -85.8755     -13.1063
     461     -99.1832     -13.9468
     462     -79.5692     -18.4660
     463    -114.4440     -12.3400
     464    -111.1924     -21.8111
     465    -107.4800     -14.6497
     466     -98.5985     -19.9150
     467    -101.6521     -18.2609
     468    -111.3760     -19.4741
     469    -127.0903      -6.5855
     470    -123.4503      -3.8618
     471    -118.5563     -25.6010
     472    -101.2825      -2.1224
     473    -105.1754      -0.3619
     474    -111.6759     -19.4040
     475    -106.6500      -9.4351
     476    -114.7095      -4.5824
     477    -110.3473     -23.2218
     478    -100.4673     -13.7610
     479    -104.5707      -8.7684
     480    -141.7385      -5.7535
     481    -118.4864      -6.7708
     482    -115.8430      -5.0731
     483    -123.7675       4.6509
     484    -106.5830      -7.7135
     485    -106.1933     -15.8626
     486    -103.3830      -3.6058
     487     -98.8388     -15.8388
     488    -102.2141     -13.8182
     489    -122.4233      -6.2786
     490    -114.1823      -8.1397
     491    -138.3748      -5.2269
     492    -130.9611       1.5785
     493    -111.7615      -2.6769
     494    -120.8923       9.6193
     495    -107.1682       7.3497
     496    -100.6548       2.4121
     497    -106.9666     -16.1891
     498     -93.2919      -4.7691
     499    -120.7091       3.8446
     500    -102.7243       4.9982
     501    -115.0115      -2.2894
     502    -109.3159       0.7352
     503    -100.9659     -15.0594
     504    -108.6926     -19.8273
     505    -117.5250       6.2918
     506    -115.1153      -5.7326
     507    -110.9702     -12.6973
     508    -132.6712      -6.1940
     509    -114.4509       4.0606
     510    -127.0948      12.1097
     511    -125.9091       1.9668
     512    -116.5123       7.2023
     513    -123.1520      -0.7741
     514    -121.9602       5.5861
     515     -90.1576      -4.2317
     516    -118.1476      -3.1239
     517    -111.4938       3.4847
     518    -125.8818      -1.7420
     519    -118.5638     -18.6677
     520    -114.5171      -2.9153
     521    -117.3510      -9.9358
     522    -122.9426      14.8628
     523    -105.6345       3.2959
     524    -123.2777      -2.5738
     525    -118.6551       3.5384
     526    -122.5058     -12.4482
     527    -104.4961     -11.9967
     528    -115.2576     -13.5307
     529    -109.1412     -16.5320
     530     -97.8352      -5.8493
     531    -107.4597     -10.6927
     532    -134.9669      -0.0057
     533     -90.2057       2.9491
     534    -119.5700      -8.6870
     535    -118.8962     -10.1266
     536    -113.8834     -18.4668
     537    -103.1544     -17.4182
     538    -134.5186      -1.1555
     539    -126.8340     -14.2859
     540     -97.7006      -9.5460
     541    -112.2227       4.3431
     542    -102.3742       8.7690
     543     -98.9335     -10.1736
     544    -120.4416       9.5095
     545     -98.2808      -6.9491
     546    -130.4970       0.3299
     547    -129.1535      -2.6214
     548    -107.7452     -12.6179
     549    -134.8115     -34.5268
     550    -132.8189      -6.3768
     551    -113.6356      -5.5883
     552    -115.6968      -5.1259
     553    -126.8405      19.2715
     554    -100.7288       4.7921
     555     -99.2420      -7.3564
     556    -124.3316      10.4883
     557     -98.8184     -19.4240
     558    -123.8726     -17.8126
     559    -130.4449     -23.6150
     560    -107.9574      -7.3324
     561    -125.3614     -11.7745
     562    -124.1520     -26.7925
     563    -100.7513     -11.1913
     564    -109.7021     -31.1861
     565     -88.0381     -18.6418
     566     -98.1180     -24.8443
     567    -116.3332     -19.2227
     568    -125.1213     -27.5373
     569    -108.7710      -9.9239
     570    -112.6308     -26.4004
     571    -119.7708      -9.6639
     572    -113.8696     -20.1755
     573    -117.8405     -12.0281
     574     -97.8592     -17.4879
     575    -103.8055     -12.0903
     576     -92.0748     -32.0136
     577    -119.0145     -23.1156
     578    -101.7776     -31.7789
     579    -110.8830     -15.1685
     580    -111.2379     -22.5504
     581     -97.4879     -25.9371
     582     -81.8338     -25.0590
     583    -110.9640      -0.7046
     584    -113.1901      -7.5722
     585    -125.5077      -5.6289
     586    -127.5894      -7.2109
     587    -111.8704     -20.4571
     588    -123.7229      -2.2719
     589     -96.3004      -0.3413
     590    -103.8533      -8.3164
     591     -99.5430     -28.6206
     592     -99.9349     -31.1599
     593    -116.1009     -22.0199
     594     -99.5603     -13.1232
     595    -105.5423     -40.9273
     596    -106.1932     -22.8209
     597    -114.7884     -11.1475
     598    -131.8976     -15.1027
     599    -101.0970     -36.1966
     600    -111.7562      -9.3170
     601    -112.2526     -12.3972
     602    -121.6262     -22.3070
     603     -92.2049     -34.8235
     604     -85.9121     -24.5035
     605    -120.0284      -6.1602
     606    -111.2531     -17.6607
     607    -109.3937      -6.6183
     608    -118.0831      -9.0548
     609    -110.1882     -11.8797
     610     -92.5591     -10.8228
     611     -99.3457     -41.2560
     612    -119.9293       2.8893
     613    -118.2003     -14.4509
     614     -96.9237     -25.9896
     615     -94.8569     -23.3867
     616    -117.7699     -12.6997
     617    -101.1947      -7.7548
     618    -110.2240      -8.4506
     619    -121.9318     -14.9803
     620     -96.3087     -19.3107
     621    -116.3818      -4.8786
     622    -128.9815     -13.2849
     623    -110.6579     -14.9657
     624     -98.6396     -16.8076
     625    -122.3415     -42.5081
     626     -91.4847     -18.6112
     627     -98.9906     -10.2201
     628    -116.3614     -22.6315
     629    -111.2478      -6.0797
     630    -111.4681     -18.0405
     631    -106.0519      -6.5868
     632    -117.4713     -21.5472
     633    -101.1507     -13.8950
     634    -108.1021     -11.8047
     635    -119.4379       3.0304
     636    -106.6359     -41.6423
     637    -106.8841      -5.8897
     638    -102.7221      -7.6783
     639    -119.2428     -21.2912
     640    -117.8492     -24.3302
     641    -112.3437     -20.4559
     642    -112.5940     -18.0216
     643    -120.3538       2.6665
     644    -109.8848     -10.1340
     645    -118.8707       1.6954
     646    -108.1007     -15.5312
     647    -104.9615      -7.9114
     648    -113.2212      -9.7865
     649    -128.4219     -22.4933
     650    -112.9656      -2.4106
     651    -108.6023     -12.6982
     652    -111.8715      21.7490
     653     -90.7583      -6.9960
     654    -110.3413      -2.4164
     655    -126.2459       5.6109
     656    -110.0602      -4.8052
     657    -102.1664      -7.7630
     658    -129.3464      -7.4224
     659    -113.2714      -7.5897
     660    -114.9662       0.4752
     661    -114.9021     -14.6925
     662    -120.3819      -8.9785
     663    -116.4076      -0.6615
     664     -99.0019     -36.5845
     665     -91.6559     -21.3728
     666     -92.6056     -23.6622
     667    -117.6931     -19.8344
     668    -104.3117     -23.1522
     669     -98.6586       5.3201
     670    -119.8244     -36.7098
     671    -110.1878      -1.7226
     672    -116.2834     -36.6752
     673    -121.6755      -8.2832
     674    -110.6430     -14.6771
     675    -139.9361     -12.2552
     676    -110.6927     -32.8162
     677    -107.8117      -1.6095
     678    -106.9555      -6.9408
     679    -116.8250       1.1684
     680    -129.8338     -15.5297
     681    -116.3265      -9.0743
     682    -114.2696       0.8085
     683    -101.3491     -11.5351
     684    -120.3977       0.3341
     685    -122.2043      -4.0816
     686    -126.0711      -7.9834
     687    -118.9789       2.0860
     688    -111.2527      -0.5642
     689    -131.8488     -14.3008
     690    -117.7475     -10.1099
     691    -111.6789       9.2682
     692    -116.2585      11.5452
     693    -124.5542     -13.5549
     694    -107.2645     -11.7042
     695    -105.3558      -6.1460
     696    -121.2401       5.7707
     697    -132.0478      -7.9195
     698    -123.1488      -7.8823
     699    -114.9628       7.5046
     700    -119.7263      -2.3998
     701    -116.9071       9.4661
     702    -127.4404      11.4492
     703    -109.9164     -10.1609
     704    -140.3903      -2.3818
     705    -107.4170       6.4316
     706    -118.7380     -25.6819
     707     -95.0459     -27.1551
     708    -120.9997      -8.2180
     709     -96.8375      -5.4053
     710    -112.3581       1.9905
     711    -116.6733       0.3032
     712     -93.3649      -7.7135
     713    -118.0131     -12.8529
     714     -98.0332     -24.4242
     715    -101.6885     -12.5152
     716    -129.0819      -2.7861
     717     -96.0482     -14.1813
     718    -107.2770     -11.7362
     719    -128.0774      -6.1459
     720    -128.6088     -14.7975
     721    -115.4652     -14.4832
     722     -98.1429     -30.3210
     723    -123.4023      -4.1920
     724    -125.1357     -18.0906
     725    -112.0796      -9.9989
     726    -123.7370       0.8674
     727    -130.7850     -22.2187
     728    -110.9122     -21.1367
     729     -99.7478     -17.7760
     730    -117.0437      -4.6073
     731    -112.5265     -11.1936
     732    -100.5538      -9.5978
     733    -121.7529      -9.0620
     734    -128.2075     -10.2299
     735    -104.6967     -14.3088
     736    -111.5453     -32.6183
     737    -120.8984      -1.2887
     738     -96.9098     -18.4884
     739     -64.1476      -6.9740
     740    -110.3899      -4.3926
     741    -112.4546      -4.3218
     742    -127.0780     -11.4730
     743    -112.9912     -11.8424
     744    -112.2544     -35.0204
     745    -101.2073     -39.1932
     746    -124.2469       3.0838
     747    -114.2404     -11.8578
     748     -93.5162     -27.7813
     749    -116.4398     -18.2333
     750    -119.7318     -11.2855
     751    -108.3638      -7.9547
     752     -96.2696     -13.4995
     753     -84.8282     -19.9357
     754    -121.3638      -5.2294
     755     -80.7636     -19.0669
     756    -114.0223      -7.9169
     757    -119.6287      -0.3355
     758     -99.3718      -3.6958
     759    -110.2123     -17.2940
     760    -109.8635     -24.3350
     761    -118.3019     -18.5163
     762    -100.0982     -16.3087
     763    -120.7752     -17.6379
     764    -111.7411     -22.1967
     765    -132.9074     -10.5117
     766    -105.1346      -9.3172
     767    -116.8583      -4.2916
     768    -107.7204      -8.9175
     769    -135.3108     -22.4787
     770     -94.5697     -12.3307
     771    -119.7048     -15.0820
     772    -100.2258     -15.1646
     773     -83.0650     -21.9353
     774     -99.9016     -24.4545
     775    -105.9257     -28.8233
     776    -102.4202     -26.1242
     777    -123.3239       0.4535
     778    -109.6150      -8.0322
     779    -122.3824       3.5761
     780    -117.0532     -16.3334
     781    -141.0019      -1.9775
     782    -106.1338     -11.7759
     783    -123.8821       5.8570
     784    -113.2637     -14.1788
     785    -106.0847     -24.7399
     786    -128.3416     -35.7688
     787     -98.0247     -13.6130
     788     -98.1135     -21.7211
     789    -110.5658     -12.1915
     790     -93.4479     -31.1775
     791    -131.3520      -2.4473
     792    -116.8816       3.6683
     793     -86.7866     -22.2445
     794     -96.2880     -21.1300
     795    -123.4792     -21.9858
     796    -134.0171     -13.2458
     797    -107.3304       0.0197
     798    -105.4340     -19.9605
     799    -118.2893     -27.5624
     800    -102.7901     -13.5840
     801    -100.7597     -23.7081
     802    -113.4798     -28.9728
     803    -114.4351     -38.6028
     804     -87.7855     -27.5104
     805    -111.5634     -30.8796
     806    -109.5688     -10.0098
     807    -122.0058     -16.2515
     808    -126.1268      -5.3485
     809    -119.8305      -5.4544
     810    -103.8225     -36.0629
     811     -97.2380      -6.9646
     812     -91.3903      -7.1195
     813     -89.1566     -17.0656
     814    -105.4675     -13.6391
     815    -101.2727     -19.5850
     816    -103.2469     -17.7406
     817    -124.8560      -2.2525
     818    -119.5312     -19.1693
     819    -120.3279     -35.0636
     820    -124.3532     -13.0635
     821    -115.1735      -7.1382
     822    -120.0102       6.3807
     823    -101.0009     -25.4700
     824    -106.3805     -11.3345
     825    -104.5518     -25.4029
     826    -111.8906     -17.7517
     827    -104.5981     -22.2548
     828    -105.1823     -26.1474
     829     -84.3782     -26.2082
     830    -109.6950       0.7158
     831    -106.3601     -23.4427
     832    -134.0695     -26.4468
     833    -105.2896      -3.4360
     834    -114.1583     -16.8855
     835    -121.1752     -25.5864
     836    -106.4710     -17.3641
     837    -107.0863     -17.8766
     838    -103.9054     -26.0108
     839    -114.5703     -22.6074
     840    -107.1752     -25.5350
     841    -114.1461     -26.1319
     842    -111.0651      -3.3988
     843    -118.4110       3.7651
     844    -127.2339      -7.1151
     845    -108.9759      -1.6423
     846    -112.7586     -15.4734
     847    -107.5156     -28.4764
     848    -111.3063      -6.3551
     849    -128.6424      12.5229
     850    -134.1950      -9.9274
     851    -103.1736      -2.2823
     852    -122.6445     -30.1304
     853    -110.9158     -22.7162
     854    -123.7356     -17.4458
     855    -102.5237     -19.5806
     856     -96.6508     -35.0631
     857    -137.0337      -6.6544
     858    -114.0585      -7.6328
     859    -116.3154      -0.9002
     860    -108.3892      -1.9106
     861    -109.7739       4.2232
     862    -115.6327     -14.0937
     863    -112.2780       0.1589
     864    -135.1732      -6.9061
     865    -114.3317       0.4099
     866    -110.8484      13.0745
     867     -88.0532      -3.5891
     868    -113.9668      -8.0259
     869    -109.9113     -12.4478
     870    -115.5276      -0.0761
     871    -121.4377     -10.1310
     872    -118.9696     -15.3222
     873    -110.4250       1.7359
     874    -131.4398     -14.4054
     875    -119.8444       0.5020
     876    -129.4059      -8.9427
     877    -109.9942      -9.5946
     878    -116.2297       1.7679
     879    -103.0634      -8.7782
     880    -118.6534      12.4732
     881    -103.3314       2.0130
     882    -115.6350      12.5904
     883    -108.4719      -9.3419
     884    -135.2374      -0.1928
     885    -113.1953      -3.3292
     886    -112.4243       1.1459
     887    -121.4567      -0.2384
     888    -108.7585     -12.1435
     889    -108.5172      -0.5293
     890    -115.0934      -4.7357
     891    -116.0101       9.1878
     892    -111.4582      -7.1353
     893    -101.3866       0.2584
     894    -102.0439     -17.9970
     895    -107.6463      -8.4611
     896    -105.2382      -5.2999
     897    -110.4605      -3.8829
     898    -113.1200      -2.4332
     899    -105.7082      -4.7568
     900    -104.8770      -5.7476
     901    -108.9476       2.8918
     902    -103.8269      -6.5169
     903     -98.2763      -5.6955
     904    -123.4154      -9.5796
     905    -107.1644      -9.6271
     906    -102.6690      -7.4604
     907    -128.9196      -6.0419
     908     -94.0275     -14.5644
     909    -110.3669     -15.9722
     910    -115.0479      -3.4058
     911    -102.9945     -15.3589
     912    -110.7486       4.5299
     913    -123.2045      -7.0426
     914     -99.1866      -2.3815
     915     -95.0712      -9.7695
     916    -108.4108      -2.8356
     917     -77.6391     -17.4216
     918    -129.2342     -11.7873
     919    -101.1243     -25.1451
     920    -105.9607     -19.0972
     921    -109.7881      -4.3942
     922    -107.3767       8.7370
     923     -97.8127      -2.9280
     924     -94.0486     -17.7094
     925     -99.7894     -16.5454
     926    -123.3896      -5.5333
     927    -102.6674      -2.2561
     928    -128.1821      -5.1813
     929     -94.1716       2.5295
     930     -99.4672     -11.5940
     931    -102.4997     -21.5087
     932     -99.4166      -8.1495
     933     -88.5900     -49.4224
     934    -127.7935     -11.1025
     935    -109.2220     -22.4418
     936    -118.4877     -11.3143
     937     -85.7020     -12.9454
     938    -112.4099      -2.6064
     939    -110.8063       0.3383
     940    -119.0035     -15.0462
     941    -110.5918      -0.8665
     942     -98.7778     -15.7919
     943    -102.8674      -7.2951
     944    -118.3281      -6.2697
     945    -105.4017      -2.7165
     946    -113.5171      -8.8822
     947    -120.2037      -2.0038
     948    -101.8084       8.5274
     949    -115.0114       2.0239
     950     -85.7325       2.1385
     951    -109.7461     -11.8863
     952     -95.7096      -5.8653
     953    -110.5901      -2.6588
     954    -103.5518      -8.2061
     955    -106.3690       1.0801
     956    -114.7217     -22.9858
     957    -111.4427     -11.2282
     958    -105.4871      -2.1326
     959     -89.3510       1.3343
     960    -131.2619       1.7420
     961    -122.3660       2.4753
     962    -119.4287       4.9977
     963     -89.1201      -7.0092
     964    -113.5315      -6.6540
     965    -104.0844      -9.8513
     966    -114.6812      -5.0815
     967    -134.0280     -14.2911
     968    -113.0165       2.4400
     969    -112.2584     -12.8193
     970    -112.0474       5.5694
     971    -109.7163      -9.2398
     972    -118.4962       6.8195
     973    -106.9293     -27.7454
     974    -107.2868       6.9001
     975    -110.1474       2.7592
     976    -121.5639       4.8070
     977    -120.3646     -11.1344
     978    -114.9345     -15.1959
     979    -109.7650     -14.7157
     980    -114.9017      -4.1440
     981    -103.2344      -6.7099
     982    -110.0542      -2.8323
     983    -104.2393     -10.9683
     984    -116.3209      12.9161
     985    -110.9567      -8.4628
     986    -107.9591      -2.8236
     987    -113.7529       0.3910
     988    -121.1619     -11.2438
     989    -110.4393       1.2140
     990    -104.2868      -9.8930
     991    -102.0508      -5.9522
     992    -119.7261      -4.0587
     993    -107.9510     -15.9694
     994    -105.3898     -13.4909
     995    -104.8758     -17.7383
     996    -101.8091     -15.4474
     997    -117.3710     -20.6943
     998    -110.3826     -15.1775
     999    -117.3215     -12.2926
    1000    -115.1043     -18.0206
