#Frame      RoG_00004 RoG_00004[Max]
       1      16.8565        29.9117
       2      16.8026        30.5866
       3      16.9031        31.1333
       4      16.8868        30.6273
       5      16.7406        30.8733
       6      16.9336        32.1487
       7      16.8665        29.6692
       8      16.7452        29.6043
       9      16.9867        29.6375
      10      16.8583        29.9473
      11      16.7658        29.9237
      12      16.8716        30.5850
      13      17.0348        29.7722
      14      17.0786        29.7290
      15      16.9533        30.0605
      16      16.9241        29.1703
      17      16.8728        30.2570
      18      16.9508        28.7039
      19      16.9049        29.0493
      20      16.9661        30.9101
      21      16.9940        29.8077
      22      16.9998        30.4354
      23      16.9340        30.0994
      24      16.9496        29.6746
      25      16.8738        28.9994
      26      16.7978        28.7823
      27      16.9043        32.7085
      28      16.9181        29.4882
      29      16.9746        29.2532
      30      16.9943        29.4398
      31      17.0162        31.8488
      32      16.8637        29.8400
      33      17.0163        30.8638
      34      16.9529        31.4695
      35      16.9596        30.9462
      36      16.9877        30.2153
      37      16.8909        30.2321
      38      16.9971        29.5328
      39      16.9756        29.5011
      40      16.8692        30.4803
      41      16.8756        29.4923
      42      17.0342        29.6178
      43      17.0845        30.7984
      44      17.0617        30.4015
      45      16.9001        29.5844
      46      16.9839        30.8560
      47      17.0251        29.0803
      48      17.0636        30.4784
      49      16.9759        30.5330
      50      17.0515        33.1247
      51      17.0596        30.0622
      52      17.1849        30.7563
      53      17.0524        31.5405
      54      17.0039        32.5527
      55      17.0961        31.2930
      56      17.1464        29.9923
      57      16.9899        31.2290
      58      17.0468        29.9090
      59      17.0219        30.5196
      60      16.9042        30.0481
      61      17.0541        31.7953
      62      17.1263        30.3143
      63      16.9283        31.8289
      64      17.0719        30.8530
      65      16.8956        32.1940
      66      17.0024        29.9454
      67      17.0286        29.7108
      68      16.8981        31.1436
      69      16.9347        31.0001
      70      17.0405        32.4561
      71      16.8969        31.1555
      72      16.9534        30.2434
      73      17.0673        30.1904
      74      16.9894        29.9064
      75      17.0120        29.4669
      76      16.9179        29.7166
      77      16.9780        30.0145
      78      17.0689        31.9933
      79      16.9848        32.3449
      80      17.0145        32.0394
      81      17.1696        32.1191
      82      17.0888        30.3560
      83      17.0605        30.4113
      84      16.8292        30.0364
      85      16.9303        31.5410
      86      17.0440        29.7857
      87      17.0101        31.1165
      88      16.9646        29.7338
      89      16.8844        29.9299
      90      16.9050        30.1012
      91      17.0178        29.9638
      92      17.0682        29.8809
      93      16.9368        29.9594
      94      16.9784        29.2281
      95      16.9344        29.7123
      96      16.8583        29.7224
      97      16.9736        30.7935
      98      16.8207        30.7331
      99      17.0595        31.6284
     100      16.9598        31.4929
     101      16.9756        30.3892
     102      17.0921        31.2201
     103      16.9857        30.0188
     104      16.9720        30.5782
     105      16.8942        31.0250
     106      16.9500        30.5351
     107      17.0200        30.5210
     108      17.0609        31.4555
     109      16.9702        29.2767
     110      17.0152        30.3530
     111      16.8913        29.7036
     112      17.0897        29.8375
     113      16.9352        31.4416
     114      16.8799        31.6799
     115      16.8812        30.3531
     116      17.1122        31.8268
     117      17.0295        30.3278
     118      16.9521        30.5512
     119      17.0641        30.7739
     120      17.1526        30.9884
     121      16.9848        30.9190
     122      16.9620        31.4267
     123      17.0522        31.8005
     124      16.9047        29.4617
     125      17.0031        31.5035
     126      17.0250        30.9387
     127      16.9955        30.8412
     128      16.9870        31.0762
     129      16.9568        30.7775
     130      16.9072        32.2974
     131      16.7709        31.0257
     132      16.9005        30.7821
     133      17.0247        33.4247
     134      17.0304        30.7351
     135      17.0262        30.7895
     136      17.1138        32.2211
     137      16.9782        31.3491
     138      16.9028        30.8872
     139      16.9975        30.9239
     140      17.0005        30.6989
     141      16.9387        28.8059
     142      16.9071        31.8905
     143      16.9547        30.1208
     144      17.0047        30.2423
     145      17.0833        31.4596
     146      16.8885        29.7324
     147      16.8372        28.9362
     148      16.8737        31.7880
     149      16.8454        31.6725
     150      16.7797        30.5491
     151      16.7854        29.6942
     152      16.8242        31.1192
     153      16.9016        29.0406
     154      16.9399        29.6451
     155      16.7228        31.8285
     156      16.6926        29.5020
     157      16.9320        29.3251
     158      17.0061        31.5586
     159      16.9536        30.1388
     160      16.8378        28.6505
     161      16.8605        30.2994
     162      16.9278        29.8739
     163      16.6653        30.9275
     164      16.7321        31.1087
     165      16.7638        29.5113
     166      16.8002        30.2564
     167      16.6599        31.1881
     168      16.7919        29.3625
     169      16.6222        29.0799
     170      16.7237        30.6381
     171      16.6797        29.8993
     172      16.7796        30.0227
     173      16.8113        30.5912
     174      16.8220        31.5973
     175      16.8035        30.0409
     176      16.7855        31.1650
     177      16.7360        30.6788
     178      16.8536        29.4598
     179      16.6842        29.6418
     180      16.8305        29.8547
     181      16.7302        29.2219
     182      16.6280        29.0402
     183      16.9401        32.9825
     184      16.7230        29.5320
     185      16.7285        31.0463
     186      16.8609        30.9443
     187      16.8350        31.1430
     188      16.8456        30.7512
     189      16.9014        30.0172
     190      16.7229        30.3553
     191      16.8684        29.8265
     192      16.6901        28.9498
     193      16.7745        31.8829
     194      16.6275        31.1172
     195      16.8396        31.3264
     196      16.6757        29.4550
     197      16.7704        30.2465
     198      16.8316        31.8401
     199      16.7533        29.1018
     200      16.7033        30.3004
     201      16.9557        30.4152
     202      16.8352        32.7094
     203      16.6953        29.6053
     204      17.0249        31.3784
     205      16.8499        31.4894
     206      16.8096        30.2948
     207      16.7639        31.9770
     208      16.8677        33.5179
     209      16.9091        29.8948
     210      16.7769        29.9967
     211      16.8412        30.6115
     212      16.9831        31.6476
     213      16.9638        31.8774
     214      16.7879        31.5213
     215      16.7299        30.0734
     216      17.0631        29.4228
     217      16.7431        29.5912
     218      16.8123        31.4939
     219      16.9371        30.0016
     220      16.7856        30.2315
     221      16.7924        30.1988
     222      16.9584        31.0210
     223      16.9706        29.8340
     224      16.7873        28.9775
     225      16.8352        30.9665
     226      16.9732        30.2649
     227      16.8710        30.8276
     228      17.1040        30.4929
     229      17.0723        30.0331
     230      16.9905        31.4777
     231      16.8788        31.3848
     232      16.9262        29.5827
     233      17.0146        31.1103
     234      16.8318        30.9371
     235      16.9423        31.2470
     236      16.9202        30.2022
     237      16.9593        30.6241
     238      17.0188        30.1425
     239      16.9602        31.1123
     240      16.9300        30.3494
     241      17.0322        30.8233
     242      17.0184        31.3929
     243      16.9623        31.1048
     244      16.9013        31.6027
     245      17.1050        30.1133
     246      17.2488        31.8668
     247      17.2084        29.9856
     248      17.0401        30.6495
     249      16.9987        29.3230
     250      16.9593        29.7829
     251      16.9969        30.8050
     252      16.8275        30.9862
     253      16.8788        31.4807
     254      16.8355        30.1596
     255      16.8524        29.0380
     256      16.9870        30.1368
     257      16.9071        29.2149
     258      16.8408        29.7978
     259      16.8047        29.8058
     260      16.8853        30.4596
     261      16.7472        29.7802
     262      16.8018        28.6144
     263      16.8554        32.1517
     264      16.7743        31.2915
     265      16.7416        30.0696
     266      16.8550        30.4417
     267      16.9331        31.0175
     268      16.9126        29.9070
     269      17.0410        30.9050
     270      16.9793        30.5624
     271      17.0564        29.8052
     272      17.0259        30.8929
     273      16.9883        30.2679
     274      16.8311        31.4581
     275      16.8322        31.0362
     276      16.8485        29.7590
     277      16.8710        30.9677
     278      16.8046        29.9629
     279      16.8095        29.3079
     280      16.9516        32.1293
     281      16.8502        30.1537
     282      16.8337        30.3275
     283      16.8311        30.2303
     284      16.8348        29.5838
     285      16.6779        30.9698
     286      16.7077        31.3191
     287      16.8680        30.0806
     288      16.8110        29.4659
     289      16.8325        31.0749
     290      16.7427        29.7863
     291      16.8361        29.7708
     292      16.7588        29.6452
     293      16.8640        29.8912
     294      16.7554        29.3275
     295      16.7338        30.8242
     296      16.8762        30.4987
     297      16.7332        30.0178
     298      16.6793        29.0583
     299      16.8318        31.0814
     300      16.8779        31.3403
     301      16.8648        30.5807
     302      16.9132        31.5186
     303      16.9222        31.3851
     304      16.8103        30.2616
     305      16.9432        30.7591
     306      16.9217        32.5180
     307      16.8509        29.9486
     308      16.8506        31.5822
     309      16.8605        30.6735
     310      16.8078        29.7541
     311      16.7921        29.3397
     312      16.8491        29.8959
     313      16.7726        29.1245
     314      16.8274        31.7719
     315      16.8115        30.9501
     316      16.7817        30.0933
     317      16.8478        28.9545
     318      16.8679        31.1233
     319      17.0226        31.0149
     320      16.9262        30.9197
     321      17.0109        31.3672
     322      16.8204        29.7057
     323      16.8333        31.5602
     324      16.9459        30.6837
     325      16.9009        31.5265
     326      16.8123        29.3667
     327      16.7862        29.0823
     328      16.9686        31.1371
     329      16.8434        28.5408
     330      17.0314        29.5517
     331      17.0238        30.1123
     332      17.1594        31.5545
     333      17.0093        29.5515
     334      17.1358        29.3460
     335      17.0845        30.2016
     336      16.8706        30.0786
     337      17.0577        31.3902
     338      16.9715        31.4120
     339      17.0193        30.3088
     340      16.9439        29.6373
     341      16.8745        31.6245
     342      16.9996        29.4556
     343      16.8438        29.5678
     344      17.0021        29.5999
     345      16.9049        29.0520
     346      16.8449        29.5246
     347      16.8262        29.3539
     348      17.0599        30.0213
     349      16.8751        29.5057
     350      17.0321        29.5466
     351      16.9841        29.2493
     352      16.8356        28.9059
     353      17.0063        30.6182
     354      16.9907        30.4738
     355      16.8471        29.1583
     356      16.9078        30.9773
     357      16.9310        30.5320
     358      16.9756        30.2616
     359      16.9049        30.5111
     360      16.9420        29.6101
     361      16.8818        29.6666
     362      16.9848        29.0694
     363      17.0709        30.1735
     364      17.0180        29.7905
     365      16.8372        29.5468
     366      17.0343        29.5578
     367      17.1883        31.6809
     368      17.1515        29.1967
     369      17.0937        32.5444
     370      17.1638        29.7678
     371      17.2610        30.7517
     372      16.9828        29.7414
     373      17.1394        31.1478
     374      17.0620        29.6522
     375      16.9752        29.6981
     376      17.0140        30.7960
     377      17.1160        29.3193
     378      16.9202        29.2382
     379      17.0435        31.5076
     380      17.0805        29.2627
     381      17.0352        29.4833
     382      16.9861        30.3449
     383      17.0604        31.1258
     384      16.9628        31.4563
     385      17.0157        30.9919
     386      17.0087        30.1357
     387      17.0801        29.7088
     388      16.9983        30.0850
     389      16.9570        29.0653
     390      16.9580        29.5351
     391      16.9619        29.6989
     392      16.9943        29.5382
     393      17.2788        30.6137
     394      16.8724        30.6139
     395      16.9717        29.6805
     396      17.1426        29.8443
     397      16.9708        29.7408
     398      17.0744        30.4841
     399      17.1809        30.5442
     400      17.0872        29.5810
     401      17.0884        30.5741
     402      16.9425        30.9835
     403      17.0875        31.0854
     404      16.8622        30.4093
     405      16.9050        30.3395
     406      16.9534        29.5241
     407      17.0471        29.8864
     408      16.8736        29.3116
     409      16.8843        31.0079
     410      16.9211        31.4537
     411      16.8906        31.1350
     412      16.9023        30.0736
     413      17.0342        30.2688
     414      16.8036        30.4088
     415      16.8577        31.7717
     416      16.9568        30.1832
     417      16.8381        30.5908
     418      16.7736        29.3920
     419      16.7725        29.0826
     420      16.8461        30.2728
     421      16.8529        30.1345
     422      16.8095        30.2364
     423      16.8913        30.5988
     424      16.8672        30.2968
     425      16.7873        30.7207
     426      16.7735        30.3032
     427      16.7825        30.0466
     428      16.7743        30.1265
     429      16.9218        31.2805
     430      16.8006        31.3825
     431      16.8149        29.7409
     432      16.8078        30.9274
     433      16.7827        29.8404
     434      16.8443        30.8103
     435      16.8165        30.8367
     436      16.9803        31.4477
     437      16.8532        31.1278
     438      16.8201        29.4646
     439      16.8344        29.6292
     440      16.9538        31.3629
     441      16.7973        30.8611
     442      16.8942        30.9984
     443      16.8121        31.4635
     444      16.7641        29.9452
     445      16.8701        30.3420
     446      16.9406        30.9368
     447      16.7420        29.9248
     448      16.8701        31.1986
     449      17.0215        30.1129
     450      16.8684        30.6664
     451      16.8800        30.1705
     452      16.8190        29.8822
     453      16.7683        30.0754
     454      16.7602        32.8024
     455      16.8439        29.6232
     456      16.8827        30.6394
     457      16.7980        29.2170
     458      16.8389        28.9552
     459      16.6494        31.4025
     460      16.7210        31.2482
     461      16.8022        31.7474
     462      16.8878        29.4780
     463      16.7981        30.6653
     464      16.8665        29.8145
     465      16.7771        30.3783
     466      16.8503        30.6300
     467      16.8350        29.5938
     468      16.6928        30.8768
     469      16.8000        30.2610
     470      16.7183        30.4397
     471      16.5569        30.1449
     472      16.6714        30.4613
     473      16.8017        29.5157
     474      16.6891        31.2689
     475      16.7654        30.4055
     476      16.7384        31.0508
     477      16.6438        30.4873
     478      16.6744        28.7248
     479      16.8786        29.9362
     480      16.7858        30.2101
     481      16.7474        30.2281
     482      16.7257        30.2495
     483      16.7338        29.5863
     484      16.7208        29.4473
     485      16.8599        29.5534
     486      16.7101        29.6426
     487      16.5534        29.4745
     488      16.7707        29.8335
     489      16.6848        29.5071
     490      16.6618        30.0307
     491      16.7290        29.3634
     492      16.6617        30.6273
     493      16.7738        30.3341
     494      16.7526        30.0638
     495      16.7713        30.3814
     496      16.8358        29.4861
     497      16.6899        29.3602
     498      16.7914        30.6910
     499      16.8654        31.2395
     500      16.8017        32.1513
     501      16.8894        30.2588
     502      16.7953        31.4937
     503      16.7573        30.1575
     504      16.9276        29.6263
     505      16.7446        30.9736
     506      16.6834        30.4905
     507      16.7390        29.1337
     508      16.8148        30.7525
     509      16.7383        30.7581
     510      16.7512        30.9516
     511      16.6964        31.3274
     512      16.6408        29.8756
     513      16.6792        30.0295
     514      16.7960        28.9631
     515      16.6711        28.7332
     516      16.6200        28.8763
     517      16.8105        31.1993
     518      16.7637        29.5534
     519      16.7197        29.0556
     520      16.8583        31.1952
     521      16.8686        30.7404
     522      16.8770        30.4763
     523      16.9527        30.4594
     524      17.0260        30.6967
     525      16.8820        29.9568
     526      17.0187        30.6242
     527      17.0522        32.1197
     528      16.8998        31.3691
     529      16.8732        31.2059
     530      16.9834        31.6489
     531      16.9102        30.1100
     532      17.0007        30.6824
     533      17.0170        31.7460
     534      16.9225        32.5618
     535      16.9901        32.1779
     536      17.0053        31.5768
     537      16.8524        29.7763
     538      17.0026        31.0557
     539      16.9732        29.8450
     540      16.8730        30.8251
     541      16.9540        29.7536
     542      16.9233        30.9275
     543      16.9348        31.0878
     544      17.0450        32.0668
     545      17.0567        31.4352
     546      17.0184        32.0286
     547      16.9430        31.4151
     548      17.0230        31.0822
     549      17.0078        31.6379
     550      17.0841        32.1220
     551      17.1222        32.0641
     552      17.0649        30.9306
     553      17.1260        32.5267
     554      17.0609        31.2448
     555      16.8281        29.2872
     556      16.9776        31.9450
     557      17.1856        32.0808
     558      17.0007        30.7229
     559      16.9427        31.3457
     560      16.9306        31.0079
     561      17.1206        30.7863
     562      17.0585        30.7841
     563      17.0517        30.7041
     564      17.1459        32.4783
     565      17.0769        29.9499
     566      16.8656        32.1979
     567      17.1366        32.6909
     568      17.0012        31.9552
     569      17.1186        32.6939
     570      16.9689        31.1948
     571      17.0996        32.5121
     572      16.9459        31.2639
     573      17.0965        31.5701
     574      17.0735        32.2248
     575      16.9364        31.2327
     576      16.8492        30.6038
     577      17.0413        31.6855
     578      17.0730        32.0014
     579      17.0242        31.1073
     580      16.9452        31.0955
     581      16.8909        31.5337
     582      16.8863        31.3347
     583      16.9085        30.1965
     584      16.7216        31.2975
     585      16.9755        31.3049
     586      17.0135        31.5735
     587      16.9454        30.3918
     588      16.9065        31.1160
     589      17.0791        30.0831
     590      16.9883        31.1056
     591      16.9421        29.1984
     592      16.9834        30.4391
     593      17.0970        31.5551
     594      16.9876        29.6379
     595      16.8823        29.6821
     596      17.0260        29.7463
     597      16.9313        29.8200
     598      16.9117        30.7897
     599      16.8890        31.9842
     600      17.0909        30.4035
     601      16.9651        32.6071
     602      17.0962        31.7303
     603      16.9203        32.8428
     604      16.9981        29.9434
     605      16.9818        32.0456
     606      17.0176        32.0878
     607      16.9866        32.6800
     608      17.0307        31.0666
     609      17.0857        31.6884
     610      16.9861        31.4310
     611      16.8106        31.1221
     612      16.9851        29.0334
     613      17.0028        30.6866
     614      16.8980        30.3780
     615      16.9920        30.5410
     616      16.8587        30.8748
     617      16.9969        33.1703
     618      16.9813        29.4395
     619      16.9709        30.9851
     620      16.8954        30.4608
     621      16.8691        30.0581
     622      16.9103        28.9497
     623      16.9132        29.8301
     624      17.0609        30.5931
     625      16.9723        29.9418
     626      16.8915        29.6862
     627      17.0017        30.2118
     628      17.0087        29.5826
     629      16.9252        30.4476
     630      16.9487        31.4236
     631      16.8679        32.1932
     632      17.0509        31.7690
     633      16.9698        30.7037
     634      16.8990        30.4503
     635      17.1081        31.4981
     636      17.1247        31.4567
     637      17.0123        30.3769
     638      17.0758        29.2643
     639      16.8616        29.8993
     640      16.9220        30.9362
     641      17.1818        31.8859
     642      16.9935        29.5178
     643      17.0836        30.0536
     644      17.1399        31.3390
     645      16.9357        30.1185
     646      16.9074        30.3798
     647      16.9942        29.6303
     648      16.9989        29.8273
     649      16.9696        29.5618
     650      16.8757        30.3573
     651      16.9880        29.7616
     652      16.9747        29.9230
     653      16.9039        30.2742
     654      16.9968        29.2337
     655      16.8652        29.6473
     656      16.9863        29.3591
     657      17.0667        29.3957
     658      16.9395        30.3797
     659      16.8424        31.2672
     660      16.8992        28.8908
     661      16.9297        29.3796
     662      17.0742        29.5666
     663      17.0339        29.5656
     664      16.9098        29.3906
     665      17.0092        30.8931
     666      16.9494        30.1255
     667      17.1411        29.5286
     668      17.0620        30.9438
     669      16.9659        31.5553
     670      16.9229        29.9576
     671      16.9721        30.0095
     672      17.0727        30.0570
     673      16.8270        29.2123
     674      16.9026        30.5690
     675      16.9957        29.0153
     676      17.0893        29.6264
     677      17.0652        30.2412
     678      17.1272        30.3220
     679      17.1545        31.2304
     680      16.9587        29.6344
     681      16.9853        30.2835
     682      17.1567        32.3559
     683      16.9947        29.9005
     684      17.2172        31.4923
     685      17.1198        31.4193
     686      17.0198        31.3082
     687      17.1204        30.0708
     688      17.0005        30.1519
     689      17.0937        29.4773
     690      17.1372        30.1331
     691      17.2998        30.6759
     692      17.0191        30.7594
     693      17.1163        31.5205
     694      17.2754        30.2845
     695      17.0537        29.6318
     696      17.1582        31.1724
     697      17.0523        32.0720
     698      17.0777        31.3429
     699      17.0663        30.3730
     700      16.9469        29.5947
     701      17.0002        29.8098
     702      17.0902        29.8317
     703      17.1578        30.4248
     704      17.0315        30.4505
     705      17.0256        30.7181
     706      17.0329        30.1208
     707      17.1125        30.9188
     708      17.0126        30.9726
     709      17.0581        31.2973
     710      17.0608        31.1606
     711      17.0956        29.8691
     712      17.1269        29.1355
     713      17.2154        29.6956
     714      17.1062        29.9011
     715      17.1183        32.5735
     716      17.2673        31.4737
     717      17.0386        31.0326
     718      17.0245        31.0853
     719      17.3238        30.9571
     720      17.1824        30.1323
     721      17.3203        31.1282
     722      17.1950        31.5079
     723      17.2901        31.3685
     724      17.4423        30.4154
     725      17.4659        30.8652
     726      17.2016        30.5346
     727      16.9427        31.1806
     728      17.1364        31.7214
     729      17.1167        31.2327
     730      17.7253        31.1464
     731      17.8026        33.4374
     732      17.7664        31.8197
     733      17.4025        31.4303
     734      17.5318        31.8535
     735      17.6292        31.3402
     736      17.6450        32.4967
     737      17.2535        32.9389
     738      17.1137        31.3856
     739      17.4561        32.7007
     740      17.7279        32.8594
     741      17.3091        33.6284
     742      17.3540        33.0237
     743      17.5623        32.5702
     744      17.2287        33.2929
     745      17.4797        34.2311
     746      17.8398        34.4435
     747      17.6391        33.1452
     748      17.6998        31.6716
     749      17.4913        32.6735
     750      17.4502        30.9902
     751      17.5839        34.1737
     752      18.0391        33.4533
     753      17.4943        31.6119
     754      17.4531        32.3014
     755      17.3453        30.4312
     756      17.8531        31.5528
     757      18.1140        32.1594
     758      17.7053        31.6344
     759      17.9396        32.0956
     760      17.8813        31.8330
     761      17.6223        30.6009
     762      17.9367        33.5415
     763      17.8130        32.8115
     764      17.8906        33.5976
     765      17.7205        32.8060
     766      17.8021        32.3134
     767      17.4082        32.5418
     768      17.6390        32.1982
     769      17.9365        33.5482
     770      17.4441        31.9096
     771      17.4569        31.2691
     772      17.7670        32.4689
     773      17.6654        32.2453
     774      17.8534        30.6701
     775      17.7263        32.9692
     776      17.6314        33.3835
     777      17.8314        32.7533
     778      17.4077        29.8309
     779      17.7256        31.8409
     780      17.7252        31.0446
     781      17.7444        32.1356
     782      17.7097        33.0202
     783      17.6026        32.3054
     784      17.6408        32.0689
     785      17.7273        32.5801
     786      17.7268        33.0928
     787      17.8199        33.6486
     788      17.9089        30.5835
     789      17.7079        30.5628
     790      17.7291        30.7507
     791      17.9586        30.7951
     792      17.5455        29.7718
     793      18.0222        31.8039
     794      17.4517        31.6537
     795      18.0063        32.0256
     796      17.8411        31.0280
     797      17.7253        31.9548
     798      18.0744        31.4086
     799      18.0870        31.0101
     800      17.7860        31.0265
     801      17.8047        31.4153
     802      18.1723        32.5188
     803      17.8108        31.7842
     804      17.8355        31.6818
     805      17.7053        31.0642
     806      17.9894        31.1384
     807      17.8129        31.7384
     808      17.7335        32.0462
     809      17.9603        31.2704
     810      17.6437        31.5274
     811      17.3213        30.6189
     812      17.3151        31.1640
     813      17.2163        30.1153
     814      17.3062        30.6722
     815      17.2744        30.5654
     816      17.2609        30.4191
     817      17.2355        29.8964
     818      17.2167        30.4434
     819      17.3697        30.4207
     820      17.2076        30.0885
     821      17.4060        30.3645
     822      17.1996        32.5333
     823      17.6615        31.6951
     824      17.3189        31.0177
     825      17.3428        31.8903
     826      17.2569        31.9433
     827      17.2713        30.4783
     828      17.3874        32.0068
     829      17.3449        30.1368
     830      17.2042        31.8028
     831      17.3247        31.8726
     832      17.1534        30.7597
     833      17.2218        30.4381
     834      17.0955        29.8495
     835      17.1062        30.2027
     836      17.3945        29.9971
     837      17.4436        31.1289
     838      17.5141        30.8355
     839      17.7353        32.1178
     840      17.3914        30.8239
     841      17.8507        31.0573
     842      17.2977        29.9090
     843      17.4655        31.8961
     844      17.3223        30.4027
     845      17.1980        30.6046
     846      17.1334        29.6137
     847      17.4944        30.5991
     848      17.2758        30.6247
     849      17.4967        31.3243
     850      17.5033        31.1892
     851      17.4805        30.7862
     852      17.4708        30.2559
     853      17.3170        30.3895
     854      17.3125        30.5857
     855      17.5960        32.9304
     856      17.4532        30.6512
     857      17.3633        29.5729
     858      17.5198        31.4368
     859      17.3828        30.4567
     860      17.1730        29.5257
     861      17.1359        29.9643
     862      17.4883        30.6031
     863      17.3458        31.5511
     864      17.1511        30.0508
     865      17.2877        31.7196
     866      17.2499        29.7298
     867      17.2851        32.4823
     868      17.3585        31.4148
     869      17.3737        31.2922
     870      17.2272        31.5575
     871      17.2591        32.8945
     872      17.1173        30.3460
     873      17.8281        33.0092
     874      17.7432        30.8507
     875      17.3944        32.6298
     876      17.3860        32.3310
     877      17.3355        32.1405
     878      17.2728        32.0693
     879      17.1957        30.6091
     880      17.5198        30.8904
     881      17.2165        31.7273
     882      17.4174        29.9926
     883      17.2858        30.7083
     884      17.3257        29.7354
     885      17.5485        29.9046
     886      17.5208        30.2287
     887      17.1144        29.5184
     888      17.4143        32.3621
     889      17.3938        32.7143
     890      17.3398        31.2707
     891      17.2405        32.2171
     892      17.4444        31.3096
     893      17.4026        32.1582
     894      17.2952        29.6453
     895      17.4447        30.3900
     896      17.4032        31.7512
     897      17.3694        30.8492
     898      17.3204        33.0909
     899      17.6139        32.1054
     900      17.3675        30.3893
     901      17.6171        31.1428
     902      17.7785        31.1705
     903      17.3769        32.6333
     904      17.3066        31.3893
     905      17.2879        29.9267
     906      17.5734        30.7452
     907      17.5850        32.2738
     908      17.4502        30.8588
     909      17.3359        30.3026
     910      17.4573        31.0425
     911      17.4863        31.1072
     912      17.3097        30.0718
     913      17.3501        32.2346
     914      17.2790        31.0098
     915      17.2969        30.4487
     916      17.2734        29.6782
     917      17.4281        29.7105
     918      17.2819        29.9056
     919      17.6508        32.2229
     920      17.3899        29.8137
     921      17.5109        32.3698
     922      17.4709        32.4277
     923      17.3245        31.1098
     924      17.3681        30.5770
     925      17.7901        31.6531
     926      17.4837        31.3887
     927      17.4752        29.9949
     928      17.2315        30.3394
     929      17.4032        30.0161
     930      17.4657        30.4775
     931      17.5273        32.4022
     932      17.4245        31.7261
     933      17.4907        30.7339
     934      17.4068        32.0197
     935      17.2016        31.0917
     936      17.4286        30.4525
     937      17.3955        31.4195
     938      17.2812        29.7980
     939      17.1904        31.7330
     940      17.4899        32.8381
     941      17.3548        33.2654
     942      17.3977        32.5455
     943      17.0072        31.0244
     944      17.2115        31.8227
     945      17.7304        33.7423
     946      17.4643        32.0349
     947      17.6211        32.6572
     948      17.6202        31.8141
     949      17.3421        29.8865
     950      17.6042        31.0643
     951      17.3746        29.9613
     952      17.4195        30.8731
     953      17.4461        30.3605
     954      17.1872        30.4871
     955      17.4230        30.4667
     956      17.3486        32.6543
     957      17.3587        30.4363
     958      17.1880        29.5118
     959      17.3842        30.4254
     960      17.2984        30.8975
     961      17.4238        30.3203
     962      17.4778        29.6491
     963      17.3811        30.0340
     964      17.4355        31.4042
     965      17.5349        32.6513
     966      17.6307        32.2889
     967      17.6101        32.5546
     968      17.4196        29.7058
     969      17.4489        32.1326
     970      17.7297        33.0969
     971      17.5723        30.0262
     972      17.2780        31.5776
     973      17.2761        29.8478
     974      17.4590        31.6081
     975      17.4575        30.5924
     976      17.3345        30.8995
     977      17.2771        30.7094
     978      17.5087        31.4527
     979      17.3290        31.3844
     980      17.4467        29.8694
     981      17.4933        29.9218
     982      17.3272        31.5663
     983      17.3925        31.4602
     984      17.5278        31.3004
     985      17.5762        30.7000
     986      17.2983        29.6797
     987      17.1857        29.3567
     988      17.3462        29.8718
     989      17.4656        29.9079
     990      17.7761        30.5816
     991      17.2506        32.4168
     992      17.3162        30.2663
     993      17.5247        31.0212
     994      17.5045        30.6305
     995      17.4724        30.7129
     996      17.6410        30.9124
     997      17.6835        30.5357
     998      17.6945        30.3030
     999      17.7298        32.1343
    1000      17.7350        32.6159
