#Frame      RoG_00004 RoG_00004[Max]
       1      16.9840        31.3758
       2      17.1936        31.2723
       3      17.0828        31.2706
       4      16.8794        29.0663
       5      17.1053        31.4761
       6      17.0057        31.4769
       7      16.9114        31.0598
       8      17.2036        31.1711
       9      16.9049        30.5243
      10      17.1826        30.1776
      11      17.1471        30.7768
      12      17.0814        30.0439
      13      17.0595        29.6658
      14      16.8723        29.1726
      15      16.9464        31.3675
      16      17.0113        29.5758
      17      17.0901        29.4665
      18      17.0313        29.9254
      19      17.0551        30.6993
      20      17.0283        30.3041
      21      17.1391        30.5574
      22      17.1227        29.7713
      23      16.9979        28.9098
      24      17.0108        30.5315
      25      17.0790        30.4288
      26      17.1359        31.2937
      27      17.1336        31.4303
      28      16.8799        29.2758
      29      16.9097        30.1392
      30      16.9493        29.4942
      31      16.9463        29.0845
      32      17.0950        29.3146
      33      17.0238        30.1237
      34      16.9630        29.0693
      35      17.1326        29.5792
      36      17.1941        29.9382
      37      17.0070        30.3643
      38      17.1025        30.6725
      39      17.0381        28.7764
      40      17.1268        30.2125
      41      17.0740        29.8891
      42      17.1154        30.2976
      43      16.8456        29.9496
      44      17.1304        31.7347
      45      17.1051        30.2032
      46      17.0816        30.5718
      47      16.9874        29.8813
      48      17.1491        30.2129
      49      17.2334        30.7354
      50      17.1696        30.7573
      51      17.1528        31.6291
      52      17.0688        30.9581
      53      16.9533        30.0163
      54      17.0593        29.9436
      55      16.8297        30.7443
      56      17.2828        30.2464
      57      17.0681        31.0281
      58      17.0506        30.5325
      59      17.0858        30.8482
      60      17.3074        31.1571
      61      17.2234        30.2725
      62      17.0142        29.7994
      63      17.0710        30.6205
      64      17.2032        31.3808
      65      17.3581        31.0540
      66      17.2297        30.5474
      67      17.3582        30.5955
      68      17.3143        30.9008
      69      17.2798        31.3499
      70      17.1447        30.2257
      71      17.3114        30.5616
      72      17.2819        30.9305
      73      17.0240        30.9392
      74      17.2678        31.9243
      75      17.2050        31.5536
      76      17.0478        31.5026
      77      16.7968        29.5854
      78      17.1689        31.5664
      79      16.9496        30.8815
      80      17.1240        30.6364
      81      17.0690        31.3765
      82      17.0377        29.6812
      83      17.0782        30.9642
      84      17.2028        30.6877
      85      17.0855        30.5743
      86      17.2844        30.6717
      87      17.0110        31.9712
      88      17.1136        31.4628
      89      17.0689        31.5566
      90      16.9794        29.6342
      91      16.9428        30.3872
      92      16.9988        30.2635
      93      17.1023        31.5009
      94      17.1580        30.9685
      95      17.0937        31.6871
      96      17.0830        30.9090
      97      17.2482        31.4319
      98      17.0833        30.8993
      99      17.0936        30.6618
     100      16.9890        31.2680
     101      16.9272        30.6288
     102      17.0542        30.6258
     103      17.0881        30.9422
     104      17.0394        30.3232
     105      17.0981        30.9056
     106      17.1888        30.4514
     107      17.6972        31.6546
     108      18.0278        33.5633
     109      17.7512        32.4204
     110      17.4849        31.5422
     111      16.9414        30.0722
     112      16.9620        29.6650
     113      17.1137        29.9829
     114      17.1689        31.0273
     115      16.8926        29.2893
     116      16.9363        30.2593
     117      16.9050        29.9210
     118      16.9086        28.8444
     119      17.0358        31.9960
     120      17.0433        30.2848
     121      16.9760        29.5911
     122      17.0925        30.2677
     123      17.1393        31.0589
     124      16.8666        31.4835
     125      16.9245        29.9277
     126      16.9239        29.9443
     127      16.9398        31.1169
     128      16.9539        30.6369
     129      16.9577        31.2561
     130      16.9896        31.3873
     131      16.8584        31.8427
     132      16.9465        31.3174
     133      16.8245        30.2387
     134      16.9448        31.6541
     135      16.8630        31.8760
     136      16.8430        29.5934
     137      16.9060        31.3950
     138      16.8301        31.2707
     139      16.9114        30.7682
     140      16.8169        30.2389
     141      16.7615        29.8983
     142      16.9080        29.9575
     143      16.8720        29.5132
     144      17.0109        31.4106
     145      16.9262        29.4102
     146      16.9236        31.1665
     147      16.8174        28.7780
     148      16.9049        30.0334
     149      16.9906        30.5938
     150      16.9627        30.4852
     151      16.9747        30.2703
     152      17.0236        29.7296
     153      16.8412        30.6145
     154      17.0310        30.9290
     155      16.9799        31.3914
     156      17.0797        29.5790
     157      16.9438        30.2633
     158      17.1151        31.4341
     159      17.2023        31.5067
     160      17.0600        31.1366
     161      16.9474        29.3680
     162      17.1151        30.0078
     163      17.0559        30.2029
     164      17.0752        30.6243
     165      17.1122        30.1618
     166      16.8328        29.3454
     167      17.0971        29.8521
     168      17.2163        30.7039
     169      16.9583        29.3862
     170      16.9703        30.6448
     171      17.1661        31.3741
     172      17.1689        31.7105
     173      16.9595        29.1266
     174      16.9778        29.5725
     175      16.9046        29.9125
     176      17.0086        30.8603
     177      17.0490        30.0808
     178      16.9529        28.8199
     179      16.9264        28.8966
     180      16.8633        29.2446
     181      16.8558        30.9072
     182      17.1124        30.9404
     183      16.9686        30.0473
     184      16.9869        30.8860
     185      16.9504        30.2477
     186      16.9768        31.1459
     187      17.0808        31.3499
     188      16.9173        29.1896
     189      17.0358        29.9253
     190      16.8192        28.9072
     191      16.9448        28.9435
     192      17.0986        29.9402
     193      17.0071        29.8870
     194      16.9039        31.2394
     195      16.9326        30.2148
     196      16.9565        29.8148
     197      16.9753        31.3497
     198      17.1106        30.8218
     199      16.8331        29.4361
     200      16.9447        31.1859
     201      16.9615        30.4033
     202      16.9465        30.6132
     203      16.9002        30.6311
     204      17.0507        30.1460
     205      16.8876        29.2830
     206      16.9938        30.2288
     207      16.9707        30.7968
     208      17.1221        31.5475
     209      16.9477        30.1597
     210      17.1707        29.6449
     211      16.8286        29.4227
     212      17.0371        30.0217
     213      16.8738        31.6317
     214      16.9139        30.9869
     215      16.8246        28.9755
     216      16.8999        29.7283
     217      16.9803        30.3280
     218      16.9604        30.5107
     219      17.0490        31.7071
     220      16.8791        29.9492
     221      16.9868        29.4084
     222      16.9448        29.1852
     223      16.9579        30.4143
     224      16.9570        30.3964
     225      16.7995        29.6754
     226      16.8823        29.6669
     227      16.8772        29.6147
     228      16.8313        29.7885
     229      16.9231        31.5072
     230      16.8783        30.2127
     231      16.6848        29.5491
     232      16.9379        29.9669
     233      16.9073        29.9299
     234      17.0235        30.7399
     235      16.8403        30.0097
     236      16.8689        30.1792
     237      16.7995        29.7202
     238      16.9864        30.3726
     239      16.8060        29.6018
     240      16.8117        31.4313
     241      16.8514        29.9715
     242      16.7720        29.4735
     243      16.7161        29.8620
     244      16.7912        32.2434
     245      16.7881        30.2423
     246      16.8097        30.0846
     247      16.8175        29.7363
     248      16.8234        30.5899
     249      16.8634        31.2949
     250      16.7977        31.0884
     251      16.8819        30.9525
     252      16.9073        31.5041
     253      16.8549        31.3679
     254      16.8489        30.7085
     255      16.7568        30.8200
     256      16.7980        29.2390
     257      16.7720        29.0089
     258      16.7426        29.1413
     259      16.7520        28.8211
     260      16.7137        29.8152
     261      16.8207        32.2512
     262      16.7682        29.7500
     263      16.8616        28.7782
     264      16.8335        30.0005
     265      16.7499        29.4764
     266      16.7470        28.7753
     267      16.7482        30.0361
     268      16.7394        29.2756
     269      16.7052        30.2344
     270      16.8557        30.4116
     271      16.6641        30.4171
     272      16.8581        31.3119
     273      16.7550        30.7209
     274      16.7586        29.8858
     275      16.7460        30.0992
     276      16.6729        29.9465
     277      16.8253        29.3509
     278      16.7344        28.9322
     279      16.8201        30.9259
     280      16.9700        31.0965
     281      16.6984        28.6352
     282      16.7783        29.9591
     283      16.8070        29.6716
     284      16.8223        28.6892
     285      17.0431        29.2564
     286      16.8414        30.1898
     287      16.9498        29.6753
     288      17.0726        29.0264
     289      16.8557        29.4441
     290      16.9562        29.5394
     291      16.9931        29.6546
     292      16.8822        29.2513
     293      16.8866        29.5094
     294      16.8565        29.7229
     295      16.7849        29.6465
     296      16.7612        29.2041
     297      16.9131        30.5943
     298      16.9096        30.2994
     299      16.8266        29.4440
     300      16.9690        30.1884
     301      17.0632        29.8216
     302      16.9399        29.3416
     303      17.1932        31.1286
     304      16.9885        31.7461
     305      16.9485        31.2520
     306      16.8897        31.5927
     307      16.8323        31.1789
     308      16.9176        32.3609
     309      16.7902        29.9609
     310      16.6123        30.5440
     311      16.7955        30.1125
     312      16.9732        29.4374
     313      16.9565        29.2883
     314      16.7787        29.2350
     315      17.0254        31.1926
     316      16.9189        30.9977
     317      16.9984        30.8947
     318      17.0452        31.3875
     319      16.9372        31.3684
     320      17.0416        29.2787
     321      17.1150        29.9301
     322      17.1672        30.6737
     323      17.0127        29.3068
     324      17.0241        30.9318
     325      16.8848        29.9501
     326      16.9688        30.3812
     327      16.8664        31.3245
     328      16.8701        29.7508
     329      16.9020        30.9484
     330      16.9577        30.4687
     331      16.8599        30.9551
     332      16.8632        30.2745
     333      16.8010        29.3412
     334      16.8650        30.0602
     335      16.8016        31.7440
     336      16.7560        29.3534
     337      16.7880        28.8330
     338      16.7856        28.8507
     339      16.7242        30.4820
     340      16.5927        28.3328
     341      16.7187        29.0669
     342      16.7885        31.1398
     343      16.7809        29.6874
     344      16.7262        30.1574
     345      16.7404        30.3847
     346      16.8420        30.6048
     347      16.8875        30.3960
     348      16.9041        29.8050
     349      16.8763        29.9288
     350      16.8238        30.5988
     351      16.7678        29.2109
     352      16.6509        29.5674
     353      16.7846        29.5695
     354      16.6898        30.9048
     355      16.8492        30.0037
     356      16.7307        30.4669
     357      16.7829        31.1287
     358      16.7750        30.0712
     359      16.7734        31.4678
     360      16.9045        30.9519
     361      16.7272        28.8213
     362      16.7114        29.3345
     363      16.8535        29.6918
     364      16.7300        29.0275
     365      16.9133        30.1840
     366      16.8482        30.5959
     367      16.8384        30.6544
     368      16.8127        31.4292
     369      16.8183        31.3603
     370      16.9419        31.2864
     371      17.0671        32.1944
     372      16.9267        29.6211
     373      16.8800        30.1328
     374      17.0811        31.1976
     375      17.1370        30.8123
     376      16.9784        30.7986
     377      16.9986        31.3443
     378      16.8797        29.3287
     379      17.0295        30.4997
     380      16.9926        30.2469
     381      16.9884        30.1705
     382      16.8411        31.0786
     383      16.9414        29.2659
     384      17.0101        29.6230
     385      16.9819        30.5294
     386      16.9728        31.4396
     387      17.1098        31.6438
     388      17.0161        30.2837
     389      17.1497        31.3405
     390      17.1062        30.9595
     391      17.0825        30.2980
     392      17.1260        30.1232
     393      17.0781        30.8304
     394      17.0155        30.4259
     395      16.7984        30.6141
     396      16.7099        28.3911
     397      17.0434        31.3774
     398      17.0149        30.0134
     399      16.8239        31.2901
     400      16.7489        30.0873
     401      17.0060        30.1885
     402      17.1537        30.1394
     403      17.1312        31.9228
     404      17.0758        32.0701
     405      17.0451        31.0863
     406      17.1315        32.5994
     407      17.0370        32.0028
     408      16.7248        29.7139
     409      16.7969        31.2746
     410      16.9057        30.2519
     411      16.7002        29.7082
     412      16.7001        30.0188
     413      16.7915        30.2432
     414      16.7683        31.1592
     415      16.9364        31.4833
     416      16.7404        29.3085
     417      16.7214        31.1643
     418      16.7986        29.3053
     419      16.9403        29.0060
     420      16.8722        29.2091
     421      16.9238        29.4043
     422      16.8450        30.3984
     423      16.9637        30.5354
     424      16.8968        31.2133
     425      16.9673        29.9248
     426      16.9653        32.1868
     427      16.8512        30.3869
     428      16.9616        30.1279
     429      16.8233        29.8031
     430      16.8309        28.9588
     431      16.9038        29.5318
     432      16.9969        29.5543
     433      16.8182        29.0886
     434      16.8006        29.8649
     435      16.8970        29.0827
     436      16.8322        32.2622
     437      16.7708        31.9182
     438      16.8221        29.5664
     439      16.8845        29.8639
     440      16.7696        29.1120
     441      16.9122        29.6406
     442      16.8566        30.0137
     443      16.8051        28.8324
     444      16.8854        29.2184
     445      16.8697        30.0289
     446      16.7465        29.6398
     447      16.8846        30.2717
     448      16.7991        29.5245
     449      16.8251        29.9940
     450      16.8885        29.7251
     451      16.8799        29.6440
     452      16.9370        28.8004
     453      16.8762        29.3466
     454      16.8265        29.7400
     455      16.7033        29.4842
     456      16.9496        30.4017
     457      16.7996        28.7755
     458      16.8095        29.2064
     459      16.8024        29.8484
     460      16.6994        30.3825
     461      16.8445        30.6345
     462      16.8563        28.9736
     463      16.8736        29.2069
     464      16.7634        29.2935
     465      16.7140        29.4768
     466      16.8991        29.8237
     467      16.8060        30.6181
     468      16.8119        31.5819
     469      16.7211        32.1279
     470      16.7193        30.4308
     471      16.8138        29.3478
     472      16.7906        29.8145
     473      16.8640        29.2886
     474      16.8700        28.9160
     475      16.8504        29.6231
     476      16.9586        29.8853
     477      16.8342        32.2566
     478      16.9197        30.6629
     479      16.8683        32.2621
     480      16.9370        29.3031
     481      16.8054        29.0856
     482      16.8525        29.5893
     483      16.8680        29.5452
     484      16.8690        29.6587
     485      16.8953        29.6464
     486      16.7238        29.1336
     487      16.9027        30.0994
     488      16.7538        28.9028
     489      16.8495        29.5116
     490      16.8933        30.1287
     491      16.7730        30.3819
     492      17.0182        32.0651
     493      16.7993        30.8932
     494      16.8209        29.8809
     495      16.8573        31.3590
     496      16.9758        30.2860
     497      16.8125        29.6634
     498      16.9327        29.7989
     499      16.8572        29.9127
     500      16.8304        30.9956
     501      16.7824        31.1906
     502      16.8397        30.2884
     503      16.7022        29.4599
     504      16.8648        32.2504
     505      16.8969        31.2088
     506      16.8699        29.5560
     507      16.8613        29.8118
     508      16.9804        30.0316
     509      16.9597        29.8529
     510      16.8598        29.8143
     511      16.9036        31.6441
     512      17.0329        30.5264
     513      16.9448        29.7473
     514      16.9987        30.0557
     515      16.9845        29.7358
     516      16.8644        29.4073
     517      16.9040        29.8826
     518      16.8873        29.3034
     519      16.8463        30.8247
     520      16.9826        30.4801
     521      16.8691        30.0927
     522      16.9500        29.6937
     523      16.8274        29.7792
     524      16.9028        30.2447
     525      16.9541        28.9368
     526      16.9798        29.8544
     527      16.8907        29.6604
     528      16.8903        29.7497
     529      17.0331        29.6371
     530      16.8451        29.4248
     531      16.9611        29.2435
     532      16.8714        31.3465
     533      16.8702        30.9903
     534      16.9213        30.6266
     535      16.8719        29.4212
     536      16.7872        31.2317
     537      16.8282        30.3294
     538      16.9357        29.8573
     539      16.8581        29.0795
     540      16.8923        31.8119
     541      16.8568        30.5679
     542      16.8314        30.3846
     543      16.8620        30.4023
     544      16.8628        30.4775
     545      17.0286        31.5422
     546      16.9002        30.7429
     547      16.8620        31.5439
     548      16.9606        30.6491
     549      16.9827        31.5033
     550      16.9271        30.2892
     551      16.8379        29.5635
     552      16.8013        29.7598
     553      16.8594        30.1167
     554      16.9782        30.2330
     555      16.9223        29.8727
     556      16.8575        29.9979
     557      16.9369        31.1259
     558      16.8677        31.1041
     559      16.8675        31.0915
     560      16.7620        32.0016
     561      16.8964        31.4989
     562      16.8123        31.0643
     563      16.8540        28.9184
     564      16.8338        31.1518
     565      16.7474        29.2278
     566      16.8333        31.2339
     567      16.9174        31.9955
     568      16.9039        30.2391
     569      16.8528        29.3460
     570      16.8479        28.8898
     571      16.8309        29.3548
     572      16.9006        30.1156
     573      16.8745        29.6864
     574      16.8882        29.6714
     575      16.8729        29.4096
     576      16.8892        32.1586
     577      16.9931        29.7140
     578      16.8123        31.5465
     579      16.8698        29.8364
     580      16.9753        30.0635
     581      16.8980        29.3948
     582      16.8677        30.7251
     583      16.9104        31.4216
     584      16.8573        29.1954
     585      17.0119        30.0481
     586      16.9917        29.5632
     587      16.9626        32.5947
     588      16.6565        30.6003
     589      16.8571        31.1922
     590      16.8549        30.6075
     591      16.7764        29.9276
     592      16.8505        30.3742
     593      16.7185        30.1443
     594      16.6646        29.7003
     595      16.8011        29.9202
     596      16.8373        30.8174
     597      16.7283        29.5291
     598      16.7845        30.1173
     599      16.7170        29.6705
     600      16.8449        29.4897
     601      16.8920        30.7804
     602      16.7582        29.5063
     603      16.7450        29.7372
     604      16.9658        29.8734
     605      16.9274        30.6033
     606      16.9119        30.7233
     607      16.8260        30.2237
     608      16.9530        29.7623
     609      16.9281        29.7228
     610      16.8787        30.3303
     611      17.0690        29.6491
     612      16.8472        30.7763
     613      17.0215        31.3957
     614      16.9889        31.3677
     615      16.7499        30.6058
     616      16.8854        30.0590
     617      16.7942        29.3138
     618      16.7768        28.8658
     619      16.8813        29.4259
     620      16.8374        28.9916
     621      16.8021        29.1837
     622      16.8344        30.2232
     623      16.9946        30.2803
     624      16.8451        30.7212
     625      16.9160        30.2610
     626      16.7748        29.1890
     627      16.8655        29.1259
     628      16.9523        30.5761
     629      16.8377        29.3049
     630      16.9211        31.1412
     631      16.7946        30.4954
     632      17.0573        31.1808
     633      17.0131        31.8365
     634      17.0391        30.2528
     635      17.2342        30.5926
     636      16.9683        29.8728
     637      17.0719        31.8442
     638      17.0356        30.6038
     639      16.9765        29.9435
     640      16.9743        30.6302
     641      17.0806        30.8697
     642      17.2579        30.2448
     643      17.0748        30.6985
     644      17.1625        31.1024
     645      17.0210        29.8913
     646      17.1858        29.5022
     647      17.0665        29.7799
     648      17.1115        29.6295
     649      17.0161        29.2978
     650      17.1580        30.0749
     651      17.0238        30.0782
     652      16.9333        30.4877
     653      17.0746        31.0511
     654      17.0915        30.9885
     655      17.1801        31.9589
     656      16.9229        29.8695
     657      17.1203        30.9077
     658      17.0723        29.6269
     659      16.9684        31.7162
     660      17.0464        31.4486
     661      16.9907        31.2489
     662      17.0744        31.5279
     663      17.1010        30.7753
     664      17.0694        31.9648
     665      17.2540        31.4177
     666      16.8958        30.4064
     667      17.0820        30.7313
     668      17.1014        32.0561
     669      17.0141        29.9985
     670      17.1184        30.5927
     671      17.1484        32.3675
     672      17.1434        31.6267
     673      17.0313        29.7891
     674      16.9565        29.8360
     675      17.0411        30.8499
     676      17.0144        30.1867
     677      17.0079        30.3416
     678      17.0082        30.6501
     679      16.9771        31.0476
     680      16.9833        30.6580
     681      16.9488        30.4865
     682      16.8718        31.3491
     683      17.0367        30.4462
     684      17.0256        30.4118
     685      16.8921        30.5586
     686      16.9636        30.7918
     687      17.1278        31.7720
     688      16.9335        30.7371
     689      17.0334        32.1628
     690      17.2082        32.1970
     691      16.9928        31.7768
     692      16.9501        29.8657
     693      17.2312        30.7365
     694      16.9203        31.3048
     695      17.0636        31.5367
     696      17.2646        31.9352
     697      17.1731        31.4338
     698      17.1693        30.4371
     699      17.3452        30.5826
     700      17.5325        32.7038
     701      17.6492        32.3693
     702      17.4794        32.2154
     703      17.5110        30.7932
     704      17.6936        31.5374
     705      17.3931        30.7242
     706      17.4868        31.4110
     707      17.4369        31.1213
     708      17.5335        31.2780
     709      17.4817        33.6206
     710      17.5368        32.1117
     711      17.6694        31.0004
     712      17.3641        30.5378
     713      17.3640        31.6888
     714      17.4161        30.5877
     715      17.5533        31.3240
     716      17.4490        31.2512
     717      17.4029        30.8221
     718      17.5071        31.5739
     719      17.3680        31.9246
     720      17.3476        31.1732
     721      17.3723        31.0767
     722      17.4865        31.2012
     723      17.3822        31.2402
     724      17.7058        31.6905
     725      17.4052        30.4078
     726      17.4172        31.3618
     727      17.7101        30.4523
     728      17.3417        30.6429
     729      17.4837        30.5413
     730      17.3296        30.2005
     731      17.3918        30.2418
     732      17.4831        31.3636
     733      17.4052        30.0702
     734      17.4798        30.5980
     735      17.5089        32.4397
     736      17.3598        31.0136
     737      17.0306        29.2310
     738      17.4299        31.1598
     739      17.4707        31.0476
     740      17.5488        32.2904
     741      17.4320        31.1359
     742      17.2749        30.8895
     743      17.4071        31.6288
     744      17.4354        30.7391
     745      17.5933        31.9145
     746      17.6257        31.3207
     747      17.5086        30.7221
     748      17.2896        30.0563
     749      17.3260        30.5162
     750      17.3827        30.1862
     751      18.0196        30.8294
     752      17.1873        30.5130
     753      17.2094        30.3847
     754      17.2744        31.2711
     755      17.3226        30.5213
     756      17.3412        30.1058
     757      17.4325        31.3638
     758      17.4567        30.7520
     759      17.4447        31.1735
     760      17.5806        32.3985
     761      17.3372        31.4747
     762      17.4774        33.0503
     763      17.4362        32.1708
     764      17.6924        31.9748
     765      17.4952        31.3206
     766      18.2081        31.3950
     767      17.9402        31.1651
     768      17.8626        32.6760
     769      17.7498        31.2987
     770      18.0785        31.1306
     771      17.5548        32.1309
     772      17.4989        31.2954
     773      17.3200        31.3586
     774      17.3363        30.6989
     775      17.4470        31.4668
     776      17.5668        32.6665
     777      17.5853        30.5712
     778      17.4784        32.7738
     779      17.3812        30.6335
     780      17.2346        31.4077
     781      17.2350        31.5614
     782      17.5036        31.0027
     783      17.2820        30.7928
     784      17.3321        31.5659
     785      17.3125        31.3170
     786      17.4044        30.3684
     787      17.6405        31.9819
     788      17.2353        30.3560
     789      17.3607        31.2449
     790      17.2205        29.6978
     791      17.3798        31.9362
     792      17.1090        31.9314
     793      17.3645        32.2000
     794      17.1792        30.8565
     795      17.1923        31.1604
     796      17.1233        30.8327
     797      17.1574        30.9537
     798      17.0770        31.1312
     799      17.3287        30.1068
     800      17.2520        30.3045
     801      17.4113        30.2729
     802      17.2362        31.2337
     803      17.3031        31.9154
     804      17.1573        29.5443
     805      17.1382        30.3378
     806      17.3347        30.9686
     807      17.4292        30.0163
     808      17.4025        29.9211
     809      17.5187        30.7244
     810      17.5470        31.6371
     811      17.4703        31.6683
     812      17.3964        31.1723
     813      17.3568        29.8279
     814      17.4138        30.5234
     815      17.3147        30.2010
     816      17.3134        30.8744
     817      17.6471        32.4729
     818      17.5166        30.6996
     819      17.6372        32.2192
     820      17.3809        30.3446
     821      17.3209        31.5633
     822      17.4327        31.8651
     823      17.6646        32.1741
     824      17.4257        30.2982
     825      17.3620        31.6973
     826      17.2769        30.2947
     827      17.3764        31.8817
     828      17.6466        31.5797
     829      17.6049        30.9948
     830      17.5762        31.5444
     831      17.7800        32.0725
     832      17.4453        31.2267
     833      17.3387        32.1034
     834      17.4958        30.7668
     835      17.4670        31.4685
     836      17.6458        31.8972
     837      17.5550        32.0216
     838      17.5947        32.5624
     839      17.5231        31.8998
     840      17.3703        31.4075
     841      17.4282        30.3444
     842      17.7238        31.7367
     843      17.5339        31.4093
     844      17.5205        32.0526
     845      17.6464        32.5547
     846      17.3733        30.9189
     847      17.5996        31.5061
     848      17.2782        31.7508
     849      17.4524        31.3145
     850      17.3324        31.5805
     851      17.3176        30.0588
     852      17.3310        31.4393
     853      17.3862        30.8626
     854      17.2660        30.2740
     855      17.5183        32.0153
     856      17.3296        30.7117
     857      17.2866        30.6658
     858      17.4049        31.1144
     859      17.3862        31.4781
     860      17.3127        32.1532
     861      17.4960        31.9082
     862      17.5905        32.6990
     863      17.5034        31.5241
     864      17.4484        31.0536
     865      17.2546        31.6143
     866      17.3767        32.5586
     867      17.2474        30.9158
     868      17.3139        32.3815
     869      17.4027        31.1441
     870      17.4884        30.6142
     871      17.5004        30.2224
     872      17.3750        31.9529
     873      17.6723        29.8766
     874      17.5003        32.0859
     875      17.6957        33.2385
     876      17.4718        31.3661
     877      17.5401        31.6762
     878      17.4307        32.0011
     879      17.3839        30.7171
     880      17.2611        29.5727
     881      17.4674        31.8189
     882      17.6280        31.0985
     883      17.3345        32.1659
     884      17.4547        30.7153
     885      17.3958        31.8669
     886      17.6014        30.7581
     887      17.4203        31.4225
     888      17.6555        32.6999
     889      17.7067        32.7364
     890      17.5488        31.7665
     891      17.5822        30.8069
     892      17.6050        31.9210
     893      17.7862        31.2665
     894      17.7091        32.7465
     895      17.7028        32.4166
     896      17.7821        30.1501
     897      17.6062        30.8702
     898      17.4523        31.7479
     899      17.6717        33.0218
     900      17.2801        31.8148
     901      17.4412        31.3999
     902      17.9518        33.8694
     903      17.9552        34.4420
     904      17.8510        31.3577
     905      17.7245        30.4215
     906      17.5762        31.7252
     907      17.5967        30.7591
     908      17.4469        32.4746
     909      17.9853        31.5276
     910      17.5305        31.0966
     911      17.6556        33.0064
     912      17.5735        31.7934
     913      17.5698        31.6048
     914      17.6420        31.6698
     915      17.6541        32.3011
     916      17.5348        32.0419
     917      17.7098        32.4745
     918      17.5025        30.4918
     919      17.8887        32.0399
     920      17.6677        32.0881
     921      17.7605        31.7054
     922      17.6145        30.5765
     923      17.7648        31.1616
     924      17.6398        32.2937
     925      17.7510        31.1698
     926      17.6767        32.5492
     927      17.7289        32.0488
     928      17.4802        32.3588
     929      17.8362        31.0292
     930      17.5513        31.9948
     931      17.6311        33.3417
     932      17.7138        33.4352
     933      17.6308        31.4237
     934      17.5304        30.7711
     935      17.7072        30.9638
     936      17.6623        32.6311
     937      17.8427        32.9819
     938      17.7376        31.2636
     939      17.6530        31.4513
     940      17.8402        33.6349
     941      17.7076        31.3109
     942      17.6251        30.3736
     943      17.7353        30.8959
     944      17.6124        30.4673
     945      17.6119        31.1052
     946      17.5730        31.0464
     947      17.6760        30.5992
     948      17.5945        30.5852
     949      17.6639        30.7505
     950      17.5551        31.2214
     951      17.7457        31.1841
     952      17.7985        30.8305
     953      17.7442        30.6461
     954      17.5707        30.8098
     955      17.7179        30.6899
     956      17.6087        31.4255
     957      17.5762        30.5363
     958      17.8835        32.6285
     959      17.7249        30.9454
     960      17.6883        32.2114
     961      17.7332        31.6732
     962      17.6157        31.4582
     963      17.4730        30.4723
     964      17.7909        32.7582
     965      17.6346        32.7400
     966      17.7663        31.3832
     967      17.7811        30.0420
     968      17.7426        31.2699
     969      18.0150        31.4668
     970      17.7630        30.5598
     971      17.5830        30.1788
     972      17.7475        32.4189
     973      17.7300        32.9891
     974      17.7962        31.9094
     975      17.6220        31.3323
     976      17.8045        32.3582
     977      17.7010        31.7096
     978      17.6966        31.8453
     979      17.9723        33.0098
     980      17.6623        32.5694
     981      17.6015        31.1010
     982      17.5578        31.9294
     983      17.7265        31.7501
     984      17.6530        31.9611
     985      17.6602        31.4594
     986      17.8290        31.9933
     987      17.6478        31.3161
     988      17.7863        30.7193
     989      17.8445        31.5155
     990      17.7161        31.6682
     991      17.7675        32.5636
     992      17.7421        30.4609
     993      17.8243        32.0977
     994      17.7200        30.8721
     995      17.6740        31.9895
     996      17.9456        32.7217
     997      17.6682        29.8191
     998      17.5831        31.6591
     999      17.7526        31.4077
    1000      17.7900        30.9797
