#Frame      RoG_00004 RoG_00004[Max]
       1      17.0617        29.9974
       2      17.0222        30.0683
       3      16.8973        30.2045
       4      16.9898        29.8683
       5      16.9477        30.7699
       6      16.8892        29.2677
       7      16.8247        31.1031
       8      17.0749        31.8242
       9      17.0101        30.7156
      10      17.0350        29.9728
      11      17.1182        30.3410
      12      16.9696        29.8568
      13      16.9382        28.8470
      14      16.9539        30.5597
      15      17.2003        31.5364
      16      17.0884        30.1531
      17      16.9488        29.5106
      18      16.9793        30.9587
      19      17.1304        30.1734
      20      17.0553        31.6653
      21      17.1413        29.9113
      22      17.0296        30.6390
      23      17.0696        29.9101
      24      17.0434        29.6238
      25      16.8722        30.5114
      26      16.9663        29.5630
      27      17.1549        31.0984
      28      16.9701        29.5232
      29      17.0037        29.3898
      30      17.0168        31.3340
      31      16.9304        30.7349
      32      16.9564        32.2923
      33      16.9563        31.3038
      34      17.0276        32.3971
      35      16.8057        29.4586
      36      16.9827        31.0761
      37      16.9919        31.1678
      38      16.8866        28.9217
      39      17.0726        31.8669
      40      16.9856        30.2209
      41      17.1071        29.4809
      42      17.0203        31.0199
      43      17.0014        30.3674
      44      17.0362        31.4868
      45      17.1642        31.8789
      46      17.1703        30.7582
      47      16.9970        31.3773
      48      16.9679        30.3010
      49      17.0166        32.3255
      50      17.0310        31.1535
      51      16.9450        30.7243
      52      17.1909        29.4995
      53      17.0550        31.2525
      54      17.0429        30.2661
      55      17.0457        31.1596
      56      17.0612        32.9514
      57      17.0081        29.5759
      58      16.9592        29.7696
      59      16.9565        29.2482
      60      17.0032        29.8597
      61      16.9681        29.3359
      62      16.9600        29.8561
      63      16.9440        30.9127
      64      16.9182        29.3266
      65      17.0592        31.3452
      66      17.0889        32.2143
      67      16.9315        29.7089
      68      17.0763        30.2565
      69      17.0216        30.0487
      70      16.9538        30.3466
      71      17.0765        30.9133
      72      17.0089        29.7358
      73      17.1067        30.9591
      74      17.0260        29.8172
      75      17.0709        29.3907
      76      17.0323        29.1747
      77      17.0511        29.4666
      78      17.1633        30.9985
      79      16.9343        29.5697
      80      17.0009        28.9427
      81      17.0446        29.6317
      82      16.8346        28.9791
      83      17.0317        30.5182
      84      17.0356        29.0918
      85      16.8778        29.8954
      86      16.9162        29.4191
      87      16.8706        29.0122
      88      16.8501        29.4427
      89      16.9357        29.4601
      90      16.8948        29.4250
      91      16.9490        29.2284
      92      17.0785        30.7773
      93      16.8269        30.4401
      94      17.2026        30.8502
      95      16.9916        30.1906
      96      17.0019        29.4644
      97      16.9731        29.2962
      98      16.9891        29.7213
      99      17.0307        29.4099
     100      17.0378        30.0569
     101      17.1035        29.9257
     102      17.0046        30.4259
     103      17.1330        29.6697
     104      16.8727        29.9776
     105      17.0228        29.6302
     106      16.9978        29.7557
     107      17.0693        29.7819
     108      17.1080        29.7322
     109      17.2234        30.2255
     110      17.3479        30.2024
     111      17.3132        31.3967
     112      17.1916        30.6166
     113      17.0657        30.6962
     114      17.3317        31.9809
     115      17.1753        30.0991
     116      17.1096        31.0716
     117      17.1559        31.0503
     118      16.9588        31.0782
     119      17.0047        30.8624
     120      17.0656        30.2198
     121      16.8840        30.1006
     122      16.8332        30.5285
     123      17.0395        31.1100
     124      17.1292        30.0508
     125      16.9287        29.5434
     126      16.8727        29.1971
     127      16.9578        29.9598
     128      16.8536        31.4099
     129      16.9802        29.8703
     130      16.9757        29.9466
     131      16.8076        30.1067
     132      16.8228        29.5519
     133      16.8595        29.2701
     134      16.8683        31.0759
     135      16.8545        29.4402
     136      16.9053        29.2791
     137      16.8800        30.8381
     138      16.7637        29.7529
     139      16.8425        29.8903
     140      16.8087        29.2407
     141      16.9224        29.5745
     142      16.8188        29.2955
     143      16.8239        29.4449
     144      16.9210        29.6855
     145      16.8383        29.6370
     146      16.8913        29.8195
     147      17.0139        30.5233
     148      16.8014        29.1128
     149      16.9574        29.8726
     150      16.8754        29.9826
     151      16.9701        29.6779
     152      17.0077        29.7641
     153      16.8203        29.2967
     154      16.7699        29.6641
     155      16.7009        30.6345
     156      16.7503        30.7461
     157      16.8121        29.6684
     158      16.7236        29.3348
     159      16.9169        29.0052
     160      16.8204        30.2931
     161      16.7865        29.2640
     162      16.7745        30.1279
     163      16.7497        29.9935
     164      16.8824        29.1772
     165      16.8963        30.5523
     166      16.7665        31.1776
     167      16.8095        29.4612
     168      16.8166        29.6306
     169      16.8142        29.5708
     170      17.0087        30.4341
     171      16.9951        29.9725
     172      16.8830        29.2893
     173      16.9146        30.0000
     174      16.8310        31.4874
     175      16.9540        29.5535
     176      16.8671        29.0089
     177      16.9880        30.2303
     178      16.8314        31.4535
     179      16.8257        30.9404
     180      16.8375        30.6092
     181      16.9457        30.4833
     182      16.9478        29.7211
     183      16.7871        29.3018
     184      16.7770        28.7508
     185      16.8989        29.2373
     186      16.9303        30.5756
     187      16.8314        29.2496
     188      16.9693        30.0072
     189      16.9780        30.0110
     190      16.9324        30.5350
     191      17.0479        31.1358
     192      17.1693        31.4351
     193      16.8486        29.6748
     194      16.8687        29.2975
     195      16.8142        28.6601
     196      17.0620        31.0056
     197      17.0607        29.7423
     198      17.1287        29.7983
     199      17.0470        30.3816
     200      16.9117        29.5466
     201      16.9617        30.6498
     202      17.0940        31.2375
     203      16.9767        29.9056
     204      17.0539        30.9549
     205      17.1085        32.3564
     206      16.9529        30.9917
     207      16.9759        30.0166
     208      16.9331        30.6776
     209      16.9421        30.1328
     210      17.0921        29.7893
     211      16.9793        30.9514
     212      16.8669        30.5233
     213      16.9405        30.8421
     214      17.0993        30.8409
     215      16.8806        30.5703
     216      17.0261        32.4752
     217      16.9697        31.6646
     218      16.9922        29.8673
     219      17.0067        31.8288
     220      16.7955        31.6072
     221      16.7851        29.8175
     222      16.9502        30.3853
     223      17.0224        30.7352
     224      17.0182        31.5132
     225      17.1246        31.7204
     226      17.1885        31.9304
     227      16.9989        31.3550
     228      17.0252        31.6015
     229      16.8261        29.5398
     230      16.7492        31.8246
     231      16.7378        31.4237
     232      16.8054        32.5219
     233      16.7571        32.0259
     234      16.9181        31.3814
     235      16.8737        30.2250
     236      16.8198        31.4977
     237      16.7286        29.5505
     238      16.7161        30.1339
     239      16.8310        29.8815
     240      16.8366        30.5712
     241      16.6617        29.5378
     242      16.7040        30.8614
     243      16.8289        30.5947
     244      16.7642        29.1031
     245      16.7891        30.1450
     246      16.8683        30.2843
     247      16.6771        31.0340
     248      16.8074        31.0562
     249      16.7491        29.3765
     250      16.7745        29.1018
     251      16.8337        30.1914
     252      16.7683        30.4615
     253      16.7239        31.1714
     254      16.8812        30.3057
     255      16.7586        30.5724
     256      16.7722        29.7263
     257      16.7038        29.2605
     258      16.8961        31.7210
     259      16.6923        30.2807
     260      16.7760        29.9052
     261      16.7334        30.3185
     262      16.7768        31.0173
     263      16.9001        29.0485
     264      16.7772        29.5499
     265      16.7761        30.1407
     266      16.8159        30.6975
     267      16.7461        29.1225
     268      16.7455        29.2319
     269      16.8225        31.7497
     270      16.8198        31.1168
     271      16.8810        29.4382
     272      17.0132        30.8563
     273      16.8596        29.5338
     274      16.7085        29.3491
     275      16.6891        29.2782
     276      16.6466        28.8309
     277      16.7628        29.1791
     278      16.8527        28.7070
     279      16.7084        28.7881
     280      16.6698        30.5229
     281      16.8015        29.9182
     282      16.7540        29.7384
     283      16.6998        29.3547
     284      16.7456        29.5971
     285      16.7174        29.9491
     286      16.8174        29.3591
     287      16.5702        30.2048
     288      16.7744        30.4717
     289      16.7359        30.9831
     290      16.7204        29.7105
     291      16.9415        30.4236
     292      16.7587        30.7224
     293      16.8133        30.5675
     294      16.7236        30.2726
     295      16.7204        28.7485
     296      16.8177        29.5847
     297      16.6889        29.3890
     298      16.6943        30.4986
     299      16.8212        30.8658
     300      16.6555        29.5808
     301      16.8864        31.0231
     302      16.8252        29.8815
     303      16.9538        31.5582
     304      17.1204        31.9713
     305      16.9388        31.6556
     306      17.0409        30.4039
     307      16.9253        30.4270
     308      16.9122        31.5829
     309      16.7382        29.6553
     310      16.8685        30.1450
     311      16.9363        29.0339
     312      16.9516        29.3837
     313      17.0119        30.8128
     314      16.9383        30.8494
     315      17.0958        30.1464
     316      17.0263        30.1466
     317      16.8960        29.1545
     318      17.0359        30.8319
     319      17.1202        30.7062
     320      16.9603        30.1960
     321      17.1567        31.7607
     322      17.0469        31.5738
     323      16.9484        30.7068
     324      16.9652        29.7803
     325      16.7757        30.0348
     326      17.0059        30.8858
     327      16.7520        30.5573
     328      16.8066        29.6832
     329      16.9074        30.2621
     330      16.9993        32.0928
     331      17.0492        34.2614
     332      16.9563        31.5078
     333      16.9187        30.8533
     334      16.7732        29.4555
     335      16.9936        30.5151
     336      17.0548        30.1077
     337      17.0006        31.0669
     338      16.9016        29.2518
     339      16.9272        29.9088
     340      16.8641        30.5127
     341      16.7944        30.4151
     342      16.9578        29.7829
     343      16.8857        29.8647
     344      16.9625        30.8172
     345      16.8882        30.3905
     346      16.9397        31.4530
     347      16.8585        31.7393
     348      16.8788        31.0568
     349      16.9039        29.1635
     350      16.9462        29.8469
     351      16.9102        29.3031
     352      16.7765        29.7938
     353      17.0109        29.9418
     354      16.9362        30.6441
     355      16.9766        31.6684
     356      16.9980        29.7514
     357      17.1140        30.3351
     358      16.9460        29.3969
     359      16.9138        30.5303
     360      16.8425        31.4674
     361      16.9246        29.6659
     362      16.7801        30.1840
     363      16.8626        30.5220
     364      16.8042        29.6769
     365      16.8519        30.7182
     366      16.9399        30.6316
     367      16.8880        30.2433
     368      17.0791        29.6179
     369      16.7555        28.7163
     370      16.8428        29.0120
     371      16.7514        28.3224
     372      16.9555        29.3182
     373      16.9060        29.5073
     374      16.7394        29.4440
     375      16.8258        29.2096
     376      16.9012        29.3171
     377      16.9498        30.7099
     378      16.7800        30.2569
     379      16.8520        29.9468
     380      16.8337        30.7964
     381      16.8127        30.5063
     382      16.8696        30.8076
     383      16.8088        31.6504
     384      16.9199        30.2609
     385      16.8206        31.8170
     386      16.9103        30.1567
     387      16.7668        29.4932
     388      16.9177        30.7349
     389      16.9792        30.6720
     390      16.8518        30.4124
     391      16.7267        28.9226
     392      16.8823        30.3962
     393      16.8445        30.0339
     394      16.8247        29.6397
     395      16.8692        30.5934
     396      16.9225        29.3263
     397      17.2096        32.0115
     398      17.0699        31.0793
     399      16.9831        31.0980
     400      17.1031        31.4305
     401      17.1018        31.1462
     402      17.2320        30.0466
     403      17.0055        31.1091
     404      16.9816        31.3885
     405      17.1199        30.1433
     406      17.0843        30.8683
     407      17.1777        30.9442
     408      16.8799        30.7439
     409      16.9775        29.8647
     410      16.9114        30.6723
     411      16.8377        28.7908
     412      16.9964        29.4771
     413      17.0594        31.8990
     414      16.9694        30.5469
     415      16.8791        30.6569
     416      17.0006        29.4102
     417      17.1060        30.0477
     418      16.9668        30.9557
     419      16.8847        30.8748
     420      17.0268        30.1571
     421      17.0206        31.9817
     422      16.8655        30.7249
     423      17.0283        30.0178
     424      17.2940        31.3137
     425      17.2205        30.4803
     426      16.9473        30.7871
     427      17.1074        32.2866
     428      17.0292        29.9391
     429      17.0475        31.4776
     430      16.9961        29.6190
     431      17.0194        31.8850
     432      17.0311        30.9545
     433      17.0264        31.3582
     434      17.2005        30.6627
     435      17.1579        30.3866
     436      17.1957        30.8528
     437      17.2016        31.5506
     438      17.1964        31.7142
     439      17.0987        29.8367
     440      17.1610        30.7192
     441      16.9671        30.5836
     442      17.0720        29.9093
     443      16.9660        29.5608
     444      17.1020        30.2910
     445      16.9237        29.2756
     446      17.0346        29.5195
     447      16.9924        29.6352
     448      16.9558        29.4004
     449      16.9753        29.3231
     450      16.9280        29.6141
     451      17.0569        29.4849
     452      17.1724        29.9969
     453      17.2188        29.3522
     454      17.1531        29.7099
     455      17.4369        32.1193
     456      17.3434        31.2716
     457      17.2119        30.4602
     458      17.2226        30.4678
     459      17.1833        30.6967
     460      17.2843        31.5520
     461      17.2174        29.9010
     462      17.1971        29.6530
     463      17.2287        29.8382
     464      17.1004        31.2055
     465      17.0424        30.2458
     466      17.2572        30.4623
     467      17.2564        30.2888
     468      17.2095        32.2128
     469      17.3380        31.9605
     470      17.2865        30.8560
     471      17.3665        31.6642
     472      17.2688        31.3437
     473      17.2982        30.5527
     474      17.4706        30.9764
     475      17.1616        31.8700
     476      17.2897        30.3900
     477      17.2639        30.5247
     478      17.3093        31.2521
     479      17.4862        30.6139
     480      17.3299        29.5901
     481      17.2630        30.1610
     482      17.2066        29.5403
     483      17.2189        31.1530
     484      17.1610        29.1121
     485      17.2470        31.9870
     486      17.1710        30.9454
     487      17.2892        30.4678
     488      17.2259        29.6882
     489      17.2750        30.1662
     490      17.0021        29.6764
     491      17.2216        29.7158
     492      17.1742        30.0985
     493      17.2211        32.0496
     494      17.0295        29.9736
     495      17.3223        29.8727
     496      17.3154        30.5084
     497      17.1044        29.8781
     498      17.3041        30.3962
     499      17.3035        30.0125
     500      17.3136        30.1335
     501      17.3803        30.2753
     502      17.2805        30.6350
     503      17.2078        30.0376
     504      17.2656        29.9929
     505      17.3229        29.8987
     506      17.2436        29.9573
     507      17.1207        29.7302
     508      17.2883        30.1575
     509      17.1670        30.3278
     510      17.2165        30.8983
     511      17.1607        30.8955
     512      17.1449        30.8097
     513      17.1767        29.9000
     514      17.1191        29.6330
     515      17.0378        29.1640
     516      17.1855        29.5728
     517      17.1581        29.7645
     518      17.2270        30.0082
     519      17.1972        32.0599
     520      17.1040        30.3795
     521      17.3055        29.7807
     522      17.3036        31.4022
     523      17.3624        32.0980
     524      17.1686        30.4217
     525      17.2490        31.3679
     526      17.2193        30.0434
     527      17.2737        29.8703
     528      17.2195        29.8652
     529      17.2215        30.2892
     530      17.3567        29.9653
     531      17.0675        29.8276
     532      17.1363        29.7748
     533      17.0981        29.9562
     534      17.0947        29.8402
     535      17.0635        30.0992
     536      17.1424        29.3016
     537      17.2402        32.0614
     538      17.2426        30.5745
     539      17.0507        31.3371
     540      17.2655        32.0323
     541      17.3280        31.9825
     542      17.2607        30.4732
     543      17.2278        31.8403
     544      17.1580        31.1207
     545      17.1805        31.2490
     546      17.1715        31.2980
     547      17.2418        32.5647
     548      17.1667        31.7023
     549      17.1500        30.2490
     550      17.3325        32.5294
     551      17.3085        32.4280
     552      17.1637        30.6339
     553      17.2278        29.3733
     554      17.2238        30.0774
     555      17.3239        31.9624
     556      17.1901        29.7766
     557      17.3318        30.5150
     558      17.3175        30.1730
     559      17.2316        30.6175
     560      17.2376        30.6423
     561      17.3443        32.6960
     562      17.2351        30.5246
     563      17.1097        30.9383
     564      16.9615        30.4689
     565      16.9316        30.3720
     566      16.8667        32.0208
     567      16.8462        29.3622
     568      16.8918        29.1632
     569      16.8560        28.6650
     570      16.8545        29.3771
     571      16.8556        31.3940
     572      16.8482        30.2661
     573      16.9300        30.8593
     574      16.8762        30.0447
     575      16.9124        29.3923
     576      16.9101        29.1933
     577      16.9693        29.6645
     578      16.8601        29.1897
     579      16.7775        29.4208
     580      16.7378        29.2256
     581      16.8852        30.9699
     582      17.0461        30.7329
     583      16.8289        28.9689
     584      17.1156        31.1042
     585      16.8206        29.8587
     586      16.7425        31.1158
     587      16.7045        29.1754
     588      16.7954        29.5932
     589      16.7917        29.6371
     590      16.7300        29.1189
     591      16.8610        31.5022
     592      16.8641        29.4863
     593      16.6978        28.9750
     594      16.8031        29.0240
     595      16.8911        29.2618
     596      16.9128        30.5135
     597      16.7836        30.5267
     598      16.8594        28.9434
     599      16.7294        29.1370
     600      16.7856        29.0573
     601      16.7689        28.6725
     602      16.7111        29.2052
     603      16.8076        31.2484
     604      16.9390        29.9987
     605      16.8724        29.7764
     606      16.6818        29.2049
     607      16.7021        30.0543
     608      16.8246        30.2130
     609      16.8601        31.5036
     610      16.8537        30.4853
     611      16.8062        29.6782
     612      16.7734        30.9799
     613      16.8571        30.0151
     614      16.8804        29.2540
     615      16.8587        32.4276
     616      16.9074        30.1625
     617      16.7838        29.8898
     618      16.8949        31.8972
     619      16.9033        30.6231
     620      16.9761        29.8500
     621      16.8408        30.1288
     622      16.8623        31.0542
     623      16.8868        30.4324
     624      17.0166        30.4912
     625      16.9420        32.2267
     626      16.9276        30.9034
     627      16.9354        32.9166
     628      16.8236        30.4853
     629      16.9708        31.1770
     630      16.6426        29.1360
     631      16.8053        31.2042
     632      16.8601        31.4286
     633      16.8434        31.4325
     634      16.8715        31.9277
     635      16.8035        30.1203
     636      16.7870        29.8323
     637      17.0037        33.4385
     638      16.8812        29.4874
     639      16.9570        31.4248
     640      16.7807        32.8455
     641      16.7411        30.8711
     642      16.8346        31.4701
     643      16.8124        31.0462
     644      16.7868        29.8532
     645      16.7755        31.0713
     646      16.7720        30.6015
     647      16.8515        30.7963
     648      16.8513        28.8155
     649      16.6979        29.2987
     650      16.7282        32.9164
     651      16.8030        29.2545
     652      16.7070        29.5611
     653      16.6896        29.7719
     654      16.8243        30.5631
     655      16.8589        31.9485
     656      16.7690        31.5006
     657      16.7422        30.2913
     658      16.9204        29.7354
     659      16.9003        29.1007
     660      16.8496        30.6261
     661      16.8354        30.2833
     662      16.9496        30.3571
     663      16.8200        30.6699
     664      16.9022        31.4719
     665      16.9086        31.9440
     666      16.6978        30.1587
     667      16.6812        30.1157
     668      16.8067        32.1477
     669      16.7359        29.9336
     670      16.6804        30.4207
     671      16.7113        29.4727
     672      16.6745        28.9141
     673      16.9550        30.8317
     674      16.9337        31.6619
     675      16.7655        30.1243
     676      16.7701        31.8841
     677      16.8055        32.2757
     678      16.8681        31.3919
     679      16.8317        31.5346
     680      16.9234        30.5873
     681      17.0058        31.9809
     682      16.9463        30.8601
     683      16.8137        30.6158
     684      16.6801        28.9714
     685      16.7878        29.7581
     686      16.8083        30.3626
     687      16.8697        30.2936
     688      16.9114        29.3630
     689      16.9705        29.6082
     690      16.8111        31.6622
     691      16.8601        30.9076
     692      16.9241        29.8518
     693      16.8890        30.4496
     694      16.8675        32.1152
     695      16.8862        29.1362
     696      16.9277        31.0279
     697      16.7695        30.0432
     698      16.8056        30.4132
     699      16.8904        31.0701
     700      16.9226        30.5896
     701      16.9320        30.5488
     702      16.9262        30.7997
     703      16.8738        30.5963
     704      16.9498        30.8406
     705      17.0240        30.9348
     706      17.0475        30.5234
     707      16.9540        30.2746
     708      17.1316        31.1051
     709      17.0928        30.6793
     710      17.0227        31.3112
     711      17.0693        30.7246
     712      16.9536        30.4470
     713      17.0029        29.4388
     714      16.9348        31.3730
     715      17.0425        31.4597
     716      16.7808        30.2531
     717      16.8460        30.0834
     718      17.2675        32.1866
     719      16.9028        30.8599
     720      16.9372        30.0022
     721      17.1324        31.8859
     722      16.9764        30.9858
     723      16.7555        30.1922
     724      16.8582        30.4422
     725      17.2042        31.9029
     726      16.9353        30.7090
     727      16.8169        31.6060
     728      16.8157        29.7604
     729      16.6944        29.3676
     730      16.9447        33.4845
     731      16.9404        31.6800
     732      17.0537        30.2668
     733      17.0961        31.0306
     734      16.8161        31.7466
     735      16.8654        31.2964
     736      16.8562        29.9755
     737      16.7662        28.9039
     738      16.9153        30.5493
     739      16.8776        30.2759
     740      16.8313        31.9574
     741      16.8973        32.1117
     742      16.8905        30.5837
     743      16.7921        29.2416
     744      17.0842        31.0613
     745      16.9039        29.9549
     746      17.0175        29.9008
     747      16.8763        31.1628
     748      17.1878        30.1181
     749      16.9659        29.4104
     750      17.0100        29.6881
     751      17.0690        29.8852
     752      16.9996        29.8139
     753      16.9680        29.6925
     754      17.0393        30.2002
     755      17.0702        31.6780
     756      16.9650        30.3836
     757      16.9220        30.9588
     758      16.9616        30.4407
     759      16.9599        30.9963
     760      16.8953        29.9156
     761      16.8680        31.5500
     762      16.6891        30.7924
     763      16.9559        29.5885
     764      16.7230        29.2235
     765      16.9157        30.1057
     766      16.8950        29.2741
     767      17.0587        29.8447
     768      17.0297        31.6212
     769      16.9376        30.3729
     770      16.8907        31.2527
     771      16.8997        30.2805
     772      16.8404        29.1206
     773      17.0254        29.3414
     774      16.7785        29.9632
     775      16.8957        31.1676
     776      16.8249        29.2929
     777      16.7995        29.6936
     778      16.9821        32.5475
     779      16.9282        31.1235
     780      16.8293        30.6993
     781      16.9070        31.0426
     782      16.9706        31.8368
     783      16.9990        31.6946
     784      17.0149        30.0003
     785      16.9683        30.6810
     786      17.0180        31.7565
     787      16.9651        31.5423
     788      16.8386        30.9630
     789      16.7793        30.1492
     790      16.9769        32.8402
     791      16.8886        31.6697
     792      16.9654        30.9578
     793      17.0022        29.9125
     794      17.0673        31.8756
     795      17.0977        29.8119
     796      17.1527        29.7151
     797      17.0358        30.6095
     798      17.0673        30.6981
     799      16.9363        30.8754
     800      16.8544        31.9502
     801      16.8656        30.4420
     802      16.9529        31.2745
     803      16.9325        32.5487
     804      16.9786        29.8396
     805      16.8873        29.6571
     806      16.9769        31.0687
     807      16.8702        30.9106
     808      16.8873        30.5652
     809      16.9147        31.2262
     810      16.8458        30.8278
     811      16.8283        30.3538
     812      16.7427        29.6835
     813      16.6787        29.5029
     814      16.8036        31.4802
     815      16.7929        30.3615
     816      16.7072        30.6814
     817      16.8740        31.5911
     818      16.7798        30.2674
     819      16.7987        30.9365
     820      16.9064        32.9547
     821      16.9288        30.5416
     822      16.8348        30.3181
     823      16.8722        29.3438
     824      16.9243        29.4036
     825      16.7949        31.3081
     826      16.7935        31.0009
     827      16.8339        31.2002
     828      16.7736        30.3183
     829      16.8038        29.8667
     830      16.6763        29.2905
     831      16.9144        30.5632
     832      16.7688        29.3140
     833      16.8436        30.4636
     834      16.9751        30.1443
     835      16.9584        30.5594
     836      16.9998        29.6900
     837      16.9557        30.3865
     838      17.0461        30.1368
     839      17.1851        30.4516
     840      17.1142        31.2961
     841      17.0571        31.3783
     842      17.2834        31.9228
     843      16.9975        32.1637
     844      17.0095        29.6796
     845      16.9104        29.9517
     846      17.2316        31.6083
     847      17.1937        30.1791
     848      17.1043        30.7038
     849      17.1153        30.9831
     850      17.0137        31.5825
     851      17.0884        30.9313
     852      17.1465        30.5653
     853      17.2597        30.7764
     854      17.2546        30.6782
     855      17.1322        30.2128
     856      17.2660        32.3450
     857      17.5581        32.8613
     858      17.2404        32.5900
     859      17.2299        32.9739
     860      17.2565        30.5166
     861      17.2260        31.2082
     862      17.0248        32.1446
     863      17.2036        30.3945
     864      17.2685        31.0693
     865      17.2447        30.5823
     866      16.8099        29.3444
     867      16.8851        29.3417
     868      16.8293        31.0851
     869      16.8140        29.5422
     870      16.9599        29.9693
     871      17.0037        30.7068
     872      16.9110        30.7688
     873      16.9470        29.3433
     874      17.0236        31.5283
     875      17.0267        30.9159
     876      17.0042        31.3055
     877      17.0174        29.5172
     878      16.9392        29.8999
     879      17.0910        31.6661
     880      16.8914        29.8724
     881      17.1221        31.6991
     882      16.8411        31.5227
     883      16.8267        29.6932
     884      16.9793        32.8581
     885      17.1668        32.4565
     886      16.9567        31.2251
     887      16.9732        32.3057
     888      16.8880        30.6088
     889      16.9730        30.4538
     890      17.0429        30.2488
     891      16.9725        29.7281
     892      16.9949        31.7752
     893      16.8175        30.2110
     894      16.8990        29.5664
     895      16.9009        30.8280
     896      17.0362        30.6224
     897      17.0619        30.0730
     898      16.9520        30.9491
     899      16.8215        30.9389
     900      16.8370        30.0086
     901      16.7011        31.0392
     902      16.7561        29.4262
     903      16.7256        29.5370
     904      16.8226        30.4256
     905      16.9509        30.4663
     906      16.9871        30.8549
     907      16.9439        29.6551
     908      16.9940        29.4449
     909      17.0765        29.8934
     910      17.1705        30.2246
     911      17.1513        31.4406
     912      17.3808        30.8120
     913      17.1107        29.7980
     914      16.9724        29.0463
     915      17.0022        29.9030
     916      17.1736        32.7478
     917      17.0129        31.2203
     918      17.0722        31.0956
     919      17.0576        31.6295
     920      17.0298        31.6921
     921      17.1492        31.3831
     922      17.0035        30.3996
     923      16.9832        30.6085
     924      16.8165        31.2671
     925      16.8852        31.4184
     926      16.8921        32.2398
     927      16.8927        30.7895
     928      16.8125        30.9109
     929      17.0132        30.7882
     930      16.8844        30.2462
     931      16.9356        30.0927
     932      16.9247        30.1520
     933      17.0797        30.3222
     934      17.1474        30.2137
     935      17.2311        30.3033
     936      16.9057        29.9895
     937      17.2523        30.0607
     938      17.1369        30.2647
     939      17.0259        29.6107
     940      16.9871        31.3356
     941      16.8812        29.5552
     942      16.8751        29.4455
     943      17.0926        30.8820
     944      17.0170        29.8924
     945      16.8480        29.5967
     946      17.0079        29.9139
     947      17.0007        29.8658
     948      17.1364        30.8939
     949      16.9227        29.9981
     950      17.1194        30.3029
     951      17.1017        29.6848
     952      17.0399        30.5864
     953      17.2943        30.2166
     954      17.0627        30.6196
     955      17.3416        30.2236
     956      17.3463        31.5180
     957      17.1329        32.7887
     958      17.3069        31.7401
     959      17.1480        31.2207
     960      17.2040        31.1393
     961      17.1322        30.7975
     962      16.9977        29.8394
     963      17.0501        29.9255
     964      17.1651        31.3103
     965      17.2067        31.3193
     966      17.1204        30.5989
     967      17.1564        30.8201
     968      17.2033        30.0760
     969      17.1868        31.6025
     970      17.2924        30.8169
     971      17.0666        31.1128
     972      17.0582        30.2905
     973      17.2241        30.4588
     974      17.0992        30.1714
     975      17.2456        30.6305
     976      17.0340        31.0890
     977      16.9359        30.8103
     978      17.1208        29.5124
     979      16.9269        31.4000
     980      16.8949        29.4126
     981      16.9956        29.9001
     982      16.9633        30.3637
     983      17.1271        30.8454
     984      17.0265        29.3311
     985      16.9467        29.7952
     986      16.9831        29.9131
     987      17.0339        30.8121
     988      17.0775        30.3747
     989      17.0483        30.5542
     990      17.2349        30.1792
     991      17.0159        29.5713
     992      16.9659        29.8523
     993      17.1250        29.6628
     994      16.9296        29.4968
     995      17.1503        30.7259
     996      17.0067        29.6659
     997      16.9095        30.9021
     998      16.9797        30.7923
     999      16.9137        29.5185
    1000      16.9771        31.2491
