#Frame        phi:121      psi:121
       1     -96.1696       3.4740
       2     -82.7122       9.6685
       3    -118.6248      10.9768
       4     -96.5371     -17.3316
       5     -99.9166      -8.9777
       6    -108.7850      -1.3129
       7     -99.0743      -0.7866
       8     -93.6427     -20.7683
       9     -93.1951      -0.6544
      10     -84.0071     -16.5580
      11    -101.1467      -8.4487
      12    -101.7277      -1.1305
      13     -98.2612      -8.4650
      14     -95.7726     -11.2992
      15    -113.0440       5.0895
      16     -78.3230     -12.6892
      17    -109.3176       9.2418
      18    -105.9308       2.8990
      19    -127.0199     -12.5740
      20    -129.0410      -8.3230
      21    -103.0939     -11.1263
      22    -107.2739       0.9825
      23     -97.5290      -6.9781
      24    -126.4104      -4.5912
      25     -93.4428     -22.4198
      26    -102.0209      -5.1188
      27    -114.9102      -8.9456
      28    -107.3572      -1.1011
      29     -78.6257      -3.5358
      30    -118.9033     -11.5324
      31    -101.0369      -0.5870
      32     -90.0588      -7.9391
      33    -110.7062      -5.4862
      34     -85.4758     -10.6847
      35     -96.1654     -29.3425
      36    -107.8847      12.1882
      37     -99.3922     -29.6206
      38    -114.6495     -25.6044
      39    -117.1366      -9.5077
      40    -114.0721      -3.4876
      41     -84.9604     -16.7311
      42    -115.9706       5.4031
      43    -106.8963       7.6612
      44    -106.0415      -7.2963
      45    -100.5487       1.3945
      46     -96.7460      -2.8875
      47     -76.5303      -2.7766
      48     -81.0011     -10.5176
      49     -83.3008      -7.5451
      50     -98.9392      -1.2013
      51    -107.5377       3.6686
      52    -128.4684      -3.1824
      53     -98.7789     -19.5542
      54     -92.5161      -5.1292
      55     -75.0373     -13.1090
      56    -115.4512      -9.3828
      57    -103.7386     -17.5164
      58     -98.7982     -11.2957
      59     -89.7971      -5.5033
      60     -94.9615       5.8396
      61    -101.4791     -12.0636
      62    -101.9086     -19.7348
      63    -103.9449       2.5745
      64    -101.9927      -4.0619
      65     -86.7647      -6.1120
      66    -104.4227       2.7294
      67     -94.7114      -4.1920
      68     -91.2461       5.5906
      69     -95.2201      -8.0660
      70    -119.8271      -1.0146
      71    -102.4337       0.1078
      72     -91.7417      -6.3695
      73     -82.7004      -6.5713
      74    -110.8419       2.6475
      75     -93.5495     -10.4257
      76    -107.3295      -7.1107
      77    -119.9824     -10.7981
      78    -110.2993     -18.1408
      79    -121.7032     -17.1456
      80     -86.7588     -18.3819
      81     -95.1692     -22.1824
      82     -97.2338     -14.5727
      83     -88.1294     -20.3277
      84    -109.0926     -16.1408
      85     -99.5094     -13.7925
      86    -112.1841     -16.5079
      87     -99.1514      -4.8335
      88    -123.1143      11.2257
      89    -102.1483       5.0140
      90     -91.1866       3.7078
      91     -99.3938       1.9816
      92    -101.9531       3.8987
      93    -100.2828      -1.5293
      94    -109.8180      -7.4120
      95     -94.7414      -8.4103
      96     -96.2206      -8.5457
      97     -87.2210      -3.1264
      98    -109.0266      -7.9476
      99    -113.1357      -0.1837
     100    -117.1504      -5.7488
     101    -102.8054     -16.4583
     102     -83.1490     -17.5430
     103     -90.0834       8.0373
     104    -101.7294     -13.6937
     105    -115.3171     -16.3599
     106    -108.8177      -4.4729
     107    -114.7384     -10.3299
     108    -125.2643      -4.1013
     109     -94.7574     -10.3262
     110    -132.0298       1.8528
     111    -112.5928     -18.4053
     112     -97.5643      -1.9441
     113    -106.9814       3.6747
     114    -116.9084     -15.2973
     115    -121.7023      -2.3482
     116    -101.5119      -4.8701
     117    -118.1553      -7.4637
     118    -119.4602     -17.1732
     119    -124.9268      -9.5139
     120    -131.4566      -3.6295
     121    -114.8790     -10.4286
     122    -113.3524      -2.9768
     123     -86.2026     -19.2005
     124    -105.2332     -16.2804
     125    -103.5344     -12.9834
     126    -115.5894     -14.0055
     127    -103.9377     -20.0245
     128     -83.0920     -34.2842
     129     -94.1769      -6.6701
     130    -109.4630      -9.1338
     131    -129.9881       2.7739
     132    -135.0288       5.0150
     133    -122.9443      -4.7938
     134    -115.6278       0.2792
     135    -148.0881     -14.7718
     136    -129.3457     -10.2687
     137    -112.1006      -2.3347
     138    -116.4581     -21.3433
     139    -115.1002     -16.1639
     140    -103.3377      -1.4117
     141     -99.9505      -3.2386
     142    -110.1934      -8.9312
     143    -117.2335      -4.6330
     144    -117.0214      -6.4815
     145    -109.6015      -1.8094
     146     -88.8615      -9.0141
     147    -102.2231      -8.5099
     148    -110.1643     -15.7782
     149     -98.2664      -3.5380
     150    -104.8616     -13.3448
     151    -100.4213     -12.1463
     152    -106.2539     -10.2322
     153    -102.3729      -4.6607
     154    -113.5898       3.0900
     155     -99.8742     -10.6853
     156    -102.6958     -26.0544
     157    -105.5904      -6.9766
     158     -99.5743     -29.9409
     159    -102.7265      -8.2598
     160    -124.9512     -16.6945
     161    -114.1832     -13.8839
     162    -106.5075       7.7195
     163     -92.7399      -8.1282
     164    -119.9969     -20.4953
     165    -118.4172     -11.7858
     166    -114.6420      -9.6099
     167    -115.2163     -27.1838
     168    -111.9380       9.8553
     169    -112.7984      -0.3164
     170    -100.4001     -10.5363
     171    -102.7141     -18.1338
     172    -105.7465     -19.8862
     173    -104.5241     -22.5892
     174    -100.5081     -11.2470
     175    -104.3782     -13.7429
     176     -96.1985      -4.6798
     177     -99.8575     -12.7455
     178    -120.7175       0.3339
     179     -90.8593     -18.8837
     180     -97.3113     -13.9334
     181     -81.8528     -36.7235
     182    -104.5226      -9.5213
     183    -113.0548     -14.5082
     184    -101.2440     -22.6137
     185    -105.6494      -9.6527
     186    -100.5128     -13.0058
     187    -105.0102     -18.3492
     188     -93.9855     -13.7880
     189     -96.0106     -16.0168
     190    -118.9526     -32.3755
     191     -84.1366     -17.2087
     192     -98.5047     -29.9686
     193    -100.3714     -25.7549
     194    -113.9665     -26.6295
     195     -96.4754     -16.2637
     196    -116.3789     -23.7033
     197     -97.6795      -9.5499
     198     -97.6169     -11.6932
     199    -102.7475     -29.5237
     200     -97.9374     -21.3589
     201    -110.4315     -15.0241
     202     -99.1340      -7.4839
     203     -96.1355     -36.4780
     204    -104.9110      -1.7622
     205    -102.7877     -32.2857
     206     -97.5022     -19.8063
     207    -113.7285      -8.3824
     208    -100.8011     -20.7666
     209     -98.2052     -20.4193
     210    -122.7145     -28.1977
     211    -118.1071      -2.3111
     212     -97.1615     -16.5980
     213    -107.5091      -3.2470
     214    -110.3848      -8.5541
     215     -93.7416      -6.9745
     216     -98.5095       0.1376
     217    -107.4014     -21.7044
     218    -100.0757     -10.2250
     219     -93.3859     -15.1909
     220    -109.3175      -8.3012
     221     -96.5499     -11.9511
     222    -111.3681     -11.0355
     223    -106.6896       1.8712
     224     -96.9248     -26.0416
     225    -103.1163     -11.7240
     226    -134.2215      -5.0097
     227     -85.2982      -6.1839
     228     -86.0949     -11.1393
     229    -109.9901      -1.2407
     230     -99.5626     -21.8945
     231     -97.7100     -49.2993
     232    -100.9257     -12.4377
     233    -115.9381     -19.8792
     234    -111.8821       5.0686
     235    -105.0960     -23.3713
     236    -115.8448      -7.9631
     237    -112.7300     -16.6713
     238    -103.6526     -16.2712
     239     -94.1890      -9.6116
     240    -111.8975     -25.2872
     241    -104.7494     -10.7066
     242     -98.5456      -3.5711
     243     -98.1528     -37.2203
     244    -111.8258     -21.7264
     245    -109.0919      -8.0520
     246    -107.8035     -12.3673
     247    -122.0749     -17.4635
     248     -96.3087     -29.4062
     249    -113.7642      -5.4917
     250    -113.2698     -13.3535
     251    -108.9696     -22.8555
     252     -93.2219     -14.7066
     253    -129.0881     -22.0833
     254    -122.5018     -19.3047
     255    -107.9631     -39.6649
     256    -109.9694     -25.2877
     257     -96.5550     -19.7154
     258    -120.2499     -22.1906
     259    -105.5816     -14.8791
     260    -105.3043      -8.8720
     261    -107.1117     -16.7383
     262    -132.3413       6.2637
     263    -112.8367     -18.2674
     264    -105.0185      -2.0758
     265     -96.3724     -30.4498
     266    -109.5287     -23.9514
     267     -98.0823     -27.6923
     268    -108.9308     -20.3840
     269    -108.3129      -7.5521
     270    -128.1361     -17.2521
     271     -96.8958     -31.5264
     272    -106.8360      -8.4234
     273     -94.3692     -15.5832
     274    -121.3513     -15.0204
     275    -105.2023       4.0460
     276    -105.2253     -23.3342
     277    -100.5786      -5.4986
     278    -101.0422     -20.1079
     279    -105.5127      -8.3743
     280    -102.0489     -22.7216
     281     -97.8028     -22.3757
     282    -104.2049     -30.9701
     283    -106.6010     -15.7368
     284     -96.5963     -19.8274
     285    -118.2788     -29.6820
     286    -105.9312     -14.5523
     287    -103.3207     -27.0652
     288    -106.9770      -9.7004
     289    -115.2350     -33.1118
     290    -112.8500      -1.7042
     291    -108.4813      -9.4575
     292    -110.2612      -6.4176
     293    -108.7733     -16.3522
     294     -81.2249     -20.0568
     295    -108.1141      -9.3380
     296     -83.2509     -16.7171
     297    -115.2837     -13.9495
     298    -100.0553     -15.5030
     299     -93.5721     -33.4756
     300    -115.6146      -6.3314
     301    -111.6379      -6.9649
     302     -92.4035      -6.0059
     303    -103.9247     -18.0884
     304    -105.4908      -9.6320
     305    -107.9465      -3.4812
     306     -96.5501     -30.7825
     307    -108.1847     -22.9366
     308    -108.6668     -16.0171
     309    -127.0831      -1.5348
     310    -122.8452      -5.5925
     311    -111.4437      -4.1237
     312    -119.4770     -16.2160
     313    -118.7644     -11.1036
     314    -107.1199     -15.4441
     315    -117.3811      -4.8753
     316     -92.8635     -15.6197
     317    -125.5192      -9.9844
     318    -108.6453      -1.1577
     319    -121.7121     -23.5070
     320    -103.8711     -27.4080
     321    -103.9249     -12.7890
     322    -103.5938       0.1124
     323     -98.7239     -15.7074
     324    -105.5476      -4.1437
     325    -104.8887      -5.8369
     326     -91.2323      -6.8916
     327    -103.7017      -8.5144
     328     -99.8613     -33.7156
     329     -90.8254     -30.3505
     330    -100.0016     -12.9834
     331    -114.3654      -3.1144
     332    -101.1780     -23.7909
     333    -116.3599     -21.0914
     334    -115.5253     -24.0447
     335    -109.3534     -14.6661
     336     -97.8742     -16.3516
     337    -107.9622      -0.9870
     338     -98.4185     -18.5667
     339     -93.6140     -26.2879
     340    -118.2416       6.6310
     341    -122.4002     -23.9324
     342    -115.6330     -18.4900
     343    -116.3629     -20.9652
     344    -106.1574     -13.4690
     345    -115.1597     -19.3327
     346    -117.8542     -21.1541
     347    -109.3864     -13.5340
     348    -103.9839     -14.1391
     349    -118.2405     -22.3988
     350    -107.1504     -17.7587
     351    -139.8355      -1.5185
     352    -121.2549     -22.0894
     353    -115.0884     -34.1274
     354    -105.6503     -23.0937
     355    -103.6704     -25.8605
     356     -95.7694     -15.5664
     357    -100.5152     -15.2719
     358     -99.4246      -9.9836
     359    -103.3453      -5.3719
     360    -102.8608     -20.2302
     361     -97.8083     -28.2603
     362    -105.8617     -20.7142
     363    -105.6060     -25.1908
     364     -94.6633     -28.4376
     365     -92.9891     -23.9320
     366    -108.7780     -24.4395
     367    -111.6868     -12.1261
     368    -119.0960     -18.5502
     369    -120.0538      11.5453
     370    -103.0901     -16.7489
     371    -124.8796     -16.0434
     372    -116.0414     -28.6768
     373    -103.8037     -19.8310
     374     -99.5824     -33.9519
     375    -109.3652      -9.1763
     376     -89.9324     -16.2386
     377    -105.2664      -6.3589
     378    -103.2754     -13.5879
     379    -109.0553     -14.1590
     380    -105.5627     -19.9093
     381    -103.6077     -24.9680
     382    -109.6425      -5.1933
     383    -104.2833       5.5980
     384     -95.2282      -2.5864
     385    -100.8636      -1.9737
     386    -112.8156       3.0291
     387    -102.5997     -23.6239
     388    -109.8260     -17.4060
     389    -104.5211     -22.2558
     390    -101.6863     -29.7106
     391    -137.7920      10.7623
     392    -117.0644     -21.4898
     393    -131.2433     -16.3678
     394    -110.3761     -13.8668
     395    -107.7921     -37.6329
     396     -96.8299      -5.2163
     397     -94.1926     -34.3809
     398     -92.2766     -26.1432
     399    -104.3288      -1.7908
     400    -118.3268     -19.1293
     401    -118.6699      -8.9036
     402    -112.0016     -16.0422
     403    -118.5533      -6.9811
     404    -107.3462      -0.4683
     405    -101.3812     -34.1883
     406     -99.0338     -24.9523
     407    -105.5996     -21.8341
     408    -109.7669     -12.4735
     409    -100.3863      -7.4674
     410     -96.3238      -7.8175
     411     -99.8904      -4.8298
     412    -104.5488     -21.4064
     413    -113.0853     -16.6174
     414    -101.3282       1.5432
     415     -89.4272     -34.8604
     416    -105.2751       5.6815
     417    -108.1639      -7.8700
     418     -96.9311     -15.8436
     419    -100.5112     -12.4788
     420     -94.9606     -30.2204
     421    -103.9813     -20.5718
     422     -90.7345     -10.3134
     423     -85.5432     -25.8335
     424    -111.5363     -16.5087
     425    -106.4075     -16.9626
     426     -82.7922     -23.8538
     427     -93.8765     -13.1619
     428    -130.6202     -23.0352
     429    -102.2551     -19.4747
     430    -113.3069      -8.0818
     431    -106.1409      -5.9971
     432    -111.2540     -21.7664
     433    -100.3215      -6.4568
     434    -109.2986     -19.6711
     435    -107.9783      -6.9444
     436     -96.9336      -7.4779
     437    -120.3038     -20.8741
     438    -113.2823     -32.1854
     439     -97.3063     -18.1049
     440    -115.8220     -33.6924
     441    -109.4469     -25.6087
     442     -99.2484     -26.8212
     443    -104.8016      -9.8610
     444    -106.2693      -4.2587
     445    -114.4652     -22.5523
     446    -105.8483     -14.7173
     447    -100.5657     -20.9235
     448    -122.1820       1.4054
     449    -114.0927     -19.6556
     450    -106.7470      -7.6787
     451    -106.9385     -13.4066
     452    -113.7379      -7.0042
     453    -114.0924      -6.9182
     454     -91.0339     -13.7862
     455     -93.7676     -12.1343
     456     -98.3992     -21.9003
     457    -113.7253     -30.4400
     458    -107.4885     -21.9702
     459    -111.1787      -0.8284
     460    -100.0784     -29.3538
     461     -94.3946     -18.8559
     462     -97.0684     -16.2848
     463    -117.3437     -14.3955
     464    -104.7885     -18.8120
     465    -102.3232      -8.5883
     466    -125.3431     -20.9692
     467    -102.4402     -24.0474
     468    -108.6225     -14.0947
     469    -113.0868     -26.1910
     470    -109.8046     -24.7592
     471     -98.9380     -15.0763
     472    -102.4557     -22.8055
     473    -111.8500     -19.6483
     474     -93.4525     -16.9503
     475    -101.3755     -30.6161
     476    -106.5239     -22.7316
     477    -122.7609     -11.8102
     478    -102.4107     -18.3507
     479    -103.8988       1.2119
     480    -105.2136     -18.3242
     481    -106.7836     -32.3888
     482    -105.6981     -11.2273
     483    -113.4205     -30.8846
     484    -102.4649     -14.2231
     485    -106.7879     -23.1523
     486    -117.2891     -22.2367
     487     -90.1950      -6.0108
     488    -101.4695     -23.0818
     489    -112.5165      -8.4235
     490    -130.1999       4.0696
     491    -134.0038      -3.0543
     492    -110.5584       0.3968
     493    -119.1861     -11.6581
     494    -121.5665      -6.3486
     495    -124.9851      -8.4639
     496    -102.0503     -26.3721
     497     -92.8026     -16.7344
     498    -104.8733      -4.0821
     499    -110.5412     -25.4612
     500    -115.3961      -3.4508
     501    -122.7077      -1.1725
     502    -110.9316     -20.8639
     503    -111.5957     -10.6894
     504    -108.6718      11.1408
     505    -110.8479     -12.9195
     506    -113.1938       3.8275
     507    -108.3514     -17.0551
     508    -121.5397      -4.4159
     509    -123.8770      -1.9841
     510    -110.2046     -13.9689
     511     -99.3460     -19.8197
     512    -111.9261      -8.9108
     513    -108.7052     -11.9680
     514     -94.2582     -13.8514
     515    -124.6328     -11.8566
     516     -95.7395     -20.2819
     517    -103.8189      -7.9567
     518    -106.2713     -24.7612
     519    -104.4139     -29.4419
     520     -85.0390     -10.1314
     521    -112.2196     -30.8938
     522    -101.3857     -36.3955
     523    -109.6902     -23.8783
     524    -108.1445     -17.3547
     525     -99.2825     -19.3356
     526    -105.6119     -13.5931
     527     -89.6442     -15.8433
     528    -118.8754      -3.2094
     529    -109.6946     -20.3698
     530    -105.0238     -25.1042
     531     -96.7646     -32.1514
     532    -118.1391      -8.0332
     533    -105.5455     -18.6087
     534    -113.8456      -8.4980
     535    -108.6244     -19.6103
     536    -110.0922      -6.6910
     537    -108.3048     -16.6105
     538    -118.6539      -2.6244
     539     -97.7604     -14.5011
     540    -122.6942      15.3818
     541    -108.9401     -36.0698
     542    -107.3184      -9.0393
     543    -114.5247     -23.2245
     544    -105.0230     -22.8023
     545     -94.8208      -5.1533
     546    -100.8567     -16.6299
     547    -114.1083     -11.6913
     548     -86.3961     -21.1411
     549    -105.7516      -5.8236
     550    -107.6888      -5.1607
     551    -109.5686      -3.2863
     552     -94.2978     -20.8171
     553     -88.3904     -25.5679
     554     -99.7136      -6.5314
     555    -103.3914     -13.0579
     556    -112.9870     -12.0139
     557     -99.1540      -9.6344
     558    -115.2770      -4.2279
     559    -101.5359     -17.2123
     560     -92.6788     -26.3485
     561     -85.7096     -34.7495
     562     -96.9094      -1.0138
     563    -117.2613     -11.7010
     564    -112.2284     -19.4363
     565    -108.4932       4.7241
     566    -105.5319      -1.6322
     567     -98.8312     -14.5538
     568    -115.5334     -22.4858
     569     -95.9831     -10.7666
     570    -106.6249     -30.7818
     571    -113.6805     -10.7355
     572     -93.3541     -46.5833
     573     -97.7543     -15.3381
     574    -103.4774     -31.8567
     575     -90.0181     -10.6756
     576    -121.9115       1.1079
     577    -116.6365      -8.2134
     578     -97.6057      -6.5463
     579     -92.1362     -18.8563
     580    -102.6996     -19.7239
     581    -109.8703     -13.8124
     582     -96.2458     -29.1628
     583    -104.5972     -20.3884
     584    -123.0817      -8.3724
     585     -96.0798      -7.2349
     586    -123.1533     -24.9415
     587    -119.9865     -21.9738
     588    -117.9694     -13.9062
     589    -101.8774      -6.1497
     590    -103.6669     -19.2401
     591     -94.7766     -28.4643
     592    -106.8981     -33.1753
     593     -96.8235     -16.4139
     594     -95.3060     -29.2859
     595    -105.0477     -36.3235
     596    -114.0189      -5.6787
     597     -99.2883     -16.9306
     598     -91.8164     -24.8824
     599    -112.5605      -5.9450
     600    -123.2178      -7.2205
     601    -111.5341     -21.9091
     602     -90.2301     -26.6806
     603    -134.3692      -9.7953
     604    -102.4832      -9.4336
     605     -99.2935     -12.7951
     606    -105.7330     -14.2384
     607     -98.0416     -13.7577
     608    -112.1758      -9.4332
     609     -88.8696     -13.2139
     610    -116.3837     -21.3767
     611    -100.2920     -13.3099
     612    -105.8399      -3.4429
     613     -99.9142     -19.5142
     614    -101.1370     -16.3054
     615    -102.5744     -31.7944
     616    -108.7050     -13.4934
     617     -95.5204     -20.8916
     618     -82.6544     -34.9949
     619    -100.6447     -18.7357
     620    -125.0360      -9.7381
     621     -85.4347     -27.1882
     622     -96.0046     -33.0065
     623    -110.9719     -17.7572
     624    -104.9680     -29.1238
     625    -111.8155     -16.9312
     626     -87.0788     -16.5486
     627    -101.5319     -26.3664
     628    -102.2920      -6.4197
     629    -119.1236       2.0637
     630    -113.3207     -10.2600
     631    -103.9937      -1.1072
     632     -85.6361     -26.7869
     633    -100.3968     -21.1486
     634    -106.0258      -9.3883
     635     -92.9658       1.0373
     636    -132.3851     -16.7212
     637    -108.4230       4.6743
     638     -98.4044     -13.6423
     639     -98.2809     -15.8786
     640    -120.3044      -6.8104
     641     -87.1823     -20.2172
     642    -109.5464      -9.0192
     643    -132.4453     -27.3112
     644     -92.1908     -34.5172
     645    -120.5249     -38.3131
     646    -114.6151     -19.8359
     647     -95.5637     -19.8660
     648     -99.6233     -13.7602
     649     -91.2334      -7.5283
     650    -107.3669     -18.6175
     651    -103.6973     -15.9942
     652    -100.5216     -12.2189
     653    -120.0472     -14.5618
     654    -107.8431      -1.3658
     655    -107.1702     -27.1693
     656     -94.9291     -28.0830
     657    -104.5796       0.1221
     658     -95.6138     -29.1574
     659     -98.7055     -11.8089
     660    -106.4979     -19.6309
     661    -108.4968      -1.7449
     662    -111.5691     -29.2123
     663    -113.7970     -12.1268
     664     -93.8957      -5.7770
     665    -106.0444     -37.4396
     666     -90.1072     -38.7438
     667    -107.8254      -4.3499
     668    -107.3760     -17.3751
     669    -109.1496     -26.1437
     670    -111.3961     -31.5439
     671     -84.0921     -31.2447
     672    -119.1462     -17.3825
     673    -109.6576     -25.3803
     674    -103.1560      -6.1392
     675    -102.9621     -18.1329
     676    -105.4750     -26.0734
     677    -123.6654     -17.8383
     678     -94.4574      -6.4930
     679    -119.7041       2.8753
     680    -105.8631     -24.3354
     681     -93.8441     -15.6347
     682    -110.4588     -13.3276
     683    -119.2372     -13.9979
     684    -107.0016     -17.6220
     685    -112.2344     -24.1542
     686    -111.2536     -17.7741
     687     -98.9557     -24.5287
     688    -110.9574       0.6224
     689    -104.7806      -0.2780
     690    -113.1753     -17.4808
     691     -99.7096     -11.4245
     692    -100.2249      -5.3845
     693     -91.0313     -26.2411
     694    -114.4449      -3.5010
     695    -123.9407     -26.2191
     696    -131.5058      -6.7669
     697     -97.4855     -29.1018
     698     -96.9844     -33.8678
     699    -108.7521     -14.3851
     700    -112.5081     -14.4718
     701    -105.3522     -27.4699
     702     -94.1092     -13.0706
     703    -117.9070      -9.0472
     704     -92.5451     -10.7985
     705    -102.0377      -9.2447
     706    -107.8775      -0.4636
     707    -115.0807       7.0253
     708     -99.8699     -13.9006
     709    -103.5553     -17.5328
     710    -114.1150      -9.0458
     711    -107.2819       0.6707
     712    -115.8565     -15.4519
     713    -101.2523     -21.9292
     714    -107.4584       0.2225
     715    -102.0798     -29.1671
     716     -96.9008     -19.9297
     717    -113.2172     -16.5083
     718    -128.5479     -14.6152
     719    -108.0390     -30.6891
     720    -102.8483     -16.8962
     721     -93.5754     -22.6270
     722     -99.6392     -14.8275
     723    -114.2023     -11.6887
     724    -100.2024     -16.7468
     725     -89.5359     -13.5450
     726    -113.1368     -16.2570
     727     -94.3647     -18.1143
     728    -118.8400     -19.8316
     729     -96.4053     -15.1413
     730    -100.0108      -0.1726
     731     -92.3148     -29.8443
     732    -108.9677      -4.3968
     733    -100.4043      -5.6043
     734    -111.6667     -37.5058
     735    -115.4478      -8.1122
     736    -110.3390     -22.5138
     737     -99.0854     -29.4971
     738    -102.9380     -21.3665
     739    -133.5532     -24.5768
     740    -107.4213     -20.8226
     741    -102.0515     -23.7540
     742     -95.2411     -19.6722
     743     -98.1033     -17.4425
     744    -120.8684     -11.6942
     745    -101.9943     -16.3397
     746    -107.6733     -23.7747
     747     -96.9346      -0.5257
     748    -113.4822      -8.5607
     749    -108.6168     -22.4071
     750    -103.9356     -19.4554
     751     -79.3403     -10.1553
     752    -107.3615      -9.0431
     753    -101.9044     -23.3630
     754    -111.8406     -13.7094
     755    -130.9688     -20.6876
     756    -126.6087     -11.1963
     757     -90.9946     -28.6950
     758    -111.8980     -16.5306
     759     -92.1528     -21.7357
     760    -119.7779     -11.4377
     761    -119.2144     -19.1438
     762     -99.3997     -14.8699
     763    -113.2960     -20.0877
     764    -115.1428     -15.3285
     765     -98.4594     -15.5794
     766    -107.2752     -40.1835
     767    -104.8212     -28.6591
     768    -106.5210     -19.6000
     769     -98.4942      -6.9886
     770     -94.8179      -7.5747
     771     -98.0772     -29.9961
     772    -100.1424     -13.1007
     773    -109.5212     -25.4818
     774    -115.4256     -21.2874
     775     -93.6594     -25.2211
     776    -105.9506     -10.4290
     777    -113.2557     -27.8558
     778     -92.0357      -4.8787
     779    -104.8829     -36.5689
     780     -95.4731     -14.6953
     781    -110.1069     -30.3413
     782    -108.5604     -17.1030
     783    -112.2295     -28.7365
     784    -100.4030     -22.7971
     785    -127.3435      -7.2138
     786    -102.8357     -18.9437
     787    -115.7809     -28.3501
     788    -106.9175      -8.8284
     789    -102.9654     -47.7579
     790    -104.8024     -22.0427
     791    -122.5111     -14.3662
     792    -107.5502     -11.8466
     793     -97.3745     -22.7593
     794    -112.6140     -17.1486
     795     -98.0239     -14.9715
     796    -104.7093     -18.0388
     797    -118.5137     -21.7602
     798    -122.4818     -18.6211
     799     -90.2570     -25.7792
     800    -120.4690     -23.9798
     801    -105.8192     -19.2451
     802    -111.9555     -12.8259
     803    -101.5883     -24.6618
     804    -112.8851     -21.3777
     805    -106.4876     -24.5620
     806    -101.1506     -20.2895
     807    -117.8703     -23.7129
     808    -125.7646      -9.9291
     809    -102.9223     -10.0160
     810    -112.5104     -25.5002
     811    -122.9114      -7.6434
     812    -104.5249     -10.7989
     813    -112.1626     -44.3161
     814    -114.1958     -13.6504
     815    -106.0066     -23.0420
     816    -121.8548      -8.7677
     817    -111.2184      -9.9729
     818     -95.1755     -20.6606
     819    -107.7015      -9.1988
     820    -117.7268      -9.5204
     821     -96.3701      -2.1273
     822    -100.6331      -9.3554
     823     -91.0538     -13.0733
     824    -114.9055     -13.6184
     825     -99.7876      -0.0125
     826     -83.5093     -12.7774
     827    -112.3430     -26.2123
     828    -106.3503     -31.6557
     829    -112.1169      -8.4520
     830    -105.2663     -20.4429
     831    -115.0491      -6.0759
     832    -105.9928      -1.0291
     833    -112.6024     -29.8227
     834    -114.0462     -23.8126
     835    -122.3877     -14.8328
     836    -100.6799     -26.5610
     837    -120.0943     -16.4427
     838    -116.3923      -6.3582
     839     -99.5904     -13.2087
     840    -113.8253     -12.6205
     841     -94.6193      -1.8672
     842    -106.8214      -9.8965
     843    -109.4524      -5.7467
     844    -105.6308     -13.9590
     845     -95.7230     -19.0956
     846    -106.6371     -18.0841
     847    -100.7823     -21.9446
     848    -119.8770     -16.9702
     849    -101.9079     -15.7395
     850    -124.8490      -1.1050
     851    -116.2530      -8.7597
     852    -116.6904     -29.6120
     853    -112.3714     -11.7707
     854    -103.5342     -20.2434
     855    -132.8428      -0.3944
     856    -114.7286      -8.2532
     857     -92.8478     -22.8415
     858    -124.2548     -14.5138
     859    -103.5610      -5.5160
     860    -119.1383      -0.4883
     861    -115.4876     -15.1277
     862     -95.0595     -20.0073
     863    -116.3445       7.6609
     864    -120.2931     -11.6112
     865    -128.4703     -11.5561
     866    -112.7560       5.3085
     867    -103.1990      -9.2991
     868    -105.4438      -4.6159
     869    -121.2052     -17.6765
     870     -97.2425       1.9583
     871     -95.2507     -18.3124
     872    -103.0468     -24.5961
     873    -114.3916     -12.0142
     874    -116.2470       1.7820
     875    -103.6589     -11.1923
     876    -105.4340      -4.0853
     877    -115.2451     -12.3323
     878    -107.6002     -23.6120
     879    -128.9494       5.9297
     880    -107.4753     -18.3218
     881     -89.2240     -24.0851
     882     -94.2484     -20.4074
     883    -113.6146     -11.9690
     884    -118.0705     -14.8438
     885     -94.2895     -10.1150
     886     -97.0173     -15.3518
     887    -106.5660       5.3224
     888    -114.3141      -7.3019
     889    -110.6867     -17.7939
     890    -106.1501     -20.0478
     891    -102.7748     -19.3111
     892    -123.4242      -0.8505
     893    -106.2533     -19.6091
     894    -105.7413     -25.6142
     895    -119.7025     -22.6371
     896    -121.5635      -6.9595
     897    -103.6320      -2.9271
     898    -117.7216      -7.6563
     899    -116.3542     -22.2079
     900    -105.3678     -10.8590
     901    -119.0086     -10.8671
     902    -103.1310     -28.3585
     903    -118.9927     -18.2591
     904     -88.7982     -28.4967
     905    -101.6027     -27.6599
     906     -95.1582     -39.5960
     907    -101.4190     -11.5681
     908    -117.7072     -16.1937
     909     -95.6689     -13.4284
     910    -106.4675     -12.8030
     911    -111.9548     -22.2588
     912     -96.2164     -17.9791
     913    -100.2276     -17.5642
     914     -93.0406     -15.2001
     915    -110.1852     -18.4149
     916     -97.0721     -36.3986
     917    -110.2156      -9.8166
     918    -113.8246     -32.0477
     919     -98.5561      -9.1180
     920     -98.8769     -26.1778
     921    -107.9701     -22.2623
     922    -107.6820     -21.5384
     923     -90.5235     -22.4770
     924    -119.5284      -6.8243
     925    -113.2249      -4.5294
     926    -109.7058      -8.1703
     927    -122.2199     -11.3791
     928     -92.4434       4.9291
     929    -121.7968     -17.9536
     930    -103.9027     -26.9308
     931    -101.3416     -23.4388
     932    -103.8202      -1.0829
     933     -86.3747     -21.9731
     934     -95.5286     -49.3177
     935    -105.9971     -10.3123
     936     -95.7419     -37.2126
     937    -101.6077     -24.0694
     938    -101.0106     -18.4676
     939    -104.6142     -15.7314
     940    -121.2235     -13.0192
     941    -101.4075     -21.8931
     942    -115.7176     -11.7083
     943    -114.5863      -4.8120
     944     -95.1576     -15.8115
     945    -102.3470      -9.2573
     946    -114.0350     -18.6121
     947    -111.9456      -8.0630
     948    -114.6880     -21.4174
     949     -83.2443     -17.4970
     950     -94.6783      -7.5615
     951    -103.5875     -20.0875
     952    -122.2753     -11.3598
     953    -104.0101     -12.0824
     954     -94.0248     -33.4685
     955    -114.2394     -16.3737
     956    -109.4015     -35.0131
     957    -106.7747     -25.9510
     958    -111.1527       0.1103
     959    -110.9625     -17.9119
     960    -122.8995     -16.1366
     961     -91.1155     -25.2860
     962    -119.2002      -4.9226
     963    -102.9931      -1.0393
     964    -113.8017      -7.7697
     965    -112.7089       1.2331
     966     -93.4125      -1.4322
     967     -91.2323     -15.1447
     968     -85.0507     -26.7084
     969    -112.7395      -4.6833
     970    -110.6210      -2.6133
     971    -116.5904     -17.8795
     972    -115.6750       3.1842
     973    -107.1075      -9.8546
     974     -96.6092     -13.2183
     975    -110.5525     -11.0665
     976    -114.0394      -8.5217
     977    -106.3380      -5.6319
     978     -96.5992     -13.2269
     979     -97.7736     -13.1695
     980    -114.7376     -13.0911
     981    -103.0046      -5.3377
     982    -102.9628     -20.4844
     983    -105.5587       4.6390
     984     -93.5731     -13.8577
     985     -96.3936     -17.6022
     986    -109.1230      -8.2681
     987    -111.6164     -18.0076
     988    -102.5520     -20.3990
     989    -113.9501     -12.8303
     990     -86.3366     -22.2587
     991    -106.1087     -19.4012
     992    -109.8816      -4.7678
     993     -93.3895     -15.9852
     994    -105.9594     -13.0616
     995    -114.8054     -11.4761
     996     -88.1361     -13.0719
     997     -97.5643      -9.8294
     998    -108.4275      -7.0679
     999    -129.3232      -2.0729
    1000    -112.0164     -15.6217
