#Frame        o_angle
       1      28.5613
       2      25.6983
       3      23.8130
       4      21.8196
       5      22.3352
       6      22.1843
       7      21.8506
       8      25.6735
       9      23.2551
      10      24.6356
      11      24.7825
      12      23.8921
      13      26.0794
      14      25.9263
      15      25.7703
      16      21.8791
      17      23.5016
      18      23.3338
      19      25.5273
      20      25.5873
      21      23.1900
      22      21.6384
      23      20.4961
      24      19.3172
      25      19.9800
      26      19.2954
      27      19.7691
      28      19.3267
      29      23.4983
      30      23.2943
      31      22.5637
      32      21.5030
      33      24.6067
      34      21.2208
      35      22.6926
      36      24.4735
      37      22.4645
      38      18.8559
      39      21.6473
      40      22.9683
      41      26.9185
      42      27.1333
      43      23.3802
      44      22.3960
      45      24.5106
      46      19.4672
      47      23.7299
      48      21.6259
      49      20.9282
      50      17.0178
      51      16.7417
      52      16.4954
      53      17.1416
      54      18.1046
      55      16.4911
      56      24.0054
      57      17.6527
      58      22.3807
      59      17.7015
      60      18.4961
      61      16.2887
      62      18.6580
      63      17.0475
      64      21.2289
      65      17.6917
      66      16.8852
      67      22.1192
      68      19.4818
      69      17.6582
      70      19.1920
      71      18.3116
      72      22.6766
      73      20.5641
      74      22.5922
      75      22.9272
      76      21.2152
      77      22.6390
      78      19.9387
      79      23.3021
      80      20.0446
      81      20.2979
      82      26.2586
      83      24.3276
      84      23.5192
      85      22.7593
      86      20.7657
      87      23.2804
      88      23.3666
      89      19.4835
      90      21.7616
      91      22.6987
      92      20.3287
      93      24.9899
      94      21.0975
      95      25.1548
      96      26.4463
      97      28.9636
      98      31.5062
      99      28.9149
     100      25.0568
     101      27.1564
     102      29.9877
     103      27.8532
     104      31.5631
     105      32.1003
     106      32.1468
     107      29.9149
     108      25.9972
     109      27.1295
     110      26.0726
     111      27.3979
     112      27.8181
     113      25.4004
     114      31.4190
     115      27.1756
     116      32.2177
     117      27.8301
     118      26.8739
     119      19.5094
     120      21.9332
     121      16.6788
     122      21.6792
     123      23.6914
     124      21.8885
     125      23.1771
     126      23.6156
     127      24.4312
     128      21.6430
     129      20.3314
     130      23.3641
     131      26.9974
     132      25.7826
     133      28.0973
     134      26.6170
     135      27.1148
     136      24.9718
     137      25.9532
     138      25.6192
     139      25.9330
     140      23.2160
     141      25.4986
     142      23.6272
     143      29.4794
     144      29.8587
     145      24.5599
     146      24.8567
     147      26.5797
     148      27.0603
     149      20.5387
     150      19.5745
     151      24.3274
     152      20.8574
     153      19.8758
     154      22.8696
     155      18.7357
     156      20.9022
     157      20.0187
     158      19.1867
     159      21.5750
     160      19.5946
     161      19.2827
     162      17.7022
     163      18.4649
     164      22.5312
     165      21.4571
     166      20.8455
     167      22.1059
     168      25.2909
     169      25.1069
     170      25.7955
     171      20.4197
     172      17.7232
     173      18.6800
     174      24.0130
     175      22.2483
     176      21.0146
     177      25.7403
     178      19.7829
     179      18.6553
     180      21.9560
     181      22.8775
     182      22.6944
     183      25.3880
     184      19.7359
     185      19.5457
     186      19.2113
     187      19.3485
     188      20.5548
     189      25.6506
     190      20.2149
     191      22.0582
     192      25.9649
     193      24.7085
     194      26.3890
     195      23.3366
     196      21.2904
     197      20.2889
     198      27.6916
     199      25.3338
     200      23.5847
     201      23.4331
     202      18.7575
     203      20.1315
     204      24.1218
     205      23.1343
     206      21.6527
     207      24.1463
     208      20.4151
     209      22.9355
     210      23.1226
     211      20.4198
     212      23.4787
     213      19.7082
     214      21.0624
     215      26.2382
     216      24.2686
     217      21.2111
     218      16.0299
     219      20.9196
     220      25.6275
     221      17.8554
     222      24.9070
     223      26.0984
     224      22.0020
     225      19.3141
     226      25.3137
     227      21.7448
     228      21.1611
     229      22.2794
     230      14.0070
     231      23.4055
     232      22.4685
     233      24.7530
     234      21.2497
     235      17.2070
     236      21.3860
     237      18.2025
     238      20.2982
     239      17.2609
     240      19.5831
     241      27.3550
     242      22.0218
     243      24.3655
     244      20.0446
     245      15.9659
     246      19.4634
     247      19.2429
     248      21.0849
     249      21.1318
     250      21.0228
     251      19.8781
     252      16.6350
     253      21.9177
     254      19.0615
     255      19.5589
     256      18.4374
     257      21.0611
     258      23.9842
     259      20.7973
     260      28.8736
     261      21.9801
     262      21.5096
     263      18.7167
     264      18.1905
     265      23.4646
     266      20.3277
     267      20.5948
     268      24.8038
     269      25.3134
     270      14.3547
     271      20.9274
     272      33.5110
     273      26.1054
     274      19.8155
     275      14.7784
     276      15.5622
     277      16.7981
     278      10.6383
     279      12.8672
     280       6.4246
     281      11.5734
     282       8.8797
     283      15.6713
     284      18.4866
     285       9.1216
     286      16.9043
     287      17.9511
     288      16.5657
     289      18.4713
     290      14.0538
     291      17.7036
     292      13.3895
     293      21.8945
     294      13.8030
     295      16.3611
     296      25.6719
     297      21.5184
     298      16.9058
     299      21.6755
     300      24.1200
     301      26.8847
     302      25.0201
     303      19.3362
     304      26.1312
     305      23.9487
     306      17.3655
     307      21.9905
     308      26.8375
     309      27.9072
     310      20.6670
     311      19.0446
     312      29.6248
     313      19.7107
     314      22.7594
     315      22.2617
     316      21.6203
     317      21.3473
     318      20.2173
     319      19.3450
     320      17.4480
     321      13.5524
     322      20.5565
     323      19.2118
     324      11.7955
     325      14.1406
     326      14.8278
     327      13.7506
     328      13.2845
     329      22.3488
     330      15.6669
     331      17.3521
     332      24.7798
     333      22.5386
     334      17.5065
     335      24.1764
     336      18.1848
     337      21.1788
     338      22.1489
     339      18.2308
     340      20.5721
     341      23.1217
     342      19.3346
     343      25.7903
     344      18.5099
     345      22.2821
     346      21.1283
     347      22.5287
     348      16.2682
     349      17.4154
     350      18.0329
     351      19.3552
     352      20.8371
     353      18.0715
     354      14.4764
     355      15.8586
     356      13.4098
     357      14.5005
     358      17.6471
     359      17.7850
     360       8.9491
     361      11.0562
     362      10.5505
     363       8.5621
     364       8.7072
     365      10.5617
     366      13.0793
     367      13.7936
     368      10.5123
     369      12.4406
     370       9.0410
     371       9.9459
     372      10.6023
     373      12.0918
     374      10.1195
     375      10.7688
     376      13.5147
     377      13.1748
     378      10.2329
     379       7.8570
     380      11.9069
     381       9.7427
     382      11.4064
     383      12.0060
     384      11.4675
     385      13.9225
     386      10.0474
     387      10.4120
     388      12.3910
     389       9.4290
     390       8.3756
     391      11.7711
     392      11.7535
     393      10.5648
     394      12.1822
     395      12.0132
     396      11.4348
     397      12.6352
     398      15.0840
     399      12.9684
     400      11.8004
     401      14.9714
     402      12.7773
     403      13.3756
     404      15.3461
     405      13.2791
     406      13.4375
     407      10.1274
     408      15.4574
     409      10.7369
     410      10.4285
     411       9.3920
     412      11.9581
     413      10.4785
     414      10.7973
     415      11.6684
     416      10.3453
     417      12.0797
     418      13.4620
     419      11.2937
     420      12.5998
     421       8.3276
     422      11.8050
     423       8.6888
     424       8.1115
     425      10.1328
     426      15.7798
     427      15.3241
     428      16.1778
     429      10.9911
     430      12.8882
     431      10.3892
     432      14.0693
     433      14.4415
     434      17.1358
     435      18.2439
     436      20.0429
     437      16.5563
     438      15.8103
     439      13.4640
     440      14.2589
     441      13.9709
     442      17.8237
     443      11.8174
     444      15.1708
     445      14.9697
     446      12.5361
     447      12.0502
     448      11.1828
     449      14.5823
     450      14.6511
     451      14.5988
     452      14.6330
     453      14.0750
     454      16.7050
     455      16.0478
     456      15.1302
     457      15.3569
     458      15.3151
     459      14.4014
     460      12.7894
     461      12.8200
     462      14.4072
     463      15.6950
     464      11.6625
     465      12.7381
     466      17.1471
     467      15.9664
     468      16.1904
     469      12.4385
     470      13.3390
     471      14.3106
     472      12.7570
     473      18.4871
     474      14.0593
     475      13.4784
     476       7.1628
     477      14.9243
     478      16.2434
     479      20.2908
     480      24.2145
     481      22.0714
     482      20.9080
     483      20.4475
     484      17.1389
     485      19.1822
     486      20.3500
     487      20.4345
     488      21.7763
     489      19.7434
     490      16.3762
     491      18.9462
     492      23.2375
     493      19.1663
     494      24.3316
     495      24.6379
     496      24.1103
     497      22.0596
     498      23.4888
     499      22.5854
     500      22.5577
     501      23.6271
     502      25.8170
     503      24.0875
     504      22.0350
     505      20.8608
     506      25.4486
     507      23.9550
     508      24.2609
     509      22.1937
     510      23.7752
     511      24.4794
     512      21.8981
     513      19.1938
     514      22.1721
     515      22.5878
     516      20.3449
     517      17.0749
     518      20.3592
     519      23.0382
     520      26.4858
     521      26.2327
     522      23.4180
     523      27.7156
     524      24.9190
     525      22.5173
     526      29.0430
     527      26.4435
     528      19.8831
     529      20.5141
     530      21.9839
     531      20.7574
     532      19.2442
     533      21.6110
     534      20.9737
     535      18.5759
     536      14.5824
     537      13.2959
     538       8.1789
     539       8.7635
     540       6.8645
     541       9.8822
     542       9.4766
     543      14.5038
     544      17.0822
     545       9.8043
     546      12.8271
     547      15.7701
     548      18.9424
     549      13.5731
     550      21.5221
     551      16.4439
     552      14.6687
     553      17.5987
     554      18.9015
     555      25.8230
     556      21.8986
     557      18.1957
     558      19.9746
     559      26.9073
     560      25.0997
     561      27.8579
     562      18.8278
     563      23.9421
     564      21.5783
     565      19.0441
     566      21.5749
     567      19.2465
     568      14.9146
     569      15.0085
     570      15.1579
     571      18.3541
     572      17.5914
     573      14.2876
     574      15.4066
     575      17.1716
     576      20.8357
     577      23.7603
     578      25.9797
     579      24.2732
     580      19.8116
     581      19.1095
     582      17.6444
     583      20.2789
     584      21.4697
     585      20.5173
     586      24.4353
     587      24.8091
     588      25.0549
     589      27.2257
     590      25.6472
     591      26.1950
     592      22.5341
     593      20.6151
     594      26.9882
     595      25.1331
     596      26.2407
     597      24.7671
     598      27.2848
     599      27.5696
     600      25.0774
     601      20.0365
     602      24.3736
     603      27.7047
     604      24.8635
     605      23.1389
     606      18.1524
     607      24.5092
     608      24.4170
     609      21.5800
     610      22.9385
     611      23.8741
     612      23.8800
     613      26.9079
     614      24.7274
     615      23.6922
     616      23.6179
     617      20.6441
     618      23.4355
     619      16.1060
     620      15.9821
     621      18.9869
     622      20.1487
     623      16.0153
     624      20.5843
     625      22.8208
     626      24.8099
     627      26.1160
     628      21.4062
     629      18.6638
     630      20.8262
     631      23.7926
     632      23.4966
     633      19.7356
     634      26.2750
     635      23.6761
     636      21.0258
     637      21.2021
     638      24.4598
     639      26.9055
     640      23.0176
     641      21.8387
     642      26.1058
     643      22.4174
     644      21.5420
     645      16.0452
     646      22.0833
     647      23.4589
     648      24.6712
     649      16.4049
     650      16.8926
     651      13.5103
     652      18.0019
     653      16.2765
     654      22.9310
     655      13.1386
     656      15.6877
     657      12.9375
     658      15.7805
     659      16.3197
     660      17.8034
     661      14.1034
     662      21.1867
     663      19.7482
     664      18.6550
     665      12.2022
     666      12.2025
     667      13.2773
     668      21.6363
     669      24.7832
     670      11.5558
     671      19.4504
     672      17.5428
     673      16.6847
     674      15.7393
     675      20.8658
     676      18.0382
     677      16.1272
     678      14.3154
     679      20.0273
     680      19.8724
     681      17.6568
     682      17.8684
     683      20.0589
     684      17.1574
     685      20.9211
     686      15.7985
     687      19.5179
     688      15.8523
     689      16.3929
     690      16.3307
     691      21.6873
     692      15.6797
     693      17.5313
     694      18.2050
     695      19.6668
     696      19.3052
     697      15.9779
     698      16.9321
     699      15.0698
     700      15.1473
     701      14.1636
     702      13.8674
     703      16.4182
     704      20.6602
     705      14.8473
     706      14.7573
     707      14.7018
     708      19.3842
     709      16.1866
     710      16.9958
     711      21.2472
     712      22.1879
     713      18.3047
     714      14.2931
     715      18.8145
     716      17.7792
     717      17.9792
     718      16.5224
     719      16.1474
     720      19.3943
     721      16.8433
     722      18.5216
     723      15.2815
     724      14.9663
     725      19.8477
     726      17.4263
     727      15.0412
     728      17.6852
     729      17.7134
     730      12.5628
     731      11.0101
     732      17.2407
     733      19.7261
     734      19.6561
     735      21.8127
     736      25.6239
     737      19.7076
     738      21.9743
     739      17.7001
     740      20.8357
     741      20.3761
     742      20.1816
     743      17.7749
     744      21.1233
     745      20.6997
     746      18.5020
     747      19.8588
     748      14.8306
     749      13.0540
     750      16.7303
     751      20.5816
     752      18.9209
     753      24.1220
     754      22.3950
     755      19.9642
     756      21.1167
     757      17.1161
     758      17.4795
     759      16.8470
     760      20.8651
     761      23.6649
     762      23.4207
     763      19.7688
     764      21.9826
     765      16.1003
     766      19.7291
     767      16.1290
     768      18.3942
     769      18.8533
     770      20.6279
     771      19.2127
     772      24.6133
     773      21.2748
     774      18.9524
     775      17.3255
     776      17.2783
     777      17.1312
     778      20.2194
     779      19.8278
     780      13.8265
     781      19.3730
     782      19.7703
     783      16.8778
     784      19.6580
     785      18.3004
     786      18.0490
     787      15.5788
     788      18.5189
     789      16.1289
     790      16.4144
     791      15.9391
     792      22.6840
     793      23.8525
     794      21.4886
     795      25.0384
     796      19.3041
     797      21.8474
     798      18.3738
     799      22.4219
     800      21.8944
     801      14.8638
     802      17.9638
     803      21.1364
     804      19.0491
     805      25.8036
     806      19.0307
     807      18.3489
     808      22.5973
     809      22.1804
     810      20.5767
     811      19.2042
     812      18.9766
     813      21.1301
     814      21.9110
     815      25.2127
     816      17.1009
     817      20.9239
     818      19.0212
     819      18.9541
     820      22.4377
     821      19.3317
     822      18.5649
     823      19.5430
     824      19.5980
     825      23.4853
     826      22.0686
     827      21.8155
     828      22.3797
     829      19.9636
     830      19.7306
     831      18.4305
     832      12.7174
     833      16.4233
     834      18.3862
     835      19.3707
     836      18.0208
     837      20.7881
     838      21.8488
     839      18.7587
     840      19.2602
     841      26.6862
     842      18.9048
     843      21.0102
     844      20.0756
     845      20.0480
     846      22.1504
     847      19.7497
     848      19.3343
     849      20.3859
     850      21.7541
     851      17.1719
     852      22.3293
     853      16.5560
     854      14.6078
     855      18.5129
     856      15.4866
     857      19.1908
     858      18.4331
     859      21.9255
     860      19.5367
     861      17.7022
     862      18.6738
     863      21.5198
     864      23.8651
     865      16.2254
     866      18.7764
     867      18.2383
     868      19.3640
     869      20.7912
     870      18.6219
     871      23.9284
     872      19.3642
     873      17.4959
     874      17.1105
     875      18.0155
     876      18.7502
     877      19.7306
     878      17.3260
     879      16.1118
     880      19.7802
     881      21.1726
     882      19.9471
     883      19.4190
     884      18.8734
     885      19.1701
     886      17.0628
     887      18.9665
     888      19.8160
     889      17.5174
     890      16.3503
     891      18.4021
     892      17.0101
     893      21.4674
     894      17.8034
     895      19.3511
     896      19.0359
     897      18.0018
     898      17.7160
     899      19.0945
     900      14.7998
     901      15.8300
     902      24.8873
     903      22.2530
     904      23.7498
     905      24.3829
     906      23.6639
     907      14.6839
     908      18.6870
     909      21.6448
     910      26.4671
     911      17.2722
     912      20.4347
     913      24.4861
     914      17.6850
     915      17.2979
     916      18.5134
     917      20.5849
     918      17.1223
     919      17.8061
     920      20.1028
     921      19.1199
     922      19.8803
     923      19.0449
     924      18.6847
     925      16.6542
     926      23.1994
     927      20.0741
     928      19.3755
     929      20.0965
     930      19.2888
     931      19.6563
     932      20.0073
     933      21.3839
     934      17.9631
     935      18.5513
     936      19.2475
     937      15.4413
     938      15.1012
     939      16.0624
     940      15.6118
     941      14.8154
     942      15.1336
     943      15.6532
     944      15.7788
     945      20.1996
     946      15.8011
     947      17.3523
     948      15.5749
     949      15.6090
     950      19.2704
     951      16.3388
     952      19.2519
     953      13.9217
     954      12.3593
     955      14.7256
     956      18.9902
     957      15.2019
     958      20.9507
     959      21.0602
     960      24.1903
     961      22.0018
     962      15.9938
     963      19.2976
     964      18.3312
     965      17.0396
     966      16.4324
     967      19.0605
     968      16.1933
     969      17.8300
     970      18.1827
     971      18.6509
     972      17.9833
     973      16.5659
     974      16.4513
     975      20.1467
     976      17.4323
     977      18.8113
     978      18.2080
     979      17.5041
     980      17.9201
     981      21.5582
     982      22.1528
     983      18.1418
     984      24.2273
     985      26.0013
     986      21.5464
     987      22.0180
     988      21.6460
     989      21.9212
     990      21.9634
     991      20.8854
     992      17.9614
     993      17.6555
     994      14.0474
     995      22.8246
     996      15.0774
     997      14.9779
     998      18.4920
     999      18.9181
    1000      22.6740
