#Frame      RoG_00004 RoG_00004[Max]
       1      17.1087        30.3654
       2      17.0259        30.4181
       3      16.9848        29.5471
       4      17.0093        30.6186
       5      17.0230        31.3824
       6      16.6520        30.7521
       7      17.0009        29.7630
       8      16.9879        29.3589
       9      17.0707        30.7596
      10      17.0774        30.5179
      11      16.8971        30.1893
      12      16.9528        29.7567
      13      16.8482        30.8960
      14      16.7497        28.7882
      15      16.8627        30.8871
      16      16.7505        29.2769
      17      16.9735        32.9418
      18      16.9014        31.9404
      19      17.1214        32.7662
      20      16.9671        30.4656
      21      16.8766        31.0878
      22      16.7618        30.5490
      23      17.0262        31.8522
      24      16.8718        31.8724
      25      17.0330        30.1058
      26      16.9158        29.5369
      27      16.9284        29.4794
      28      17.0226        31.6084
      29      16.9175        30.6104
      30      16.9766        30.0898
      31      16.8877        30.7506
      32      16.9200        31.2988
      33      17.0536        30.3736
      34      17.0000        30.8258
      35      16.9678        30.1819
      36      16.7280        29.7571
      37      16.9044        30.6922
      38      16.9718        31.0563
      39      16.9806        30.9057
      40      16.8904        29.5638
      41      16.9554        30.8238
      42      16.9561        30.1697
      43      16.8035        29.5197
      44      16.8325        30.9236
      45      16.9411        30.5360
      46      17.1052        30.6174
      47      16.9963        30.3377
      48      16.8267        30.2802
      49      16.9817        29.6355
      50      17.0340        29.8917
      51      16.9475        29.2523
      52      17.0041        29.5854
      53      17.1238        31.5888
      54      17.0617        30.1549
      55      16.9575        29.1241
      56      16.7711        30.4434
      57      16.8308        29.9134
      58      17.1262        30.1223
      59      17.1240        29.4963
      60      16.9283        29.7894
      61      17.1111        29.2205
      62      16.9998        30.4305
      63      16.9876        29.4149
      64      16.9367        29.1892
      65      17.0113        30.1157
      66      16.9782        29.7486
      67      16.9991        30.1403
      68      16.9466        31.1730
      69      16.9912        29.5451
      70      16.8834        29.8626
      71      17.0052        30.5069
      72      17.0448        29.5768
      73      16.9996        29.6690
      74      17.1375        30.0353
      75      16.9609        29.2223
      76      17.0448        30.0662
      77      17.1198        30.1442
      78      16.9543        29.5207
      79      17.1196        29.7160
      80      17.0662        29.7336
      81      17.0664        29.8501
      82      17.1474        29.8510
      83      16.8996        30.9957
      84      16.9588        31.7894
      85      17.0538        31.0320
      86      16.9569        30.4881
      87      16.9266        30.6157
      88      16.9391        31.2491
      89      16.8086        29.9086
      90      16.7509        28.7554
      91      16.9033        28.9363
      92      16.9083        29.2795
      93      16.8594        30.6624
      94      16.8697        29.4631
      95      17.0352        29.1798
      96      17.0051        30.5830
      97      16.8924        28.9747
      98      16.8654        29.3188
      99      16.6525        28.8045
     100      16.8680        31.2297
     101      16.8776        29.0177
     102      16.8422        29.4511
     103      16.8627        31.3758
     104      16.8293        30.8761
     105      16.8788        29.0965
     106      16.9952        29.4009
     107      16.9632        31.0925
     108      16.9408        32.5234
     109      16.9646        29.1442
     110      17.0753        29.3459
     111      16.8771        30.8030
     112      17.0037        29.6606
     113      16.8656        30.4509
     114      17.0878        31.2262
     115      17.0332        30.5393
     116      17.1446        29.9264
     117      17.0948        31.2776
     118      17.1081        30.1679
     119      17.0149        30.0297
     120      16.9162        29.4338
     121      17.1597        30.8742
     122      17.1312        31.0319
     123      17.0945        31.2642
     124      17.1800        30.9042
     125      16.8822        29.1691
     126      16.9312        29.4290
     127      17.0377        30.1336
     128      17.0442        31.4439
     129      16.9992        30.3774
     130      16.9339        30.0690
     131      17.2248        30.8680
     132      17.0124        30.1853
     133      17.1182        31.0872
     134      17.0717        31.3340
     135      17.0548        30.7618
     136      17.0036        30.8155
     137      16.9578        30.4276
     138      16.9747        30.2844
     139      16.9409        29.9505
     140      17.2580        30.5103
     141      17.0339        29.8409
     142      17.0669        29.5033
     143      16.9974        30.3630
     144      17.0817        32.6057
     145      17.0973        31.0624
     146      17.0713        30.5952
     147      17.1053        30.6997
     148      16.8461        29.5269
     149      17.0233        30.3298
     150      16.9734        29.9191
     151      16.9501        29.1500
     152      17.0883        29.9882
     153      17.0260        31.8171
     154      16.9721        29.5144
     155      17.1085        29.4104
     156      17.2675        32.5859
     157      17.1904        30.1249
     158      17.1465        29.7660
     159      17.1928        31.1683
     160      17.0879        31.1732
     161      17.0242        31.2504
     162      17.0203        31.0090
     163      17.0188        30.0882
     164      17.2125        31.5190
     165      17.1074        29.8849
     166      17.1067        29.9056
     167      17.1146        31.7644
     168      16.8643        29.4827
     169      17.0388        30.0993
     170      17.0100        31.4797
     171      16.9439        30.4107
     172      16.9635        30.6234
     173      17.0949        30.7046
     174      16.9728        30.9620
     175      17.1927        30.5894
     176      17.1246        30.2968
     177      17.1048        30.6919
     178      16.9711        31.3457
     179      17.0844        29.7647
     180      17.0072        31.0845
     181      16.8923        30.2689
     182      16.9394        30.8855
     183      16.9942        31.0503
     184      16.9996        30.7013
     185      17.0258        31.2594
     186      17.0708        30.5422
     187      16.9192        31.1014
     188      16.8957        31.3858
     189      16.7291        30.2002
     190      16.9576        31.1155
     191      16.9452        30.4348
     192      16.9159        31.4910
     193      16.8974        30.4400
     194      16.8890        30.6188
     195      16.9381        30.8464
     196      17.1356        29.4272
     197      17.1491        30.7428
     198      17.0633        30.4190
     199      16.8392        31.6515
     200      17.1474        31.8974
     201      17.0605        30.8921
     202      16.9737        31.5243
     203      17.0701        31.4270
     204      16.8845        30.1807
     205      16.9511        30.7204
     206      16.9900        30.0984
     207      17.1143        30.7485
     208      16.9872        29.6347
     209      17.0391        30.1301
     210      16.8302        28.6754
     211      16.9375        29.2485
     212      17.0796        29.9296
     213      16.9537        29.7551
     214      16.9322        30.5746
     215      16.8727        29.4368
     216      16.8469        29.6073
     217      17.0903        29.6978
     218      17.0795        29.7491
     219      17.0348        30.0816
     220      17.0299        31.2579
     221      17.0980        32.0365
     222      17.0008        29.5621
     223      17.2292        30.0256
     224      17.0112        29.5698
     225      17.0562        30.9619
     226      17.2225        31.5544
     227      17.1280        31.4314
     228      17.0835        31.5517
     229      17.0654        31.5072
     230      17.0765        32.2947
     231      17.2449        30.4836
     232      17.1178        31.0008
     233      17.1019        31.2101
     234      16.9732        29.8129
     235      17.0023        31.1587
     236      17.1931        31.5234
     237      17.1576        30.3927
     238      17.2097        30.9094
     239      17.1852        31.2994
     240      17.0984        30.3575
     241      17.1813        30.8959
     242      17.1980        32.1339
     243      16.9597        30.1558
     244      17.1172        29.5002
     245      17.1641        30.0561
     246      17.1907        30.0491
     247      17.0467        29.7493
     248      17.0922        30.4784
     249      17.0392        30.1332
     250      17.1036        29.9239
     251      17.0711        30.6266
     252      17.0321        30.1535
     253      17.1068        30.7168
     254      17.1342        30.0004
     255      17.1271        31.5464
     256      17.0695        29.9827
     257      17.1106        30.0736
     258      16.9887        31.3070
     259      17.0196        30.5276
     260      17.0563        29.6532
     261      16.9794        29.4796
     262      17.1216        29.8172
     263      17.1555        29.8850
     264      17.2267        30.0783
     265      17.3468        31.0644
     266      17.0096        30.1392
     267      16.8977        29.9645
     268      17.0979        32.4056
     269      17.1493        31.2943
     270      17.0712        30.9455
     271      17.0732        30.3397
     272      17.0297        30.1763
     273      17.0866        32.1586
     274      17.1675        31.1245
     275      17.1429        32.0140
     276      17.0522        31.4537
     277      17.0760        30.0273
     278      17.1042        29.7110
     279      17.1372        31.6445
     280      17.1386        31.8481
     281      17.0457        32.4778
     282      17.0852        31.3399
     283      17.0041        30.2873
     284      16.9686        31.9529
     285      17.1542        30.8435
     286      17.1689        29.9078
     287      17.0979        31.6657
     288      17.0060        29.3895
     289      17.0499        31.1062
     290      16.8960        29.9448
     291      17.0872        30.7961
     292      17.0400        29.8400
     293      17.1200        30.1250
     294      17.1221        29.6737
     295      17.0969        30.0807
     296      17.2723        32.0365
     297      17.2224        31.5677
     298      17.3636        30.5112
     299      17.3282        31.6322
     300      17.1274        31.3012
     301      17.0064        28.7546
     302      17.1413        31.0709
     303      16.9779        30.0297
     304      16.9928        29.0877
     305      17.0232        30.3481
     306      17.0562        30.3072
     307      17.0777        31.9384
     308      17.0041        30.9754
     309      17.0939        30.0078
     310      17.0742        29.6498
     311      17.0300        30.7100
     312      17.1714        30.3993
     313      16.9530        30.8234
     314      17.0334        29.9840
     315      16.9575        28.8023
     316      17.1166        29.9228
     317      16.9883        29.9826
     318      16.9722        28.9896
     319      17.0084        29.0933
     320      16.9978        29.0931
     321      17.2680        30.0912
     322      17.0911        29.8057
     323      17.0718        30.4610
     324      17.1125        29.6622
     325      16.9556        30.1339
     326      17.0555        30.5201
     327      17.1636        31.1619
     328      16.9819        30.9395
     329      16.9905        30.8192
     330      16.8113        30.2086
     331      17.0279        30.5959
     332      17.1650        30.6282
     333      16.9776        30.6908
     334      17.1290        31.7676
     335      17.1238        30.5972
     336      17.1383        31.5710
     337      17.2035        30.6621
     338      16.9931        31.6482
     339      16.9166        29.9414
     340      17.0155        30.4531
     341      17.1000        30.4110
     342      17.0050        30.4202
     343      16.9945        32.3361
     344      16.9119        30.9500
     345      17.0122        30.5742
     346      16.7416        30.2875
     347      17.1080        30.0797
     348      16.9827        30.7344
     349      17.1531        29.5947
     350      17.0492        29.8053
     351      17.1559        31.5888
     352      16.9313        31.3753
     353      17.1220        30.2749
     354      17.0431        31.7076
     355      16.8184        30.1139
     356      16.8650        30.5009
     357      16.9827        30.0352
     358      17.0059        30.7722
     359      16.9856        30.8512
     360      17.1738        31.1125
     361      17.0599        30.7096
     362      17.1001        30.8291
     363      17.1965        30.5901
     364      17.0736        31.3025
     365      17.2551        32.0608
     366      17.1076        30.6128
     367      16.9887        31.7456
     368      17.0996        31.4105
     369      17.0461        30.9208
     370      17.0235        30.8247
     371      17.1050        30.5472
     372      16.9860        29.9616
     373      17.1707        31.0448
     374      16.9356        29.2514
     375      16.9354        29.2043
     376      16.8709        29.3699
     377      17.0141        31.0622
     378      17.0218        30.5996
     379      17.0291        30.5982
     380      17.0558        29.9945
     381      17.1342        31.5842
     382      17.2211        31.0160
     383      16.9921        31.1888
     384      17.0668        29.9016
     385      17.0510        30.7751
     386      17.0794        30.4072
     387      17.1486        30.5267
     388      16.9736        30.5268
     389      16.9380        29.3006
     390      17.0567        29.9196
     391      16.9651        30.2765
     392      17.0464        31.4842
     393      17.0532        31.2159
     394      17.0774        29.9723
     395      16.9703        29.1178
     396      16.8270        30.6215
     397      16.8530        31.5856
     398      17.1757        31.0212
     399      16.9798        29.8437
     400      17.0310        30.7382
     401      16.9917        30.4030
     402      16.9995        30.1988
     403      16.8539        29.3304
     404      17.5117        31.1443
     405      17.1958        29.8866
     406      17.1883        30.0041
     407      17.0276        30.7380
     408      17.0765        30.4796
     409      17.1714        32.3337
     410      17.0332        31.6263
     411      16.9544        32.1266
     412      16.9156        31.1814
     413      17.1641        30.5728
     414      17.2301        32.2190
     415      17.3297        30.8645
     416      17.3174        31.2178
     417      17.0500        30.5192
     418      17.0548        31.0461
     419      17.2511        31.8264
     420      17.3130        31.4494
     421      16.8780        29.4779
     422      16.9899        29.9157
     423      17.0608        30.7434
     424      17.1859        30.2622
     425      16.9542        31.1674
     426      17.0333        29.8353
     427      16.9756        30.1737
     428      16.9966        30.3442
     429      16.9902        30.8948
     430      16.9829        30.2066
     431      17.1320        30.4586
     432      16.9937        29.2552
     433      16.9292        29.5330
     434      16.9849        30.4124
     435      17.1115        30.2656
     436      16.9390        30.2491
     437      16.9090        30.7481
     438      17.1499        31.5879
     439      17.0995        29.7991
     440      16.9344        29.5728
     441      16.9056        29.6642
     442      16.8537        29.8834
     443      17.2319        30.2830
     444      16.8990        29.7725
     445      17.0311        30.1015
     446      16.8780        30.2730
     447      16.8327        29.7467
     448      17.0585        31.4508
     449      16.9852        31.6090
     450      17.0041        31.1238
     451      17.0017        30.3418
     452      17.2789        32.0402
     453      17.0835        29.3686
     454      16.9037        30.1517
     455      17.0012        29.9319
     456      17.0357        30.0481
     457      16.8621        29.8762
     458      16.7873        28.7677
     459      17.0013        29.6798
     460      17.1718        30.5343
     461      17.2108        30.9772
     462      17.1684        29.9540
     463      17.1174        30.2851
     464      16.9151        29.2719
     465      16.9864        29.1643
     466      16.9539        29.1388
     467      17.0446        29.8549
     468      17.1527        30.2412
     469      16.9308        29.6344
     470      16.9968        30.8851
     471      17.1023        30.3224
     472      16.9341        30.7094
     473      16.9896        31.5170
     474      17.0490        31.6262
     475      17.1859        31.8252
     476      16.9569        29.4977
     477      16.8703        30.3404
     478      16.9661        29.7195
     479      16.9860        29.7077
     480      17.0231        30.1450
     481      16.8599        29.4295
     482      17.0033        29.3255
     483      17.1623        29.7058
     484      16.9681        29.9616
     485      16.9165        29.5699
     486      17.0066        30.9353
     487      17.1012        31.7968
     488      16.9463        31.4531
     489      16.9392        31.5526
     490      17.1543        30.8382
     491      16.9879        30.9085
     492      16.9584        30.9259
     493      17.0832        29.7561
     494      17.0641        30.8578
     495      17.1761        31.1297
     496      17.1286        31.4223
     497      17.0258        30.9125
     498      16.9114        30.8794
     499      17.1020        31.2283
     500      16.8897        31.0818
     501      17.1784        31.2837
     502      16.9268        29.5331
     503      17.0696        30.1569
     504      17.0656        31.1339
     505      16.9203        30.4252
     506      16.9891        29.1964
     507      17.0568        29.6481
     508      16.8816        29.3059
     509      16.9737        30.0003
     510      17.0980        30.1854
     511      17.1818        30.9459
     512      17.1088        30.6651
     513      16.9102        31.9105
     514      16.9739        29.3461
     515      17.1949        31.8591
     516      17.1092        31.6232
     517      16.8831        29.6767
     518      17.0005        31.1807
     519      17.0333        31.5648
     520      16.9846        31.5403
     521      17.0920        31.0307
     522      16.9510        29.5856
     523      17.1078        29.9905
     524      17.0475        30.0896
     525      17.1697        30.0440
     526      16.9946        29.4595
     527      16.9564        30.1863
     528      16.8431        30.5173
     529      16.9984        31.2847
     530      16.9102        30.6977
     531      17.1480        30.3358
     532      17.1530        29.9541
     533      16.9524        29.5845
     534      17.0804        30.5953
     535      17.0167        29.6142
     536      17.1109        30.8071
     537      17.0619        30.9121
     538      17.0540        30.9993
     539      17.1440        31.0430
     540      17.1315        31.6256
     541      17.1386        32.4140
     542      17.1340        30.0313
     543      17.0820        30.1291
     544      17.1025        30.8269
     545      17.1138        31.1978
     546      17.0057        29.4131
     547      16.9778        30.1585
     548      17.0713        30.0345
     549      16.8994        30.6333
     550      16.9189        29.3493
     551      17.1137        31.6764
     552      17.1533        30.8265
     553      16.9061        30.6772
     554      16.9299        30.1681
     555      17.0707        30.5254
     556      17.0152        31.0554
     557      17.0691        31.2355
     558      17.0908        29.5413
     559      17.3201        30.7806
     560      17.1768        31.8510
     561      17.1595        31.0072
     562      17.0184        31.1359
     563      17.2532        32.4674
     564      17.1652        32.2758
     565      17.1665        30.6263
     566      17.0199        29.5237
     567      17.0555        30.4840
     568      17.0219        30.5730
     569      17.1256        30.1054
     570      16.9170        29.7856
     571      17.0984        31.5389
     572      17.0231        32.1544
     573      17.0309        31.6943
     574      17.1307        30.3115
     575      16.9036        29.3221
     576      17.0384        31.2500
     577      17.0197        30.0107
     578      16.8836        30.6809
     579      17.0542        30.1171
     580      17.1540        30.7256
     581      16.8874        30.5116
     582      17.1204        30.6801
     583      17.1197        29.7001
     584      16.9672        29.2186
     585      16.7922        30.1844
     586      16.8373        30.2272
     587      16.9138        30.4816
     588      16.8989        30.2051
     589      16.9978        31.3606
     590      16.8547        29.0995
     591      17.0420        28.8907
     592      16.8685        30.8127
     593      17.0481        29.0556
     594      17.0702        31.5796
     595      16.9602        29.5739
     596      16.9557        30.5810
     597      16.9904        30.9401
     598      17.0249        31.4250
     599      16.9672        29.7349
     600      16.9965        30.1883
     601      16.9596        30.3267
     602      17.0560        29.8668
     603      17.0057        30.0355
     604      16.9964        30.4469
     605      16.9885        30.5363
     606      17.1443        31.0837
     607      16.9999        31.1273
     608      17.0488        30.2835
     609      17.0723        30.9655
     610      17.0062        29.9780
     611      17.1752        30.5195
     612      16.9742        31.0710
     613      17.1065        31.3181
     614      17.1908        30.7685
     615      16.9737        29.9030
     616      17.2544        29.9953
     617      17.0404        30.3727
     618      16.9693        30.3112
     619      16.9686        31.4752
     620      16.9136        28.8825
     621      17.0437        30.5229
     622      17.0017        31.0144
     623      17.0269        30.4559
     624      17.0138        29.9153
     625      17.0675        29.4916
     626      17.0136        30.6798
     627      17.0665        31.8174
     628      17.0189        31.8564
     629      17.0584        30.1651
     630      17.0211        29.7897
     631      16.9665        29.2033
     632      17.1341        30.7604
     633      16.9549        29.6938
     634      17.0316        29.4756
     635      16.9967        29.1506
     636      16.9414        29.5618
     637      17.1248        31.4225
     638      16.9859        29.1223
     639      16.9797        29.4152
     640      17.0155        29.7421
     641      17.1141        29.4036
     642      17.0236        29.6432
     643      17.0457        30.4150
     644      16.9357        30.2661
     645      16.9133        30.9905
     646      16.8645        30.0656
     647      17.0233        29.5388
     648      17.0825        29.2793
     649      16.9316        29.5701
     650      17.0811        30.4676
     651      16.8591        29.8555
     652      17.1872        30.9256
     653      17.0927        29.4375
     654      16.9477        30.6405
     655      16.9879        30.9971
     656      16.9280        29.2595
     657      17.0092        29.7804
     658      16.9146        29.3188
     659      16.9506        29.3583
     660      16.9212        29.6790
     661      16.9350        29.5078
     662      17.0222        31.2133
     663      17.0457        31.5272
     664      16.9743        30.0552
     665      17.0255        31.7070
     666      17.1069        31.4255
     667      17.0174        30.0568
     668      17.0616        29.7450
     669      16.9541        29.6313
     670      17.0618        30.8421
     671      16.9869        30.5583
     672      16.8298        31.0453
     673      16.9487        30.1614
     674      17.0608        31.5036
     675      17.0964        29.6197
     676      16.9467        31.6800
     677      16.9584        30.4318
     678      17.0375        30.5615
     679      17.0501        29.1851
     680      17.0782        30.2849
     681      16.9366        30.6825
     682      17.0535        30.7842
     683      17.0553        29.6615
     684      17.0808        29.9127
     685      16.9700        30.4696
     686      17.0894        30.2807
     687      17.0616        30.8333
     688      17.2292        30.9209
     689      17.1255        30.7986
     690      17.1119        30.0999
     691      17.1936        31.2792
     692      17.1659        30.2628
     693      17.0915        29.6759
     694      17.1552        29.9838
     695      16.9601        29.2290
     696      16.8831        29.7723
     697      16.9045        29.5022
     698      17.0601        31.0324
     699      17.1905        31.8317
     700      17.1793        31.7968
     701      16.9604        29.6443
     702      17.0832        30.2526
     703      16.9857        30.8726
     704      17.1777        30.1770
     705      16.9845        29.4308
     706      17.1552        29.9160
     707      17.0414        30.5431
     708      16.9253        30.9499
     709      17.1571        30.2483
     710      16.8437        30.0069
     711      17.0142        29.8654
     712      17.0545        30.7654
     713      17.1340        29.5895
     714      17.2817        30.3832
     715      17.2668        30.7935
     716      17.1809        31.2738
     717      17.1805        30.0350
     718      17.0654        29.9306
     719      17.0939        31.1184
     720      17.1817        30.8592
     721      17.0192        29.6557
     722      17.0742        30.7713
     723      17.0515        29.6427
     724      17.1885        31.7495
     725      17.0041        31.3831
     726      16.9271        30.0103
     727      17.0628        31.0651
     728      17.0475        30.3006
     729      17.0171        30.2391
     730      17.0257        30.7477
     731      17.0250        30.5793
     732      16.9991        29.7972
     733      17.0235        29.3287
     734      16.9562        30.4272
     735      17.0905        29.8197
     736      17.0993        29.1676
     737      17.0631        29.2564
     738      17.0726        30.2063
     739      16.9366        31.2426
     740      16.9765        30.6878
     741      16.9805        31.1210
     742      16.9809        31.2898
     743      17.0089        29.5583
     744      17.0755        30.1317
     745      17.0462        29.9197
     746      17.1025        30.8319
     747      17.1255        29.1783
     748      17.0772        30.8339
     749      17.0002        30.2273
     750      17.0964        31.3640
     751      17.1303        32.1884
     752      17.1545        31.3083
     753      17.0488        32.4142
     754      17.1094        30.2346
     755      17.0146        30.9509
     756      17.0678        31.0478
     757      17.1669        31.3281
     758      17.2941        29.5103
     759      17.0083        31.5452
     760      17.0699        30.0344
     761      17.0958        32.1472
     762      17.0381        31.9693
     763      16.9725        30.7876
     764      17.1567        31.6784
     765      17.0785        28.9740
     766      17.0221        29.4245
     767      17.1226        30.3589
     768      17.1955        31.0717
     769      17.0286        31.5127
     770      17.1403        32.0300
     771      17.0499        29.3608
     772      16.9631        30.3245
     773      17.0659        31.5397
     774      17.1271        30.3998
     775      17.1982        31.3052
     776      17.0564        29.9952
     777      17.0623        30.2088
     778      17.2331        30.6589
     779      17.1584        30.5128
     780      17.1052        29.6574
     781      17.2199        30.1332
     782      17.1850        31.4587
     783      17.0863        31.7243
     784      17.0733        29.9415
     785      17.0148        30.6628
     786      16.9906        31.9771
     787      17.1107        31.4955
     788      17.2361        31.4654
     789      17.3393        31.7454
     790      17.0908        29.7785
     791      17.2058        29.9926
     792      17.0391        29.6889
     793      16.9593        31.4981
     794      17.0476        29.4516
     795      17.0168        30.0734
     796      16.9556        29.9539
     797      17.0366        29.3569
     798      16.9590        28.9576
     799      17.1576        29.6046
     800      16.9783        28.8393
     801      17.0012        29.2247
     802      17.0708        32.2892
     803      17.1551        30.8919
     804      17.1048        30.7209
     805      17.0350        29.8621
     806      17.0948        31.9010
     807      17.0146        30.7068
     808      16.9930        31.2377
     809      17.0379        32.2641
     810      17.0049        31.3377
     811      17.0772        29.2472
     812      16.8635        29.2981
     813      16.7722        28.7538
     814      16.7784        30.4522
     815      16.9469        31.2065
     816      17.1190        30.3521
     817      16.9332        29.3707
     818      16.9919        29.5399
     819      17.1048        29.5263
     820      17.0152        30.7296
     821      17.0802        32.6048
     822      16.9977        30.4112
     823      17.0185        28.9586
     824      17.1683        30.6546
     825      17.0262        31.0579
     826      16.9661        30.5472
     827      17.1735        31.0488
     828      17.0901        31.6262
     829      17.1084        31.2414
     830      17.0293        32.0880
     831      17.0603        30.4321
     832      16.9929        31.6736
     833      17.1983        33.0337
     834      16.8991        29.9585
     835      17.0196        33.2918
     836      17.1051        31.9813
     837      16.9860        31.4031
     838      17.0139        31.1848
     839      17.1191        31.4084
     840      17.0138        32.3806
     841      17.2373        31.7083
     842      17.0533        32.3670
     843      17.1126        31.1858
     844      16.9432        31.7752
     845      16.9699        31.5313
     846      17.0077        30.6885
     847      17.1492        31.6196
     848      17.1775        31.6967
     849      17.2728        30.6837
     850      17.1078        31.4770
     851      17.2232        31.2250
     852      17.1346        31.1420
     853      17.0719        29.8142
     854      16.9868        31.0552
     855      17.2000        30.4898
     856      16.8569        30.7642
     857      17.1296        31.4496
     858      17.1282        31.4428
     859      16.9419        30.6083
     860      17.0306        31.1030
     861      17.0918        32.0011
     862      16.9756        31.3839
     863      17.0427        30.3478
     864      17.1281        29.9712
     865      16.9447        29.3195
     866      17.0378        31.7791
     867      16.9299        31.2401
     868      17.0350        29.3392
     869      17.0766        29.9377
     870      17.0856        31.4226
     871      17.0258        29.7196
     872      17.0367        31.0489
     873      17.0380        30.1098
     874      17.3409        32.9468
     875      17.1323        30.2789
     876      17.2487        31.1927
     877      16.9155        29.2711
     878      16.9931        30.6204
     879      16.9709        30.6071
     880      16.9963        31.3485
     881      17.0181        31.4832
     882      17.1468        32.0062
     883      17.2088        30.5438
     884      17.1182        29.9140
     885      17.1222        30.0498
     886      16.9674        30.9665
     887      17.0991        30.2102
     888      17.0223        30.0142
     889      17.2487        32.1736
     890      17.0004        30.0346
     891      17.0824        30.5929
     892      16.8866        29.0066
     893      16.9717        30.4736
     894      16.9569        30.3515
     895      16.9418        30.5718
     896      17.0133        29.6842
     897      17.0099        33.5420
     898      17.0565        30.3408
     899      16.9652        30.9661
     900      17.1505        29.7427
     901      16.8246        30.8302
     902      16.9829        31.7054
     903      16.9464        31.2287
     904      17.1266        29.1060
     905      17.0771        29.7185
     906      17.1193        31.2116
     907      17.2284        30.4972
     908      16.9455        30.7464
     909      17.1859        30.6547
     910      17.2015        30.9179
     911      17.0850        30.9147
     912      17.2371        31.9556
     913      17.3297        31.5500
     914      17.1785        31.3558
     915      17.1376        31.4385
     916      17.2191        29.4045
     917      17.0910        30.3361
     918      17.0879        29.2152
     919      17.0116        31.5973
     920      16.9202        29.9100
     921      17.1518        29.9976
     922      17.1110        31.1441
     923      17.1538        30.1110
     924      17.0942        31.7579
     925      17.1503        30.5443
     926      16.9805        30.8151
     927      17.1062        31.4724
     928      17.0792        30.2626
     929      16.9112        29.7485
     930      16.9621        31.3973
     931      17.2468        30.1980
     932      16.8867        30.8249
     933      16.9312        29.7132
     934      17.0120        30.4766
     935      16.9508        30.7916
     936      17.1262        30.9715
     937      17.1667        31.5590
     938      17.0373        29.2407
     939      17.0352        31.4908
     940      16.9126        29.5957
     941      17.0446        30.7824
     942      16.9816        29.0189
     943      16.8879        29.4853
     944      17.0088        31.6059
     945      17.0890        29.9726
     946      16.9552        30.8917
     947      16.9212        29.4672
     948      16.9988        30.2818
     949      17.0594        30.5997
     950      17.0023        29.8424
     951      16.8687        30.1796
     952      16.8583        29.5791
     953      16.8958        29.7990
     954      16.8392        30.7347
     955      16.9260        29.8762
     956      16.8962        30.1312
     957      16.9828        30.9841
     958      16.9430        31.2643
     959      16.8604        30.8369
     960      16.8873        30.6207
     961      17.0335        29.1418
     962      16.9471        30.5074
     963      16.9156        30.7811
     964      17.1668        30.5529
     965      17.0507        29.9796
     966      17.0650        29.3815
     967      16.9995        30.0550
     968      17.0022        30.3616
     969      16.9363        30.3067
     970      17.0398        30.0769
     971      17.1498        30.8895
     972      16.9603        30.2562
     973      16.9391        29.2855
     974      16.9601        30.2250
     975      17.1234        29.6831
     976      16.9845        29.2108
     977      16.9820        29.6582
     978      17.0161        30.1405
     979      17.1060        31.7323
     980      17.0355        29.3532
     981      17.0267        30.4119
     982      17.0139        29.4396
     983      17.0247        30.7196
     984      17.0315        30.3229
     985      17.0474        30.8607
     986      16.9786        30.6471
     987      17.0233        29.5143
     988      17.0049        31.2702
     989      16.9473        30.2447
     990      16.9271        30.3978
     991      17.0061        30.4731
     992      16.8932        29.6130
     993      17.0131        30.6633
     994      17.0385        30.2803
     995      17.0333        29.2642
     996      17.1514        31.4984
     997      17.0706        30.5910
     998      17.1135        29.5929
     999      16.9551        29.1422
    1000      17.0305        30.0330
