#Frame        phi:121      psi:121
       1    -103.9172       3.5087
       2    -104.8438      -3.9678
       3     -95.7301      -4.3151
       4     -96.8789     -18.9380
       5    -123.3598      11.4666
       6     -98.6025       0.5908
       7    -111.3521      -0.4228
       8     -94.7468     -10.2563
       9    -110.3628      -1.5392
      10    -117.3416      -3.0622
      11    -121.3947      13.3622
      12     -94.1364      -7.5229
      13    -102.6089       3.9613
      14     -89.8608      -4.5455
      15    -111.5271      -8.5443
      16    -114.4233      -9.1078
      17    -102.3705     -14.9844
      18    -102.8866     -15.0218
      19    -106.5031     -11.9984
      20     -96.0413      -8.0243
      21    -110.1484     -16.1310
      22     -99.2759      -5.2253
      23    -101.5151      -5.6331
      24    -103.2609       1.8916
      25     -82.3145      -9.5454
      26    -112.4493     -12.6195
      27    -115.1341       6.3963
      28    -110.3921     -14.1620
      29    -116.9789       4.2013
      30    -107.8067     -10.3603
      31    -108.3022       6.4647
      32     -87.8136       5.9648
      33     -95.4911      -8.4572
      34     -96.2654      -8.0861
      35    -104.2339       8.0471
      36    -114.7744      -1.1195
      37     -89.8553      -6.9473
      38    -114.0665     -15.4681
      39    -118.4089      -5.3517
      40    -121.2217      -4.8770
      41     -97.8045      -6.3848
      42    -115.4200      -3.5915
      43     -86.5982      -5.8076
      44    -108.8766      -8.2691
      45    -109.0423      -5.9016
      46    -115.9305     -24.7709
      47    -107.0669      -3.3710
      48    -100.2203       1.3235
      49    -108.2753       1.4969
      50    -116.7420      -0.8608
      51    -103.1674      -7.2309
      52    -101.7545      -0.1052
      53    -102.6557      -5.2631
      54     -99.9986      -8.8494
      55    -132.9351      -1.1295
      56    -108.8561     -36.4081
      57     -97.8403      -1.7730
      58    -120.4172     -22.7576
      59    -126.2208       1.9205
      60    -109.0029       2.1395
      61    -107.5394     -17.4532
      62    -132.1017       2.8916
      63    -122.3659     -13.2670
      64    -123.4279      -0.2306
      65    -114.0039      -7.6340
      66    -127.7481      -5.1452
      67    -126.7444       3.9662
      68    -109.7146      -4.8232
      69    -110.1604      -9.7686
      70    -112.5250     -16.3855
      71    -137.1102       4.3996
      72    -129.8769      -7.0431
      73    -131.6902     -12.7625
      74    -106.4258       4.3527
      75    -109.8869      -1.5803
      76    -105.1645     -16.8743
      77    -108.8724      -7.9444
      78    -125.7772     -13.7219
      79    -128.6075       6.9450
      80    -128.0598       0.7609
      81    -116.2814      -4.7858
      82    -116.5131       6.8344
      83    -106.2360       0.1751
      84    -109.9545     -12.9023
      85    -136.1697      -5.2961
      86    -130.4733     -17.8414
      87    -110.1057      -0.9922
      88    -132.7735       7.8217
      89    -134.2074       1.2903
      90    -119.6586       9.4383
      91    -120.7349      -1.5575
      92    -114.4290      13.0541
      93    -120.1648      -2.0295
      94    -116.2597       9.6659
      95    -118.4104       4.9427
      96    -116.7623      -5.8737
      97    -133.0147      -9.2719
      98    -149.0455      -6.2594
      99    -128.8197      -7.4759
     100    -140.8708      -7.2169
     101    -127.8745      -8.5355
     102    -135.7866      -8.5537
     103    -133.1335       2.9620
     104    -141.0047      -4.3344
     105    -147.0836     -17.8155
     106    -131.9235      -9.6362
     107    -126.8339      -6.7738
     108    -123.9373      12.8988
     109    -134.7191     -12.9433
     110    -120.6251     -21.3387
     111    -127.1520     -15.5965
     112    -117.0382      -6.2214
     113    -142.6337       8.9040
     114    -126.5663       3.1611
     115    -135.0042       2.6996
     116    -144.3329      -2.4725
     117    -134.2218      -2.2714
     118    -134.9319      25.5875
     119    -137.1616     -12.1477
     120    -135.7792       8.6566
     121    -120.6902      -8.9217
     122    -131.7147      -2.2151
     123    -151.1605       3.1013
     124    -130.4550     -18.6801
     125    -145.6251       4.3642
     126    -148.9299      -7.0159
     127    -124.8166     -24.3452
     128    -124.7218       4.1026
     129    -110.5661      -8.6999
     130    -150.5768      -0.9789
     131    -126.1856      -8.1068
     132    -110.3759      -3.4602
     133    -124.2176     -24.9437
     134    -123.7677       4.8821
     135    -123.0131     -13.4160
     136    -132.3249      -7.5801
     137    -136.1564       8.0780
     138    -118.9314       4.0697
     139    -143.6548      -0.6008
     140    -136.0154       3.9403
     141    -135.3116      -0.1673
     142    -125.1395      -6.5583
     143    -122.7870       0.8564
     144    -129.6923      22.4652
     145    -130.0411     -22.2062
     146    -134.7861      -4.8730
     147    -127.0474      -5.7337
     148    -123.5501       0.3562
     149    -149.8488     -12.2861
     150    -128.8810      -7.6661
     151    -132.6000     -11.3044
     152    -134.3328     -23.8447
     153    -146.4298      -2.4137
     154    -132.1228       3.0924
     155    -142.2612      -0.0718
     156    -131.7011      -3.3759
     157    -134.9561     -17.7974
     158    -131.5286     -22.5974
     159    -135.0540       2.5471
     160    -137.9862      15.8107
     161    -141.7398     -10.2639
     162    -139.8168       4.0176
     163    -126.2039     -19.9925
     164    -147.7910     -16.3669
     165    -129.2526      -7.2400
     166    -143.7830     -21.1588
     167    -138.8324     -14.8389
     168    -131.2483     -11.0134
     169    -124.1038       5.1386
     170    -140.5426      -4.2552
     171    -150.1439     -16.0842
     172    -142.7000       1.2855
     173    -154.5222       6.3397
     174    -130.3230       3.4701
     175    -148.7619     -15.1861
     176    -138.8037     -11.5003
     177    -138.6271      -1.2915
     178    -148.5162       2.0372
     179    -132.0941       3.6374
     180    -133.8719      -1.3781
     181    -136.6729       5.6614
     182    -142.3332       8.9785
     183    -134.8790      -6.1102
     184    -144.1294      14.2223
     185    -143.6801       1.8035
     186    -142.9889      12.8791
     187    -124.3336       8.3991
     188    -152.7464     -11.2390
     189    -150.8086      -4.0964
     190    -132.6353     -15.6528
     191    -149.3123      -6.0009
     192    -146.4456      -7.6892
     193    -144.2888     -17.6972
     194    -144.8904     -13.4225
     195    -139.6765       0.7473
     196    -151.4724     -10.0836
     197    -147.8238      -5.0136
     198    -142.9627      -1.8547
     199    -122.6382     -13.5492
     200    -135.2758      -1.5712
     201    -147.6876      -3.8361
     202    -147.3440       5.7581
     203    -137.0184      -0.1649
     204    -120.6419      -4.9481
     205    -139.3259      -2.5833
     206    -128.3716      11.1751
     207    -141.4774     -22.7532
     208    -132.4704      -2.7544
     209    -131.5142     -21.2904
     210    -132.7138      -4.8488
     211    -118.4801     -10.0044
     212    -140.5436       8.1417
     213    -139.1826      -0.0462
     214    -135.8036      -4.1875
     215    -128.9044     -18.1979
     216    -138.9704      -9.2590
     217    -144.2178       3.8676
     218    -151.6087      -6.4943
     219    -136.9333      -8.7041
     220    -117.0484      -9.4342
     221    -134.4391     -14.4431
     222    -149.9194     -19.4943
     223    -152.3597       5.1191
     224    -136.9751      -9.3448
     225    -137.7426     -15.8183
     226    -148.6074      14.2497
     227    -141.6900     -13.1778
     228    -142.5823     -10.1918
     229    -120.3683      -4.8731
     230    -135.8695     -11.1604
     231    -133.1289     -10.0832
     232    -135.5122      11.4171
     233    -124.6722      -2.9025
     234    -135.1492       1.1875
     235    -131.4447     -17.2620
     236    -138.8529     -18.6346
     237    -138.4278       1.7821
     238    -141.0013      -7.1656
     239    -116.1786      -2.1630
     240    -133.6239     -12.9384
     241    -138.9905       1.1269
     242    -128.4696      10.4857
     243    -126.3338      -4.1571
     244    -133.4461      -8.8383
     245    -135.5097      -6.7391
     246    -137.6306      12.0952
     247    -135.5795      -0.4425
     248    -120.7583       1.9042
     249    -134.1379     -13.6403
     250    -141.1024      11.2354
     251    -132.3019      -2.9680
     252    -126.9857       9.9137
     253    -130.7877      -1.4261
     254    -130.3071      -1.1579
     255    -134.5106      -6.9494
     256    -124.6550      11.3651
     257    -144.0574       8.9478
     258    -148.0582      10.0100
     259    -123.4546      -7.4964
     260    -147.6230      -7.5889
     261    -129.2357     -13.9719
     262    -129.4301      -6.3846
     263    -134.5306      -3.8681
     264    -124.8201     -22.6268
     265    -140.4417     -18.5598
     266    -120.1951     -13.9748
     267    -142.6629      -9.8322
     268    -122.1191     -31.1115
     269    -128.5968      13.7976
     270    -128.8183     -22.9875
     271    -151.1559      -4.0528
     272    -130.6923      -9.2723
     273    -138.5118      -7.6806
     274    -134.5501     -12.2951
     275    -141.1390      -9.2971
     276    -140.5005      -6.4791
     277    -133.8117       8.1046
     278    -122.6175     -28.1658
     279    -146.7542     -15.0769
     280    -139.9956     -11.5672
     281    -109.8415     -21.4279
     282    -134.5913     -14.7219
     283    -127.2755      -4.1393
     284    -148.8626      -8.7361
     285    -135.0041     -18.1204
     286    -153.2853     -19.6790
     287    -125.5167     -18.0797
     288    -143.4330      -3.5788
     289    -134.6918      -3.3154
     290    -133.4037      -9.0461
     291    -136.2406     -21.6855
     292    -152.3260      -8.2431
     293    -150.6987     -16.8067
     294    -130.6504     -14.3099
     295    -128.5687     -25.2946
     296    -123.2846       2.9257
     297    -131.0222     -10.1999
     298    -127.3625      -2.7902
     299    -141.5429       1.1963
     300    -150.9588     -16.5593
     301    -124.3996     -14.9995
     302    -143.9621     -13.8471
     303    -138.4648      12.2974
     304    -145.3675      -4.7355
     305    -141.4831       2.0420
     306    -148.1845     -11.0679
     307    -116.5393     -24.2197
     308    -129.0451      -2.4244
     309    -122.7905      -9.9259
     310    -141.7787      -9.1148
     311    -149.8098       3.3076
     312    -149.2107       0.8043
     313    -124.4629     -26.6162
     314    -125.6885      -9.2764
     315    -131.8768      -1.9547
     316    -136.5122      -6.2551
     317    -149.8718      14.7322
     318    -127.0954      -6.4090
     319    -152.3675       5.1059
     320    -134.1152      19.8412
     321    -130.5803      14.8747
     322    -130.4268      -6.5482
     323    -146.5457       4.9626
     324    -131.2637       1.1713
     325    -126.0094     -11.7723
     326    -139.5537      -1.1631
     327    -151.9519      -5.9782
     328    -131.4447      -5.6039
     329    -135.7097       0.6474
     330    -134.2359     -26.3641
     331    -146.8848      -3.1265
     332    -130.3681      12.2518
     333    -130.0170       3.7770
     334    -126.8369      -4.2687
     335    -138.6370      -0.2581
     336    -120.6360     -23.9344
     337    -142.2644       5.8765
     338    -137.7204      -8.8793
     339    -129.8058     -12.6524
     340    -138.8703     -12.9419
     341    -127.9877     -23.2315
     342    -131.6274     -13.9979
     343    -142.2566     -10.2249
     344    -124.9712      11.6986
     345    -132.6274     -12.7453
     346    -103.8419      -6.7794
     347    -111.6562     -17.0577
     348    -129.7907      16.9478
     349    -143.2474       5.9291
     350    -118.5175      -9.2190
     351    -129.8991      -8.3862
     352    -138.6651     -14.7309
     353    -125.5900     -29.0603
     354    -138.7615       3.6639
     355    -146.8425       6.6817
     356    -123.8888     -16.1276
     357    -152.5397      -5.4349
     358    -150.1181     -10.2443
     359    -120.4324       1.7162
     360    -139.1960      -6.9882
     361    -124.0214      -6.8411
     362    -124.6604      -9.2557
     363    -104.3731      17.2614
     364    -141.7495      14.3445
     365    -141.7903       7.3052
     366    -126.8152       8.1369
     367    -138.4965      13.9168
     368    -124.2581      -3.8851
     369    -140.3943      17.9764
     370    -149.6889      19.9345
     371    -137.4234      -4.9618
     372    -127.9891      -5.2106
     373    -144.7843      -5.3398
     374    -144.1570      -1.0154
     375    -127.4880      -4.9851
     376    -130.5813       2.5257
     377    -132.5270      -4.6248
     378    -129.3195       5.0024
     379    -116.1564      -6.0994
     380    -135.5843      -2.0523
     381    -131.0385       0.5626
     382    -122.7077      -8.0233
     383    -153.9712      11.9234
     384    -135.3680     -30.4132
     385    -135.0085       1.6759
     386    -142.8477       4.1782
     387    -124.4912      -5.6170
     388    -118.4923     -20.8941
     389    -119.0676      -4.7423
     390    -133.6353     -17.4061
     391    -138.2568      -9.8741
     392    -142.2491      -4.2887
     393    -134.7572      -1.7391
     394    -136.1861     -11.7245
     395    -129.3127     -12.7325
     396    -129.4535      -3.6755
     397    -117.9393     -14.1659
     398    -101.1627     -13.2064
     399    -119.9174       4.0452
     400    -131.5248      -3.7722
     401    -129.8604     -20.9958
     402    -127.7117       7.6243
     403     -98.2696     -22.4853
     404    -119.9390     -26.7845
     405    -123.6995      -6.4735
     406    -119.0168      -3.0351
     407    -127.8309      -6.7358
     408     -99.6912      -5.1137
     409    -127.1190     -12.1338
     410    -129.6713     -14.0292
     411    -103.3960       7.6368
     412    -131.8975      -0.0885
     413    -142.0783      -5.9401
     414    -121.9149       4.3288
     415    -111.3387      -6.2355
     416    -140.8958      -7.3551
     417    -120.8966     -34.5608
     418    -139.9479      -6.5283
     419    -130.5001     -14.7258
     420    -133.9032     -18.8849
     421    -133.0973     -15.6516
     422    -136.5733     -16.2295
     423    -108.1257     -30.6764
     424    -112.6260     -22.9178
     425    -122.5971     -23.2542
     426    -131.5468      -3.2884
     427    -131.9904     -11.1637
     428    -138.5076      -8.3893
     429    -136.1436      -3.1583
     430    -125.5353      -2.7695
     431    -137.8995      13.3313
     432    -130.3962     -13.4569
     433    -138.2155      -4.1349
     434    -135.5178       9.1789
     435    -134.8266      -6.4765
     436    -135.9759      10.3071
     437    -138.6587     -16.9837
     438    -137.4827       6.6192
     439    -152.5534      12.0842
     440    -133.6493     -11.7774
     441    -126.8915      -1.0836
     442    -118.0828      -7.7661
     443    -133.1301      -8.9904
     444    -130.5241      16.0348
     445    -143.8712     -31.0416
     446    -136.6360      -6.7023
     447    -146.2093       9.0013
     448    -114.7669     -15.9169
     449    -129.5026       2.5285
     450    -150.0948      -2.6280
     451    -129.8470       0.4160
     452    -154.7068     -24.4407
     453    -125.3328      -4.8417
     454    -147.8535       8.9763
     455    -132.0204      -7.6125
     456    -118.4367      -8.8814
     457    -143.4258      -2.2460
     458    -121.5484     -15.6639
     459    -142.3495      -6.1270
     460    -157.7229       2.3924
     461    -137.3847       6.0905
     462    -145.8838       8.5823
     463    -132.8922       2.6433
     464    -142.7186      -0.6694
     465    -130.4110     -15.6737
     466    -125.9984      -0.4763
     467    -146.8513       0.4898
     468    -132.5855     -14.2880
     469    -147.5916      -1.3945
     470    -138.7764      -4.6783
     471    -151.9770       8.5499
     472    -130.0839      -4.9165
     473    -123.2081     -14.8135
     474    -130.3882       1.7707
     475    -157.5988      -9.7831
     476    -138.9281     -22.2936
     477    -124.2349      -4.6625
     478    -128.9367       4.6996
     479    -133.0820      -2.2529
     480    -130.4845      -1.3712
     481    -121.1889      -0.5064
     482    -145.0763       4.6526
     483    -137.4063      -3.9893
     484    -131.4790     -15.3953
     485    -139.5326      11.0747
     486    -138.1163     -18.3652
     487    -135.4711      -7.5150
     488    -131.6341     -26.1117
     489    -106.6031      -7.2957
     490    -143.3699      -5.5975
     491    -120.6536      -4.9817
     492    -140.0267      -2.0850
     493    -128.9732     -14.3659
     494    -119.1776       2.1800
     495    -139.1931       0.1678
     496    -108.1023      -2.6721
     497    -149.1759       8.6370
     498    -126.9091     -13.9459
     499    -129.7147      -7.7881
     500    -118.4136      23.1951
     501    -128.9402      10.6430
     502    -134.5734     -23.3853
     503    -113.7945     -17.9938
     504    -125.2795     -11.1501
     505    -115.7961       9.5624
     506    -127.8834      -6.1069
     507    -134.3357       1.9588
     508    -122.7730       4.4829
     509    -118.8711     -11.6614
     510    -131.7012       8.7249
     511    -112.4421      -5.1863
     512    -124.6292     -16.7023
     513    -115.6210     -11.4400
     514    -128.0464      -0.2520
     515    -116.0771     -16.1302
     516    -127.1308      -4.3950
     517    -148.0069     -24.3803
     518    -113.3603      -6.8193
     519    -123.1381       5.5871
     520    -126.3438     -21.2782
     521    -131.8422      -1.0307
     522    -135.1370     -14.1624
     523    -123.4802       0.5913
     524    -127.7442      -9.3603
     525    -151.7015       5.5237
     526    -113.1385       2.6429
     527    -138.8978      -3.8682
     528    -135.4273     -20.4472
     529    -134.4124     -14.9357
     530    -138.1392     -10.7437
     531    -121.7029       8.7456
     532    -128.5382       7.1254
     533    -122.7963     -23.5466
     534    -137.6189      13.1203
     535    -134.9441       7.4419
     536    -140.6011      -9.5329
     537    -141.1042     -11.8908
     538    -125.7368     -11.0407
     539    -137.7976     -18.1482
     540    -133.0552      -8.3524
     541    -125.1737       0.3711
     542    -137.3304      17.2952
     543    -129.1251       8.8623
     544    -150.2698       3.2472
     545    -131.3884      -8.7653
     546    -131.9747       5.7974
     547    -148.6967      11.3766
     548    -128.8304     -10.4840
     549    -133.0510       3.2287
     550    -138.0653      13.2277
     551    -120.1106       8.4005
     552    -132.3042      13.6083
     553    -125.7953      -7.0556
     554    -133.2555     -22.2485
     555    -123.5016      -1.5278
     556    -134.3800      22.6629
     557    -138.3129      11.6354
     558    -141.2449       9.6335
     559    -135.4748       3.3989
     560    -124.2227     -10.6062
     561    -128.0327     -14.6280
     562    -125.5670      15.7394
     563    -125.0846      -9.9540
     564    -138.9197      -0.8681
     565    -125.7113     -10.8733
     566    -127.6997     -12.2926
     567    -130.2164      -8.2177
     568    -126.2165       8.7435
     569    -130.4725      -2.9575
     570    -117.0903      -9.9459
     571    -122.5457     -13.1354
     572    -145.7523     -13.0113
     573    -124.4936     -20.6052
     574    -121.2439     -11.6423
     575    -124.8950     -18.3915
     576    -136.1164      -0.7519
     577    -135.0621       2.2866
     578    -138.9265     -10.6698
     579    -134.5980      -4.6336
     580    -133.2023      17.1431
     581    -138.4197      -1.5525
     582    -123.6708     -23.0052
     583    -125.4223      -8.4370
     584    -136.6429      -6.3319
     585    -123.8880      -3.9946
     586    -130.0074       4.0076
     587    -119.2929     -17.0179
     588    -145.8501     -10.2905
     589    -138.8467     -22.2921
     590    -138.0012       4.7947
     591    -129.3084       8.5634
     592    -124.8515     -11.7245
     593    -103.8466      -6.0949
     594    -121.2019      -6.0079
     595    -131.5034      14.6096
     596    -132.3503     -14.6257
     597    -148.2061      -6.5950
     598    -124.6648     -20.7919
     599    -131.6326     -14.1436
     600    -131.4026      -5.9681
     601    -126.3728       0.9884
     602    -133.9184      -5.1237
     603    -132.7567      17.5954
     604    -133.9027       6.4105
     605    -134.7924     -24.2626
     606    -136.4170      -1.3819
     607    -133.0558      21.7149
     608    -127.2909     -11.9096
     609    -121.3960       0.6733
     610    -132.8801      10.9179
     611    -113.4855      -2.9750
     612    -124.8098      -1.3260
     613    -113.6767      -6.3213
     614    -119.5156      -9.8287
     615    -123.8517       7.8005
     616    -142.6297       5.2003
     617    -132.9935      10.7310
     618    -128.4315      -4.9659
     619    -126.3589     -13.5526
     620    -154.6376       8.1577
     621    -141.5222      10.5791
     622    -134.5839       5.1761
     623    -121.1336     -14.0695
     624    -129.2068       8.0025
     625    -143.6736      12.5048
     626    -129.2789      -0.7953
     627    -120.0204      -0.3350
     628    -123.4968     -15.4316
     629    -118.2831      -6.8739
     630    -140.3319     -14.9253
     631    -127.2793     -21.3713
     632    -139.0712       8.1708
     633    -143.5053      16.1077
     634    -137.6728     -14.1562
     635    -123.8423     -23.0288
     636    -141.2389       7.0684
     637    -127.3637       5.0996
     638    -133.6401     -11.6315
     639    -134.2399      -5.4027
     640    -115.4980     -15.3296
     641    -144.1888      22.1023
     642    -135.5409      -2.5784
     643    -143.2091       9.3077
     644    -135.7289      -5.1134
     645    -148.6194       1.7194
     646    -138.5799      -6.2581
     647    -137.0843     -15.5064
     648    -156.0184       4.3941
     649    -141.7819       3.6168
     650    -135.2027       3.4423
     651    -108.7913       1.5642
     652    -131.8962     -10.9289
     653    -122.8484      -8.5263
     654    -125.9275       1.5565
     655    -127.1144      -9.5566
     656    -124.8544      -2.3953
     657    -119.7631       0.5496
     658    -137.5250      -8.4740
     659    -123.1778     -27.4927
     660    -137.4588      -5.1673
     661    -129.0745     -10.9456
     662    -141.7141       8.7522
     663    -129.4866      -8.7002
     664    -145.2384     -17.5861
     665    -123.9270     -13.8565
     666    -126.3449       1.8739
     667    -132.2785      -1.3819
     668    -140.0292      30.5777
     669    -127.2566      -1.7642
     670    -137.3620      19.8731
     671    -134.4145       4.8188
     672    -146.5371      -1.7833
     673    -127.3250     -13.6923
     674    -126.4926      -2.7606
     675    -140.8324       2.8751
     676    -124.6520     -21.9450
     677    -136.6769     -31.1430
     678    -133.7552      -7.3147
     679    -126.3769       9.8429
     680    -125.1038      -8.1433
     681    -114.9880      -3.6563
     682    -143.1730     -24.9415
     683    -110.2653     -13.0077
     684    -126.9259      -4.4712
     685    -139.6910      13.4256
     686    -120.7606      -4.5734
     687    -144.7877      17.3096
     688    -133.1255      -3.0449
     689    -113.7909     -22.3984
     690    -150.2463     -21.8548
     691    -134.4735     -13.8182
     692    -121.5115       0.2402
     693    -114.9742     -22.0484
     694    -130.2987     -21.9235
     695    -132.5287      -4.8654
     696    -139.1426      -4.7264
     697    -141.0978       1.3247
     698    -147.5889       3.2758
     699    -139.5455       9.3584
     700    -135.4718     -18.8923
     701    -131.1988     -13.8764
     702    -151.3614     -27.7696
     703    -130.1333      -6.5441
     704    -152.7648       8.0508
     705    -137.7739     -13.8225
     706    -129.6544      -6.1400
     707    -140.4726      -2.8490
     708    -140.6192      -4.1742
     709    -115.8669       8.9487
     710    -128.7427       2.8334
     711    -123.1984     -11.6392
     712    -116.5282     -20.4293
     713    -127.3021     -15.5285
     714    -130.3538     -28.0592
     715    -117.1733      -6.8635
     716    -116.2465      -1.5536
     717    -130.5024       0.1171
     718    -136.5683       3.8897
     719    -137.3341       0.5132
     720    -144.7180      -1.8586
     721    -135.0067      -1.3669
     722    -123.4769      -8.0790
     723    -115.6394       2.2821
     724    -135.4359       6.7243
     725    -150.1442     -22.6396
     726    -149.6248     -21.9319
     727    -124.0028     -20.2797
     728    -124.3278     -41.5837
     729    -128.9949     -11.5642
     730    -157.9391     -10.0960
     731    -128.8355      -7.0572
     732    -155.9399     -15.3554
     733    -131.5701     -29.4116
     734    -154.1802     -11.4266
     735    -128.9793     -12.4252
     736    -136.5230     -34.5604
     737    -135.1927     -16.7251
     738    -128.4452       5.2155
     739    -138.1278      11.2781
     740    -142.0001       2.9103
     741    -145.7212     -14.5691
     742    -137.7900       2.7730
     743    -144.9013      14.0844
     744    -120.2947      -5.1412
     745    -138.4283      -4.5100
     746    -128.1520      -3.4694
     747    -144.8315      17.1176
     748    -131.6179      -9.8732
     749    -134.9029      12.9944
     750    -134.1730      -7.5350
     751    -124.6564      -3.0031
     752    -134.2093      -8.6512
     753    -145.3501     -13.0254
     754    -137.5864      -6.5406
     755    -133.9057     -14.8522
     756    -143.8010     -13.8159
     757    -146.8095     -28.9189
     758    -133.4718     -28.1287
     759    -137.4504     -16.4205
     760    -128.3381     -39.1059
     761    -139.5457     -15.3547
     762    -135.6273     -17.8377
     763    -118.5890      -4.0213
     764    -136.6330     -15.7733
     765    -133.7645      -4.3817
     766    -152.2644       2.5335
     767    -128.8717       5.7002
     768    -136.3322      21.8547
     769    -128.7709      -7.0076
     770    -158.6835      12.5970
     771    -146.3069      -2.8517
     772    -142.7253     -11.6428
     773    -138.0303      -2.3825
     774    -140.6077      -4.5229
     775    -133.8780      13.1093
     776    -132.0907      10.2302
     777    -138.1581     -10.0797
     778    -134.2714      -9.2758
     779    -141.0921     -14.8214
     780    -139.1305       4.8802
     781    -135.2295      22.5204
     782    -131.2609      -1.8592
     783    -134.9712     -10.0743
     784    -148.4933      -1.7647
     785    -141.2158       5.5189
     786    -147.9454       9.9295
     787    -129.0269       2.6639
     788    -148.0932     -24.6209
     789    -132.1319      -7.0878
     790    -146.3322       5.2452
     791    -135.7612       5.1741
     792    -122.0091     -15.7531
     793    -118.6613     -25.1525
     794    -145.5723      12.1856
     795    -115.8413      12.4994
     796    -143.5870      -8.8038
     797    -154.8910       5.7203
     798    -135.4750      -0.1672
     799    -150.6987      13.5475
     800    -142.9905       3.7130
     801    -149.7556      -6.0809
     802    -135.0825       0.6608
     803    -128.4335      18.0756
     804    -124.2680      -2.7880
     805    -131.4544     -19.0955
     806    -128.2161     -13.4577
     807    -124.7620      -6.7299
     808    -139.3482       3.7894
     809    -141.0659      12.0501
     810    -136.8740       6.4072
     811    -143.7959      22.1723
     812    -146.7757       8.2212
     813    -125.5389     -14.6642
     814    -128.4112      -0.4911
     815    -131.4905      -3.6952
     816    -136.8255       1.1781
     817    -138.8341       5.8133
     818    -132.5011      -1.3340
     819    -138.1984      -9.6644
     820    -149.7855      -0.4306
     821    -138.2856      15.4217
     822    -140.7734      -7.2852
     823    -122.8393      -6.6867
     824    -112.5602     -15.8796
     825    -145.2387      -1.9207
     826    -141.3691       7.2368
     827    -153.1584       8.5223
     828    -146.9776      -0.4287
     829    -130.1894     -23.1651
     830    -135.4966       4.7783
     831    -136.5012      -9.6815
     832    -124.5385      -7.3128
     833    -138.0080       6.6382
     834    -130.1600      -1.8867
     835    -150.5696      19.5711
     836    -144.6821     -15.3201
     837    -141.5456      -1.9472
     838    -142.0456      -0.6804
     839    -128.8500       0.3944
     840    -143.7588      12.2706
     841    -144.0284       9.3333
     842    -129.0127      -6.0157
     843    -144.6769      27.0938
     844    -142.8405     -19.1586
     845    -141.5019       7.2820
     846    -120.0979     -12.5644
     847    -127.1861      -6.8060
     848    -139.4149      -6.9241
     849    -139.0913       7.9880
     850    -147.1640     -16.9255
     851    -134.8797       6.8520
     852    -133.8112       7.3238
     853    -144.7077       3.3942
     854    -151.3207     -10.1341
     855    -133.0742       5.9477
     856    -121.7131       1.5199
     857    -139.2154       0.8330
     858    -143.4555      11.2678
     859    -132.7744      10.2814
     860    -126.7365     -10.2631
     861    -138.2992       1.5120
     862    -140.2948      -0.2924
     863    -137.5900      11.3572
     864    -145.8427      -5.2907
     865    -142.3049       3.3139
     866    -144.3339       0.7597
     867    -136.0397       4.1037
     868    -128.8965      -7.2577
     869    -142.6968       1.3400
     870    -136.6827      -6.9510
     871    -133.4012       7.2361
     872    -145.8418      23.6184
     873    -134.1170      -2.3748
     874    -138.7048       8.6782
     875    -128.4128      11.3869
     876    -134.1286      14.2188
     877    -143.7918      -4.2836
     878    -144.4596       4.0492
     879    -147.3933     -15.3067
     880    -141.7560       6.7708
     881    -128.2293       2.8120
     882    -147.1017      15.7239
     883    -142.6596     -16.7202
     884    -144.1460      -6.1152
     885    -153.4417      15.3765
     886    -126.8340      -7.9150
     887    -142.6344      -0.7696
     888    -141.8181      10.9347
     889    -137.7048      -7.2468
     890    -134.8734      16.1862
     891    -151.2538       2.7929
     892    -124.3054      -8.3584
     893    -138.8615       1.2401
     894    -129.8623      -8.9476
     895    -139.4934     -11.6320
     896    -128.9388     -17.0252
     897    -132.0320      -0.2159
     898    -145.8289      19.5187
     899    -129.8675      -8.3341
     900    -131.3350      -5.8457
     901    -155.0177      -0.4374
     902    -143.7357       2.4635
     903    -132.1131       3.3460
     904    -134.7821      11.5039
     905    -133.9078     -10.6001
     906    -137.8206     -12.5290
     907    -142.4021      -1.7439
     908    -142.8961       6.8755
     909    -135.8750      14.0816
     910    -137.4221      -6.3340
     911    -144.7336      -2.3270
     912    -132.3695     -16.1470
     913    -131.2936      -1.7057
     914    -144.3565      -6.7195
     915    -135.9072      -4.7647
     916    -136.3127      13.4418
     917    -134.0252       0.0326
     918    -138.4811      11.3278
     919    -144.7299       9.9874
     920    -133.9429       6.8626
     921    -147.4425       9.5434
     922    -130.9645       1.5445
     923    -138.1645      -7.8792
     924    -128.6281      -2.7285
     925    -129.3363     -16.9294
     926    -143.5780      -6.5708
     927    -137.3401     -16.6456
     928    -141.3697       7.9905
     929    -137.9086      -2.4369
     930    -142.9819       4.5567
     931    -131.4342      18.7862
     932    -134.6554       7.5495
     933    -141.0783      16.3197
     934    -155.1721       6.8131
     935    -139.0298       9.2857
     936    -132.1092      -2.9313
     937    -140.1675       2.4690
     938    -132.6401      16.2698
     939    -141.9348     -16.0228
     940    -132.0678     -10.7947
     941    -131.1568     -18.5441
     942    -127.6040       0.7792
     943    -130.0764       0.0479
     944    -136.3037     -12.1299
     945    -122.3327      -5.6405
     946    -130.0858      -7.4048
     947    -119.3821      -1.9601
     948    -122.8824      -9.1598
     949    -127.7106      -2.2603
     950    -143.5751     -14.9972
     951    -138.9713      -9.8881
     952    -142.0019     -16.6919
     953    -119.3042      -5.5864
     954    -147.8611      -7.6020
     955    -130.4366       4.9951
     956    -130.2122      -2.4480
     957    -121.9161       6.5962
     958    -135.6130      -2.6349
     959    -127.7089      -1.6106
     960    -121.0661       6.2143
     961    -121.8120     -17.7267
     962    -131.1393     -13.4401
     963    -121.5017      -6.5254
     964    -136.2776     -17.1480
     965    -136.4429      -0.3451
     966    -143.4113     -18.4992
     967    -123.7555      -2.7568
     968    -138.7638      -9.6987
     969    -138.5578     -13.4337
     970    -120.6095       0.1168
     971    -130.1251       7.4267
     972    -132.6794      -2.1881
     973    -120.1337      -8.3055
     974    -132.5299      -5.1525
     975    -127.4201      12.7506
     976    -145.4163      -6.1643
     977    -143.0778      15.4695
     978    -116.4964     -13.1247
     979    -145.1260       6.7879
     980    -136.7413     -18.1766
     981    -118.7791       1.1088
     982    -121.6651      -4.9760
     983    -125.2181     -16.7905
     984    -130.0731     -19.1049
     985    -131.9238       8.9995
     986    -146.7511      -2.2443
     987    -145.9959     -23.8718
     988    -143.8746      -6.4880
     989    -120.3221       1.4092
     990    -117.8470      10.8928
     991    -131.8944     -10.4609
     992    -131.4230      -9.0700
     993    -125.1743      -6.7547
     994    -132.1825      10.6313
     995    -121.7113      -6.5672
     996    -119.5694     -31.1759
     997    -136.8216      -3.1397
     998    -131.7553      -4.9558
     999    -126.1514      11.7808
    1000    -143.7788      -4.7132
