#Frame      RoG_00004 RoG_00004[Max]
       1      16.8700        31.0325
       2      16.8506        29.0175
       3      16.9397        31.4530
       4      16.8165        30.6454
       5      16.9395        30.2259
       6      16.9182        30.1968
       7      16.8886        29.9993
       8      16.8449        29.9398
       9      16.8079        29.6636
      10      16.7920        29.7621
      11      16.9216        30.4930
      12      16.9652        29.2300
      13      16.8799        29.9145
      14      16.9842        30.5254
      15      16.9713        29.7949
      16      17.0231        29.9797
      17      16.9704        29.7738
      18      16.8970        29.2459
      19      16.8931        30.4990
      20      16.8585        30.4331
      21      17.0926        30.4138
      22      16.9353        29.8484
      23      16.8322        29.2124
      24      16.9111        30.8051
      25      16.8244        30.2667
      26      16.8848        29.9659
      27      16.9176        29.0899
      28      16.9754        29.9811
      29      16.9095        30.8839
      30      16.9160        30.8789
      31      16.8547        30.0498
      32      16.8831        30.5953
      33      16.8271        28.7138
      34      16.9923        29.9439
      35      16.8744        29.6624
      36      16.9877        29.0975
      37      17.0435        32.3244
      38      17.0445        29.6697
      39      17.0502        30.7673
      40      16.8362        31.1201
      41      16.9403        29.4052
      42      16.8988        29.8940
      43      16.9705        29.1855
      44      16.8339        29.4929
      45      16.9506        30.5839
      46      16.9676        30.2862
      47      16.9393        30.6130
      48      16.9007        31.4862
      49      17.0911        30.0044
      50      17.0078        29.4398
      51      17.0092        29.3328
      52      16.8968        30.6103
      53      16.8278        29.3864
      54      16.9503        29.6716
      55      16.8771        29.4522
      56      16.9099        29.7506
      57      16.9661        29.4348
      58      16.6876        29.4714
      59      16.8146        29.0015
      60      16.7497        29.7872
      61      16.6749        30.3029
      62      16.7275        29.5393
      63      16.8859        30.8569
      64      16.8616        29.6652
      65      16.8208        29.6424
      66      16.8512        29.7543
      67      16.9161        30.5501
      68      16.8202        28.9492
      69      17.0531        28.9421
      70      16.9302        29.8628
      71      16.9081        29.5569
      72      16.7737        29.3746
      73      16.6704        29.7058
      74      16.9932        29.5573
      75      17.0210        29.5341
      76      16.9017        29.5186
      77      16.9741        29.0160
      78      16.9490        29.7878
      79      16.9532        29.6225
      80      16.9334        28.9826
      81      16.9312        29.5067
      82      16.7905        29.5605
      83      16.9085        29.3944
      84      16.8874        29.3443
      85      16.8535        29.6799
      86      16.7510        29.5244
      87      16.8909        28.6962
      88      16.7048        31.0131
      89      16.8945        30.5921
      90      16.9359        31.0851
      91      16.6785        29.8865
      92      16.8789        30.9252
      93      16.8433        29.4813
      94      16.7926        31.6581
      95      16.8875        30.0158
      96      16.8580        30.5794
      97      16.9746        31.3069
      98      16.8812        29.9605
      99      16.9741        33.2178
     100      16.9736        31.6425
     101      16.8978        31.1308
     102      17.0204        30.0764
     103      17.2136        30.3310
     104      16.9477        31.5876
     105      16.9141        30.9011
     106      16.8013        30.6245
     107      16.8372        30.9085
     108      16.7882        30.2654
     109      16.8437        30.4531
     110      16.8495        29.4771
     111      16.8056        30.9566
     112      16.9306        29.8150
     113      16.8547        29.3701
     114      16.9667        31.5231
     115      16.9618        29.7919
     116      16.9933        31.0623
     117      16.9647        29.6616
     118      17.0543        30.1917
     119      17.0825        29.4678
     120      16.9045        31.7788
     121      16.9875        30.7553
     122      17.1236        30.8857
     123      16.9476        31.3609
     124      17.1048        30.5273
     125      17.0886        30.4799
     126      16.9178        31.3142
     127      16.9796        29.9211
     128      16.8986        30.0308
     129      17.0082        30.2243
     130      17.0401        30.8096
     131      16.8733        30.3506
     132      16.9453        30.3590
     133      17.0049        30.4656
     134      17.0609        30.4099
     135      16.9016        29.4334
     136      16.9166        29.8207
     137      17.1595        31.4560
     138      17.1401        31.0806
     139      16.8620        29.6909
     140      16.7128        29.4868
     141      17.0764        30.3310
     142      17.0151        31.5537
     143      16.9594        29.6303
     144      16.9935        29.6720
     145      16.8366        29.3410
     146      16.9190        29.8337
     147      16.8586        30.4270
     148      16.9783        29.5548
     149      17.0412        30.8689
     150      16.8524        29.1223
     151      17.1757        31.0805
     152      16.9440        31.2292
     153      16.9749        29.5535
     154      17.0990        29.7236
     155      17.1584        31.5324
     156      17.0495        31.5522
     157      17.0298        29.8689
     158      17.0973        30.1557
     159      17.1147        32.2031
     160      17.0465        30.8453
     161      17.0382        30.6818
     162      17.1109        30.8513
     163      17.0863        33.8116
     164      17.0086        33.6941
     165      17.1602        29.5606
     166      17.2695        30.0218
     167      17.1541        29.8653
     168      16.9984        29.7992
     169      17.0573        30.6563
     170      16.9246        30.4946
     171      16.9622        28.8546
     172      16.9299        30.1681
     173      17.0662        29.7923
     174      16.9668        30.8426
     175      17.1190        32.3117
     176      17.0200        31.3430
     177      17.0329        30.0945
     178      17.0160        29.9307
     179      16.9347        30.6397
     180      17.1517        29.9292
     181      17.0570        30.7186
     182      17.0288        29.3318
     183      16.9875        30.2291
     184      17.0966        31.3860
     185      17.0415        30.2012
     186      17.1467        29.3313
     187      17.2149        32.0477
     188      17.2163        31.9199
     189      17.0741        31.3294
     190      17.0107        31.7580
     191      17.0327        30.0100
     192      17.0626        30.8122
     193      17.0941        31.3776
     194      17.3522        31.5935
     195      17.1638        29.7058
     196      17.2290        30.9514
     197      17.1520        30.1557
     198      17.2236        31.2059
     199      17.1069        31.3875
     200      17.1439        30.4970
     201      17.1465        30.0048
     202      17.1125        29.6561
     203      17.0852        30.0802
     204      17.0498        29.5974
     205      17.0836        29.7113
     206      16.8894        30.1220
     207      16.8069        29.2930
     208      16.7554        29.0104
     209      16.8981        30.1316
     210      16.9885        30.7399
     211      16.8463        30.4798
     212      17.0315        30.6769
     213      17.0509        30.8205
     214      17.0621        30.0077
     215      16.9014        30.5256
     216      17.0936        31.9058
     217      17.0978        31.6362
     218      17.0257        31.0097
     219      17.0177        29.5325
     220      17.1813        31.7897
     221      17.0915        30.1728
     222      17.1227        30.8965
     223      17.0973        29.9748
     224      17.1987        30.8775
     225      17.2201        30.7326
     226      17.1761        29.7296
     227      17.0519        29.8371
     228      17.0839        30.0386
     229      17.0782        32.1161
     230      17.0971        31.4727
     231      17.0827        30.7441
     232      17.1518        31.3357
     233      17.1394        31.9528
     234      16.9987        29.9041
     235      17.0870        30.1616
     236      17.0766        30.3852
     237      17.0505        31.1721
     238      17.2561        30.7269
     239      17.0031        31.9010
     240      17.1385        30.0078
     241      17.1952        30.3114
     242      17.1853        30.9158
     243      17.2475        29.6990
     244      16.9472        31.1540
     245      17.1233        29.6699
     246      17.2119        31.7742
     247      16.9234        30.0639
     248      16.9828        30.9546
     249      17.0633        29.9700
     250      17.2271        29.9134
     251      17.0674        29.8677
     252      17.3998        30.5291
     253      17.1203        30.6934
     254      17.0852        30.1265
     255      17.1890        30.1073
     256      17.0503        30.0917
     257      17.0324        30.8420
     258      17.1151        29.2903
     259      16.9046        30.0044
     260      17.1009        30.3271
     261      17.0139        30.9136
     262      16.8861        29.9290
     263      17.3401        30.9439
     264      17.0332        31.1679
     265      17.0735        31.0534
     266      16.9805        30.4365
     267      16.9730        30.3336
     268      17.0399        29.4174
     269      16.9402        30.6805
     270      17.0750        29.8764
     271      17.0019        31.2918
     272      17.0333        31.6163
     273      17.0037        30.6266
     274      16.9838        29.5930
     275      17.0370        29.8767
     276      17.0615        29.8619
     277      17.0099        29.8961
     278      16.9623        30.5178
     279      16.9604        31.0371
     280      16.9509        31.3803
     281      17.0492        30.9661
     282      17.1633        30.0494
     283      17.2402        31.1714
     284      16.9506        30.3743
     285      17.2553        31.2337
     286      16.9442        29.4243
     287      17.1907        30.0286
     288      17.0052        29.2948
     289      17.0505        30.6899
     290      17.1401        31.3962
     291      17.0079        30.1686
     292      17.0671        29.8596
     293      17.0654        31.1618
     294      17.0454        30.1608
     295      17.1189        30.4253
     296      16.9958        30.1571
     297      17.1238        31.2799
     298      17.1211        30.1449
     299      17.1681        29.8543
     300      17.3891        29.8703
     301      17.0335        29.7658
     302      17.0361        29.9775
     303      17.1555        30.2247
     304      17.2023        29.5857
     305      17.0886        30.6469
     306      17.0599        29.9553
     307      17.1248        30.1801
     308      17.0031        29.8741
     309      17.0616        30.5405
     310      17.1762        30.2969
     311      17.1956        31.4102
     312      17.0469        29.7506
     313      17.0781        29.7306
     314      17.2597        30.3534
     315      17.2396        30.0179
     316      17.2908        30.7382
     317      17.2374        30.2643
     318      17.1440        30.8630
     319      17.2015        30.9055
     320      17.0156        31.0229
     321      17.0607        29.7338
     322      17.0163        30.4700
     323      17.1940        30.9308
     324      17.1395        29.8857
     325      17.1568        30.3606
     326      17.0941        29.6517
     327      17.1640        29.9938
     328      17.1429        30.2429
     329      17.0629        29.4839
     330      17.0993        29.5619
     331      17.0594        29.8374
     332      17.0578        29.4392
     333      17.1140        29.9654
     334      17.1393        31.0512
     335      17.0798        29.7399
     336      17.1466        29.9052
     337      17.1898        30.6525
     338      17.0694        29.6765
     339      16.9774        29.3881
     340      17.3080        30.1027
     341      17.1435        29.3684
     342      17.1026        30.4310
     343      17.2533        30.2574
     344      17.2182        31.6567
     345      17.0953        29.4715
     346      17.0330        29.5853
     347      17.0904        29.9825
     348      17.0950        30.1622
     349      17.1804        29.9092
     350      17.1833        31.4261
     351      17.2387        30.7313
     352      17.2318        31.2917
     353      17.1134        30.1937
     354      17.2497        29.2687
     355      17.2711        30.4143
     356      17.2089        30.4839
     357      17.0441        30.7808
     358      17.2355        29.8851
     359      17.1813        29.6843
     360      17.0350        29.8185
     361      17.2295        31.0185
     362      17.3113        30.5441
     363      17.2020        30.1418
     364      17.3123        30.2835
     365      17.3060        31.1526
     366      17.0734        29.6608
     367      17.1451        30.0607
     368      17.0732        29.9547
     369      17.1842        30.6329
     370      17.2672        30.0585
     371      17.2174        30.1015
     372      17.0794        29.7602
     373      17.0521        29.6760
     374      17.0969        30.5369
     375      17.1516        29.5999
     376      17.1787        30.2933
     377      16.9577        29.3728
     378      17.0515        29.7453
     379      17.0945        30.3743
     380      17.0579        30.3408
     381      16.9222        29.0740
     382      17.2274        30.5244
     383      17.0839        29.2070
     384      16.9944        28.6245
     385      17.0760        30.3814
     386      17.1077        31.1067
     387      17.0164        29.8250
     388      17.0356        30.5780
     389      17.0286        29.8990
     390      16.9207        29.1333
     391      17.1505        30.4748
     392      16.8126        29.8834
     393      17.0155        29.8119
     394      17.0524        29.8241
     395      16.9930        30.0980
     396      17.0639        30.5868
     397      16.9647        30.2650
     398      16.9926        30.1359
     399      17.0966        30.2593
     400      17.1452        30.5539
     401      17.1702        30.4043
     402      17.1322        30.2324
     403      17.2093        30.1670
     404      17.0445        30.0376
     405      17.0529        30.1253
     406      17.1760        30.7131
     407      16.9532        29.1206
     408      17.2770        29.9902
     409      17.2230        30.5026
     410      17.0903        31.3071
     411      17.0737        29.5320
     412      17.1822        30.9389
     413      17.0859        29.6809
     414      16.9727        30.9538
     415      17.0367        31.1432
     416      17.0798        29.8418
     417      17.1952        29.4468
     418      17.0379        30.2531
     419      17.1291        29.9720
     420      17.1382        29.8660
     421      17.0999        31.0586
     422      17.2999        30.2195
     423      17.1538        30.5041
     424      17.1441        29.8461
     425      17.1861        30.0582
     426      17.2895        32.8495
     427      17.1916        31.9410
     428      16.9767        29.2749
     429      16.9725        30.5058
     430      17.1604        30.0749
     431      17.2128        29.9914
     432      17.0942        29.5928
     433      17.1242        30.5280
     434      17.1359        30.3314
     435      17.0440        31.0977
     436      17.0476        30.4813
     437      17.0334        30.0526
     438      17.1653        29.8447
     439      17.2682        30.2391
     440      17.0700        31.1617
     441      17.3328        32.0771
     442      17.1765        30.2089
     443      17.5260        31.4354
     444      17.2797        30.5724
     445      17.1976        30.3445
     446      17.4586        31.6279
     447      17.2310        30.7695
     448      17.4145        30.6014
     449      17.4953        30.5397
     450      17.4438        30.5400
     451      17.7252        31.0005
     452      17.9015        31.9087
     453      17.6811        31.6992
     454      17.8133        32.8039
     455      17.6858        31.5307
     456      17.6367        30.3393
     457      17.6092        31.2813
     458      17.2816        29.8433
     459      17.2940        30.5747
     460      17.3668        30.8562
     461      17.6740        31.2736
     462      17.8570        32.0542
     463      17.6144        32.0287
     464      17.5336        30.2160
     465      17.7910        30.5728
     466      17.2421        29.4847
     467      17.7665        31.3546
     468      17.8486        31.8308
     469      17.7277        31.0965
     470      17.6477        31.0317
     471      17.7660        31.3523
     472      17.6337        32.6525
     473      17.2777        31.1221
     474      17.4394        31.0941
     475      17.2701        30.3087
     476      17.4501        30.5730
     477      17.5299        31.2413
     478      17.8723        31.5438
     479      17.8941        32.1853
     480      17.9222        33.2342
     481      17.9354        31.0471
     482      18.0075        30.8271
     483      18.1254        32.4822
     484      18.1646        32.0052
     485      17.9256        32.7234
     486      17.8069        31.5568
     487      18.1539        31.0688
     488      18.1782        31.6749
     489      17.9195        31.6173
     490      18.1614        32.0835
     491      18.1539        32.6498
     492      17.9447        31.5125
     493      18.1073        31.6620
     494      18.2034        31.3542
     495      17.9772        31.0319
     496      17.7122        31.2351
     497      17.6819        33.5850
     498      17.7690        32.2501
     499      17.9547        31.1024
     500      17.9276        32.1918
     501      17.8769        33.1727
     502      17.9659        32.9095
     503      18.0942        31.4788
     504      17.9781        32.7822
     505      17.7579        31.4398
     506      17.8086        32.5075
     507      17.9767        33.2910
     508      17.9833        32.1908
     509      18.0739        30.8648
     510      18.5190        31.8419
     511      18.1890        31.1877
     512      18.2521        32.8847
     513      18.5905        32.8273
     514      18.0385        31.1380
     515      18.3992        32.0624
     516      17.8235        30.7136
     517      17.8315        30.9725
     518      17.9278        31.3931
     519      17.9923        31.1526
     520      17.5612        30.2021
     521      17.2693        30.1908
     522      17.4653        30.9351
     523      18.0610        31.2046
     524      17.8566        30.7631
     525      18.2008        31.6457
     526      17.6694        30.5534
     527      17.8447        31.1612
     528      17.6647        30.6608
     529      17.8422        31.9424
     530      17.5286        30.5140
     531      17.7424        30.7586
     532      18.4315        32.3065
     533      18.3820        32.1174
     534      18.2475        31.3622
     535      18.0560        31.7243
     536      18.1146        32.1854
     537      17.9401        31.4279
     538      18.2228        31.6544
     539      18.3874        32.2982
     540      17.9131        32.7472
     541      18.5791        32.6315
     542      17.7245        30.7204
     543      17.8524        32.8319
     544      17.8497        31.0091
     545      18.1196        31.0374
     546      18.1978        31.0032
     547      17.6422        30.6538
     548      17.6034        32.1463
     549      17.6440        31.5618
     550      17.9246        31.0003
     551      17.6430        30.5048
     552      17.6876        30.6967
     553      17.8097        31.2931
     554      17.7530        32.9732
     555      17.6671        30.7175
     556      17.6426        31.0412
     557      17.9690        31.2580
     558      17.8784        30.8650
     559      17.8498        31.0277
     560      17.5685        29.9512
     561      17.5645        29.9886
     562      17.7216        31.8705
     563      17.5430        30.5452
     564      17.3378        29.9486
     565      17.4420        30.2179
     566      17.4368        30.4788
     567      17.4395        30.2766
     568      17.3275        30.3360
     569      17.1816        31.0912
     570      17.3907        30.7001
     571      17.3599        30.5726
     572      17.5822        30.7570
     573      17.4170        30.6273
     574      17.5713        30.7602
     575      17.4744        30.5469
     576      17.0964        30.4611
     577      17.2792        29.6655
     578      17.4469        29.8551
     579      17.2443        30.3171
     580      16.9884        29.5959
     581      17.2873        31.7326
     582      17.2592        29.5314
     583      17.1671        29.9305
     584      17.5992        31.0633
     585      17.4504        29.8473
     586      17.4661        30.8210
     587      17.4791        31.0366
     588      17.8011        30.2761
     589      17.6676        30.2444
     590      17.4872        30.5794
     591      17.5182        30.7536
     592      17.4306        30.6036
     593      17.3928        31.0263
     594      17.8698        30.8587
     595      17.8830        31.4645
     596      17.4588        30.4992
     597      18.0866        30.9048
     598      18.0065        30.5396
     599      17.7683        30.7871
     600      17.8724        30.9683
     601      17.6062        30.7365
     602      17.9522        31.1064
     603      17.8184        31.5812
     604      17.6955        30.9690
     605      17.8442        32.0990
     606      17.6875        30.4666
     607      17.6649        31.8024
     608      17.9216        31.0035
     609      17.9422        30.5937
     610      17.5861        30.2662
     611      17.7971        31.4736
     612      17.4101        30.5981
     613      17.6359        30.6216
     614      17.4043        30.7082
     615      17.3405        30.2397
     616      17.6831        31.0933
     617      17.6001        30.4906
     618      17.7025        31.1600
     619      17.8115        31.9791
     620      17.6690        32.0920
     621      17.9391        32.3969
     622      17.8194        31.6233
     623      17.9852        31.1417
     624      17.7710        30.9551
     625      18.0567        30.8103
     626      18.1771        32.5988
     627      17.9835        32.2835
     628      17.9706        31.1161
     629      17.7456        30.4217
     630      17.7546        30.6265
     631      17.9337        30.9990
     632      17.8746        31.3557
     633      17.7991        30.8131
     634      17.7848        31.1125
     635      17.6346        31.1993
     636      17.8027        32.0301
     637      17.7491        31.0288
     638      17.7676        31.7940
     639      17.7406        31.4944
     640      17.9533        32.2209
     641      17.8742        31.2448
     642      18.1100        31.0019
     643      17.9356        31.3354
     644      17.8270        32.0799
     645      17.7357        30.9151
     646      17.9202        32.0151
     647      17.7898        31.0142
     648      17.6938        31.3529
     649      18.1233        31.3715
     650      18.2373        32.0765
     651      17.9598        31.4777
     652      17.9563        31.8705
     653      18.0872        32.2239
     654      18.1134        30.8843
     655      17.9821        33.4383
     656      17.8722        31.5710
     657      17.9726        30.9438
     658      17.9555        30.7163
     659      17.8950        30.6611
     660      17.6738        29.7651
     661      17.8599        31.6866
     662      17.7181        30.2848
     663      18.2287        31.3050
     664      18.2968        31.6572
     665      18.1871        30.4119
     666      17.6670        31.2026
     667      18.2900        30.9245
     668      18.2526        33.6340
     669      18.2494        32.5969
     670      17.9367        34.1437
     671      17.6977        32.5643
     672      17.6652        31.0103
     673      17.8449        32.6135
     674      18.2788        32.0154
     675      18.0378        31.4335
     676      17.8030        32.5830
     677      17.7500        30.6539
     678      18.1082        30.8891
     679      17.9990        30.9001
     680      18.2131        32.1009
     681      18.0001        31.1452
     682      17.9055        33.1236
     683      17.8953        32.4143
     684      18.0016        32.6953
     685      18.4110        31.6407
     686      18.2190        34.1737
     687      18.3791        33.3344
     688      18.6076        33.7228
     689      18.5705        36.2397
     690      18.3595        35.3547
     691      18.2653        33.1703
     692      18.5642        33.9633
     693      17.8873        33.0967
     694      17.9423        35.0394
     695      18.0488        31.5521
     696      17.6485        33.2787
     697      18.2630        31.1930
     698      17.6411        33.1768
     699      18.4668        31.4411
     700      18.6195        33.1694
     701      17.7369        30.6861
     702      17.6778        32.0262
     703      17.7662        31.4749
     704      17.6282        31.2406
     705      17.7423        31.6234
     706      17.7665        31.2822
     707      18.2591        31.6359
     708      17.8656        31.8861
     709      18.0517        30.9756
     710      17.9195        32.6858
     711      17.6887        30.8965
     712      17.7702        31.0078
     713      17.5238        30.9568
     714      17.5910        31.5959
     715      17.8593        32.2779
     716      17.9969        32.8182
     717      17.9542        31.6936
     718      17.8136        31.0344
     719      17.6548        30.9758
     720      17.7128        33.1496
     721      17.5504        32.3451
     722      17.3137        31.9339
     723      17.4286        30.2148
     724      17.1710        30.1721
     725      17.2087        32.1520
     726      17.2468        30.2843
     727      17.4679        30.5585
     728      17.2426        31.5492
     729      17.4148        31.2185
     730      17.3918        30.1892
     731      17.3824        30.0446
     732      17.1404        30.6992
     733      17.0498        30.9215
     734      17.1443        31.4486
     735      17.4648        30.4876
     736      17.0748        30.1555
     737      16.8944        29.8864
     738      17.0328        29.3950
     739      17.1968        29.8656
     740      17.1341        29.7727
     741      17.3071        30.9434
     742      17.0178        29.5747
     743      16.9704        29.7047
     744      17.2995        29.8635
     745      17.3269        30.2698
     746      17.4578        31.9903
     747      17.1245        31.1177
     748      17.0301        30.5676
     749      17.1636        30.8100
     750      17.1792        30.5839
     751      17.0916        31.3156
     752      17.0886        30.6488
     753      16.9238        31.2589
     754      17.0033        30.1320
     755      17.1313        31.4412
     756      16.9581        30.7169
     757      17.0734        30.0281
     758      17.1084        30.1246
     759      17.0661        30.2550
     760      17.1978        31.0175
     761      17.0398        29.8228
     762      17.0711        33.2353
     763      17.2038        31.8734
     764      17.7712        31.9243
     765      17.6968        32.1788
     766      17.7513        30.6635
     767      17.6732        31.3806
     768      17.5403        30.6385
     769      17.7271        31.1354
     770      17.5324        30.9902
     771      17.6463        31.2166
     772      17.5875        31.0276
     773      17.6983        31.2132
     774      17.7361        31.0717
     775      17.5793        31.0967
     776      17.7385        31.3874
     777      17.6890        31.1911
     778      17.7343        30.5421
     779      18.2139        33.4955
     780      17.5598        29.7737
     781      17.8832        32.5406
     782      17.6320        30.8992
     783      17.8554        31.4463
     784      17.9785        31.6700
     785      17.6427        32.3225
     786      17.5326        29.9497
     787      17.8154        31.5659
     788      17.7570        31.5566
     789      18.0325        31.1669
     790      17.7376        31.5086
     791      17.7242        31.7812
     792      17.5276        30.8576
     793      17.7822        31.8173
     794      17.8308        31.6345
     795      17.9492        31.1284
     796      18.0981        31.5948
     797      17.6647        32.3815
     798      18.3104        30.9104
     799      17.7107        31.7830
     800      18.0290        31.9265
     801      17.9651        32.3035
     802      18.1102        31.6186
     803      17.8271        31.3173
     804      17.6268        30.6070
     805      17.9508        31.7037
     806      17.6182        31.0186
     807      17.5934        30.6327
     808      17.8946        31.6774
     809      17.6873        31.3817
     810      18.1694        31.5707
     811      18.0117        32.9396
     812      18.0133        31.7796
     813      17.7777        32.9775
     814      17.7369        32.8746
     815      17.9251        32.8342
     816      17.8219        31.5564
     817      17.7277        33.0621
     818      17.4675        32.7951
     819      17.3062        30.4900
     820      17.1915        30.0951
     821      17.3567        31.2111
     822      17.1144        30.0265
     823      17.4101        32.1359
     824      17.3858        31.2644
     825      17.2415        30.0597
     826      17.0672        29.8436
     827      17.0462        30.0859
     828      17.5148        30.7189
     829      17.4091        30.5058
     830      17.3129        30.4930
     831      17.1273        29.8312
     832      17.1524        30.7912
     833      17.1438        31.5300
     834      17.1359        29.9198
     835      17.1647        31.4618
     836      17.1276        31.1693
     837      17.2620        31.7659
     838      17.1815        32.7892
     839      17.0424        30.7243
     840      17.1585        30.7761
     841      17.2314        32.9963
     842      17.0832        31.1474
     843      17.1931        30.9064
     844      17.3233        30.3664
     845      17.2219        30.4523
     846      17.3020        30.5345
     847      17.2661        30.9185
     848      17.1070        30.5270
     849      17.2882        32.0694
     850      17.1124        30.1861
     851      17.1500        30.7634
     852      17.2018        32.0624
     853      17.1726        31.4868
     854      17.4648        32.6510
     855      17.3786        32.7923
     856      17.2496        31.8177
     857      17.3723        32.1756
     858      17.1267        32.0430
     859      17.1356        32.0068
     860      17.3005        32.9042
     861      17.0071        32.0270
     862      17.1550        31.4395
     863      17.0293        29.7513
     864      17.1352        30.6874
     865      17.0385        29.8389
     866      17.1911        30.0746
     867      17.2014        29.7188
     868      17.1101        30.7706
     869      17.1876        30.0127
     870      17.3274        31.0992
     871      17.2684        30.1481
     872      17.1033        31.5306
     873      17.2539        30.4626
     874      17.2402        29.7944
     875      17.3575        30.6774
     876      17.2123        32.4461
     877      17.1700        29.5860
     878      17.2278        30.4482
     879      17.3647        32.9624
     880      17.1755        30.0481
     881      17.2560        30.8320
     882      17.4008        30.2687
     883      16.9715        29.5032
     884      17.2463        29.9586
     885      17.0231        29.4547
     886      17.1648        30.0982
     887      17.1918        30.0699
     888      17.1032        30.4968
     889      16.9572        30.4586
     890      17.1913        31.0178
     891      17.1468        29.5531
     892      17.0759        30.4370
     893      17.0689        30.3502
     894      17.2649        32.0065
     895      17.2328        30.5436
     896      17.1116        32.0666
     897      17.0948        31.6591
     898      17.0746        30.5981
     899      17.2328        30.7959
     900      17.2032        30.4437
     901      17.0964        29.9907
     902      17.0965        30.1853
     903      17.3872        31.7975
     904      17.0634        30.8241
     905      17.1594        30.5163
     906      17.2032        31.0708
     907      17.0491        30.1140
     908      17.1669        29.9024
     909      17.1855        29.4606
     910      17.0436        32.0080
     911      17.1181        30.9007
     912      17.1402        30.0089
     913      17.0560        30.2050
     914      17.3006        30.7294
     915      17.1614        31.5245
     916      17.0569        31.4769
     917      16.9729        29.4650
     918      17.2640        31.8084
     919      17.3000        31.1008
     920      17.2322        29.8300
     921      17.0891        30.5258
     922      17.1392        31.1834
     923      17.1438        30.9019
     924      17.2381        32.3065
     925      17.2259        31.4537
     926      17.0267        31.1333
     927      17.1965        30.6678
     928      17.1769        31.3599
     929      17.0936        29.9363
     930      17.0335        30.3520
     931      17.1172        29.9751
     932      17.2705        31.3719
     933      17.0847        29.9152
     934      17.1031        30.9553
     935      17.1201        29.7335
     936      17.0811        30.0115
     937      16.9777        30.8407
     938      17.1689        31.9210
     939      17.0012        31.1318
     940      17.3497        32.0183
     941      16.9957        30.3489
     942      17.1119        29.7330
     943      17.2745        32.8527
     944      17.1096        30.1524
     945      17.2425        32.0060
     946      17.4314        31.9294
     947      17.1707        30.4109
     948      17.2318        29.8791
     949      17.1276        31.9014
     950      17.3796        30.8209
     951      16.9868        30.7127
     952      16.8809        29.6979
     953      17.2659        30.1617
     954      16.8825        30.2681
     955      17.1758        31.6209
     956      17.1448        31.7651
     957      17.1419        32.3538
     958      17.1852        31.0539
     959      17.2452        30.0416
     960      17.1556        30.2246
     961      17.1699        30.4007
     962      17.3280        31.8507
     963      17.1542        29.8791
     964      17.0528        30.8308
     965      17.1950        30.5748
     966      17.1969        30.7518
     967      17.1920        29.9887
     968      17.2366        33.7700
     969      17.0740        29.7551
     970      17.1895        30.1351
     971      17.2009        29.5224
     972      17.1202        29.8392
     973      17.2955        30.5505
     974      17.2410        31.1375
     975      17.1401        30.3518
     976      17.1323        31.2382
     977      17.2016        32.1928
     978      17.1410        31.6671
     979      17.1401        30.0948
     980      17.2589        30.8176
     981      17.3023        31.3698
     982      17.1752        30.2405
     983      16.9396        30.5035
     984      17.2491        30.0001
     985      17.0998        29.8092
     986      17.1156        30.5365
     987      17.3482        30.4865
     988      17.2190        30.1256
     989      17.0767        30.0637
     990      17.2558        31.1608
     991      17.0477        30.2127
     992      17.1889        29.9141
     993      17.7346        31.3245
     994      17.5302        31.3961
     995      17.2510        31.4896
     996      17.7140        32.5577
     997      17.7817        32.2808
     998      17.4745        30.6017
     999      17.3710        32.8775
    1000      17.2750        31.2720
