#Frame        hh_dist
       1      11.1092
       2      11.1806
       3      10.6675
       4      11.4321
       5      10.3620
       6      11.7833
       7      11.0237
       8      10.9662
       9      10.8007
      10      10.7472
      11      11.1276
      12      11.3336
      13      11.2454
      14      10.9029
      15      11.0235
      16      11.7029
      17      11.1739
      18      10.8320
      19      11.3270
      20      10.8328
      21      12.2159
      22      11.3304
      23      10.9534
      24       9.8628
      25      10.6404
      26      11.9879
      27      11.5920
      28      11.4760
      29      10.9953
      30      11.0668
      31      11.1738
      32      12.0634
      33      11.3077
      34      11.2520
      35      10.9725
      36      11.8609
      37      10.9423
      38      11.3783
      39      11.4110
      40       9.9736
      41      10.5201
      42      10.9835
      43      11.3201
      44      11.6512
      45      11.5128
      46      10.7109
      47      11.0915
      48      10.4849
      49      11.7316
      50      11.1023
      51      11.2357
      52      11.5106
      53      10.9569
      54      11.0614
      55      11.1909
      56      10.3480
      57      12.4856
      58      11.5106
      59      11.5170
      60      11.4027
      61      10.4684
      62      11.2865
      63      10.7196
      64      10.8274
      65      11.0072
      66      11.5875
      67      10.4870
      68      10.5952
      69      10.2717
      70      10.1948
      71      10.7333
      72      11.5236
      73      10.5738
      74      11.4519
      75      11.1016
      76      10.5909
      77      10.5552
      78      11.0731
      79      10.9968
      80      11.7936
      81      10.8179
      82      11.3740
      83      10.8583
      84      11.5513
      85      10.5965
      86      10.9913
      87      10.4390
      88      10.7768
      89      11.2848
      90      10.4947
      91      11.0697
      92      10.7471
      93      11.4836
      94      11.1373
      95      11.2604
      96      10.7766
      97      11.5053
      98      11.4761
      99       9.4275
     100      10.9913
     101      10.8359
     102      10.6539
     103      10.7803
     104      10.8310
     105      10.8196
     106      11.1671
     107      10.7363
     108      12.6259
     109      11.4178
     110      10.6392
     111      10.5728
     112      11.4948
     113      11.0135
     114      11.3186
     115       9.6981
     116      10.0878
     117      11.5962
     118      11.2935
     119      10.3042
     120      10.7198
     121      10.6111
     122      10.3555
     123      11.8624
     124      10.2132
     125      10.4879
     126      10.5699
     127      11.2797
     128      10.8406
     129      10.7788
     130      10.8906
     131      10.0491
     132      10.2402
     133      10.7661
     134      11.6164
     135      11.2370
     136      10.6833
     137      11.1079
     138       9.6309
     139      10.9437
     140      10.3132
     141      10.7976
     142       9.8747
     143      11.0986
     144      10.8712
     145       9.9158
     146      10.4125
     147      10.2139
     148      10.7091
     149      10.2240
     150      10.7819
     151      10.9829
     152      10.2215
     153      10.8411
     154      10.1016
     155      10.6508
     156      10.2319
     157      10.8511
     158      10.5408
     159      10.4733
     160      10.5928
     161      10.7878
     162      11.9495
     163      10.9624
     164      10.3847
     165      11.5376
     166      11.1027
     167      10.2562
     168      10.7345
     169      10.8149
     170      10.7233
     171       9.8728
     172      11.1962
     173      11.2143
     174      10.0491
     175      10.9180
     176      10.8674
     177      10.9405
     178      11.0735
     179      11.4108
     180      10.9979
     181      10.5992
     182      10.7529
     183      10.3965
     184      10.5056
     185      10.7013
     186      10.8280
     187      10.8025
     188      11.0730
     189      10.7693
     190      10.8100
     191      10.1722
     192      10.2818
     193      10.9569
     194      10.4633
     195      11.0748
     196      10.6980
     197      10.5301
     198      11.5960
     199      11.1231
     200      10.1490
     201      10.6257
     202      10.6659
     203       9.8343
     204       9.5900
     205       9.1939
     206       8.4971
     207       8.1677
     208       9.4163
     209      11.4879
     210      10.5773
     211      11.0617
     212      10.1058
     213      10.9533
     214      10.1479
     215      10.0639
     216      11.3534
     217      11.6798
     218      10.8487
     219      10.6315
     220      10.4291
     221      10.3045
     222      11.2837
     223      11.1052
     224      11.1116
     225      11.2222
     226      11.1619
     227      10.6126
     228      11.5571
     229      11.3150
     230      11.3912
     231      11.2949
     232      11.7333
     233      11.6876
     234      11.2365
     235      11.0115
     236      11.1724
     237      11.0985
     238      11.7124
     239      11.3727
     240      10.2743
     241      11.0341
     242      11.8424
     243      11.4329
     244      12.3244
     245      11.6073
     246      11.7478
     247      11.3220
     248      11.6211
     249      11.6300
     250      12.5415
     251      12.1240
     252      11.9138
     253      11.6609
     254      11.1401
     255      11.4285
     256      11.6653
     257      11.5504
     258      11.1731
     259      11.0445
     260      11.1966
     261      11.2883
     262      10.5049
     263      11.7582
     264      11.2518
     265      11.3087
     266      11.6960
     267      10.7050
     268      11.4746
     269      11.4235
     270      11.3924
     271      11.5503
     272      10.4973
     273      10.0586
     274      11.7000
     275       9.5318
     276      10.6129
     277      10.8554
     278      10.8294
     279      12.0488
     280      10.1208
     281       7.1721
     282       8.5480
     283      10.0793
     284       9.2780
     285      11.8668
     286      10.7605
     287      11.2509
     288      10.4366
     289       7.4652
     290      11.3955
     291       8.3612
     292       9.2696
     293       9.2565
     294       9.1368
     295       8.8229
     296       9.2871
     297       9.0649
     298       8.8835
     299       9.3714
     300       9.1748
     301       9.3894
     302       8.6942
     303       8.6616
     304      10.3322
     305       9.7857
     306      10.0104
     307       9.8037
     308       9.5945
     309       9.6287
     310       9.9156
     311      10.0642
     312      10.0313
     313      10.0884
     314      10.5107
     315       9.8681
     316       9.8890
     317       9.7182
     318       9.3154
     319       9.9006
     320       9.9008
     321      10.0275
     322       9.8790
     323       9.7537
     324      10.1512
     325      10.2302
     326       9.7830
     327       9.5903
     328       9.8936
     329       9.9611
     330       9.8475
     331      10.3769
     332       9.9070
     333      10.7915
     334      10.2203
     335       9.9302
     336       9.7008
     337       9.9472
     338      10.3240
     339      10.5241
     340      10.1195
     341       9.9641
     342      10.3139
     343       9.8387
     344      10.0513
     345       9.2215
     346       9.3077
     347       9.7951
     348      10.2986
     349       9.6118
     350       9.0697
     351      10.5216
     352      10.5129
     353      10.1072
     354       9.9286
     355       9.6595
     356       9.9835
     357       9.7587
     358      10.3899
     359      10.2289
     360       9.7093
     361       9.8056
     362      10.3022
     363       9.9355
     364       9.5794
     365      10.2953
     366      10.1135
     367      10.0832
     368       9.9111
     369       9.6707
     370      10.1452
     371       9.8020
     372      10.2153
     373      10.1153
     374       9.8446
     375       9.6955
     376      10.1698
     377      10.1857
     378      10.1970
     379       9.8999
     380       9.7768
     381      10.2363
     382      10.2511
     383       9.7582
     384      10.2432
     385       9.8796
     386      10.2949
     387      10.5415
     388      10.2595
     389       9.8570
     390       9.8651
     391      10.5346
     392       9.8648
     393      10.1384
     394      10.3880
     395      10.2990
     396      10.0726
     397      11.2211
     398       9.5716
     399       9.8599
     400      10.2947
     401       9.8939
     402       9.8328
     403       9.9017
     404       9.6211
     405       9.7233
     406      10.1803
     407       9.6793
     408      10.4551
     409      10.1048
     410       9.2847
     411       9.7272
     412      10.5503
     413      10.4424
     414       9.8858
     415      10.0849
     416      10.4783
     417      10.5525
     418       9.5131
     419      10.3059
     420      10.1955
     421      10.4029
     422       9.8103
     423       9.7646
     424      10.4116
     425      10.1727
     426       9.7183
     427      10.0666
     428       9.9771
     429      10.0644
     430      10.3797
     431      10.1272
     432       9.9480
     433      10.0910
     434      10.0744
     435       9.9738
     436      10.3685
     437      10.2898
     438       9.9253
     439       9.9520
     440      10.8199
     441      10.7515
     442       9.6425
     443      10.4014
     444      10.1229
     445       9.7939
     446       9.4639
     447       9.6193
     448      10.1838
     449       9.6942
     450       9.9406
     451       9.7236
     452      10.0855
     453      10.2587
     454       9.6057
     455       9.4964
     456       9.8073
     457       9.9686
     458       9.7466
     459       9.7084
     460      10.1656
     461       9.4421
     462       9.4386
     463      10.0213
     464       9.8496
     465      10.2509
     466      10.7789
     467       9.8594
     468      10.1866
     469       9.5894
     470       9.4101
     471      10.3017
     472       9.8770
     473      10.1381
     474      10.0530
     475      10.4481
     476      10.3228
     477       9.8867
     478      10.0542
     479      10.4090
     480      10.1282
     481       9.8852
     482       9.9729
     483      10.1473
     484       9.3529
     485       9.9907
     486       9.7260
     487       9.6663
     488       9.5208
     489      10.2988
     490       9.1019
     491       9.4033
     492      10.0339
     493       9.4269
     494       9.6957
     495       8.9092
     496      10.0532
     497      10.4590
     498       9.7220
     499       9.9897
     500      10.1253
     501       9.8605
     502      10.6813
     503       9.8230
     504      10.0438
     505       8.8467
     506       9.8704
     507       9.5518
     508      10.3746
     509      10.5277
     510      10.1665
     511       9.3996
     512      10.1760
     513       9.7613
     514       9.7763
     515       9.5724
     516       9.9619
     517       9.9939
     518      10.0120
     519       9.5591
     520       9.8128
     521       9.8518
     522      10.0426
     523       9.7508
     524      10.1274
     525      10.1099
     526       9.7805
     527       9.8498
     528       9.2612
     529      10.0859
     530       9.4900
     531       9.7331
     532       9.3866
     533      10.4876
     534      10.1626
     535       9.4446
     536       9.3684
     537      10.0495
     538       9.9140
     539       9.7859
     540       9.9834
     541       9.4015
     542       9.6678
     543       9.4229
     544       9.8324
     545       9.6186
     546       9.5542
     547       9.3447
     548       9.9156
     549       9.8134
     550      10.5332
     551       9.8519
     552       9.9853
     553       9.5800
     554      10.6087
     555       9.5253
     556      10.3278
     557       9.3837
     558       9.4283
     559       9.8005
     560       8.9378
     561       9.7089
     562       9.0738
     563       9.7899
     564       9.8309
     565       9.8015
     566      10.4769
     567       9.6112
     568       9.5960
     569      10.6407
     570       9.1430
     571       9.5459
     572       9.2228
     573       9.4335
     574      10.2931
     575       9.2316
     576      10.5911
     577       9.5783
     578       9.4389
     579       9.7106
     580       9.3369
     581      10.3969
     582       9.5163
     583       9.6234
     584       9.6153
     585       8.7956
     586       9.8396
     587       9.3591
     588       9.8208
     589      10.3099
     590       9.8348
     591       9.8163
     592       9.4159
     593      10.1444
     594       9.7099
     595       9.9497
     596       9.5535
     597      10.1419
     598       9.5575
     599       9.7880
     600       9.6282
     601       9.0961
     602      10.0060
     603      10.1335
     604       9.4455
     605       9.6820
     606      10.1006
     607      10.1312
     608       9.5190
     609       8.9508
     610       9.8819
     611       9.6973
     612      10.0763
     613      10.2325
     614       9.6432
     615       9.4881
     616       8.9715
     617       8.5910
     618      11.4458
     619      10.4508
     620       8.9428
     621       9.6546
     622      11.1692
     623      10.6693
     624      10.1404
     625       9.6346
     626       9.7673
     627       9.9916
     628       9.6303
     629       9.2597
     630       9.2733
     631       9.5860
     632      10.2713
     633       9.3800
     634       8.6939
     635       8.4058
     636       8.7131
     637       8.1704
     638       8.5275
     639       8.6157
     640       9.3527
     641       9.5437
     642      10.0825
     643       9.3409
     644       9.2503
     645       9.2735
     646      10.4018
     647       9.7645
     648       9.1303
     649       9.4973
     650       9.3718
     651       9.1757
     652       8.8601
     653       9.8223
     654       9.8923
     655       9.4693
     656       9.8969
     657      10.0074
     658      10.4468
     659       9.7664
     660      10.3767
     661       9.4694
     662       9.9460
     663      10.9065
     664       9.9920
     665       9.8249
     666      10.0667
     667      10.2681
     668       9.8848
     669      10.5593
     670       9.9626
     671      10.3888
     672      10.7786
     673       9.3418
     674       9.9532
     675       9.4270
     676      10.1375
     677       9.5480
     678      10.2837
     679      10.8358
     680      10.1198
     681      10.5133
     682       7.9684
     683       8.8664
     684      10.8729
     685       8.1282
     686       7.6969
     687       9.7352
     688      10.5275
     689      11.1792
     690      10.4442
     691      11.1519
     692      10.0250
     693       7.3235
     694       6.9915
     695       7.7077
     696       8.6942
     697       7.7085
     698      10.0966
     699      11.7035
     700      11.2477
     701      10.3560
     702       7.9820
     703       9.2983
     704      10.4357
     705       9.3656
     706       9.7125
     707       9.4272
     708       9.1969
     709       9.6031
     710       8.9169
     711      10.0217
     712      10.4183
     713      10.8911
     714       9.8703
     715      10.6482
     716      11.8610
     717      11.0425
     718       9.9666
     719       9.9037
     720       9.9785
     721      10.1504
     722      10.9240
     723       9.4336
     724      10.1860
     725      11.4612
     726       9.8444
     727      10.8187
     728      11.1849
     729      10.8453
     730       9.7583
     731       9.3355
     732      10.1618
     733      10.2431
     734      10.1647
     735      10.8772
     736       9.7341
     737       8.6001
     738       9.1991
     739       8.8737
     740      10.2981
     741      10.0757
     742       9.6627
     743       9.6947
     744      10.2734
     745       9.8695
     746      10.0100
     747       9.6843
     748       9.5457
     749      10.3561
     750       9.8819
     751       9.5151
     752       9.1601
     753       7.8845
     754      10.5596
     755       7.7351
     756       7.7415
     757      11.9696
     758      10.8633
     759      10.6058
     760      12.2494
     761      12.2242
     762       9.2444
     763      11.2087
     764      11.0683
     765      11.5111
     766       8.6982
     767      11.0773
     768      11.1148
     769       8.9281
     770       9.5544
     771      10.8616
     772       8.7173
     773      11.9121
     774      10.8421
     775       9.5328
     776      11.0111
     777       9.5535
     778      10.3748
     779      11.0166
     780      10.9932
     781      11.4870
     782      10.7308
     783       9.5168
     784      10.6311
     785      11.2528
     786       9.8278
     787      10.3654
     788      11.0321
     789      10.7753
     790      10.4964
     791      11.3851
     792      11.0749
     793      12.0753
     794      11.4027
     795      10.9316
     796      10.3781
     797      10.7334
     798      11.1655
     799      10.8552
     800      11.7417
     801      12.3353
     802      10.6819
     803       9.9712
     804      11.2876
     805       9.9087
     806      10.5639
     807       8.9960
     808      10.1328
     809      10.7551
     810       9.6833
     811      10.1162
     812      11.4497
     813      10.7623
     814       9.2445
     815       9.9296
     816      10.2571
     817      10.9997
     818      11.5161
     819      11.0485
     820      10.6784
     821      11.2660
     822      11.2575
     823      12.3449
     824      10.4450
     825      11.5026
     826      10.2443
     827      11.4700
     828      10.8782
     829      11.8185
     830      10.9487
     831      11.8981
     832      11.6540
     833      11.5352
     834      10.7984
     835      11.0814
     836      10.5506
     837      10.9867
     838      10.7662
     839      11.5257
     840      12.0243
     841      11.7079
     842      11.7676
     843      11.2601
     844      11.1378
     845      11.6881
     846      11.0557
     847      12.2551
     848      11.7868
     849      11.7181
     850      11.5865
     851      11.5163
     852      11.3127
     853      11.7674
     854      11.9805
     855      12.2291
     856      12.0285
     857      12.2362
     858      11.7008
     859      11.6356
     860      11.3487
     861      12.1188
     862      11.7393
     863      12.5091
     864      12.0682
     865      11.4928
     866      11.9317
     867      11.8824
     868      12.0121
     869      11.9742
     870      11.7626
     871      12.0824
     872      12.5985
     873      10.6661
     874      10.6690
     875      11.5234
     876      12.1874
     877      11.4691
     878      10.0461
     879      10.7610
     880      10.9219
     881      11.0967
     882      10.9921
     883      11.6968
     884      11.7365
     885      11.4909
     886      11.0657
     887      11.1361
     888      10.1489
     889      12.3810
     890      11.6502
     891      12.4252
     892      11.6481
     893      10.6936
     894      11.4826
     895      10.7550
     896      11.0438
     897      10.7733
     898      11.7143
     899      11.3004
     900      11.5293
     901      10.5063
     902      12.0481
     903      11.8853
     904      11.6454
     905      12.5547
     906      11.5723
     907      12.3514
     908      11.7961
     909      12.3758
     910      12.4824
     911      11.2046
     912      11.8822
     913      11.1390
     914      11.8742
     915      12.1265
     916      11.7812
     917      10.3921
     918      11.9737
     919      11.8301
     920      12.0758
     921      10.8394
     922      11.9282
     923      11.9890
     924      10.8636
     925      12.4604
     926      11.8770
     927      11.7881
     928      11.8412
     929      11.5920
     930      12.0816
     931      11.8396
     932      11.7009
     933      11.3406
     934      11.0166
     935      11.2073
     936      10.7412
     937      11.4356
     938      11.4876
     939      11.1292
     940      10.3977
     941      10.7313
     942      10.1713
     943      11.4356
     944      11.3141
     945      10.8152
     946      10.3884
     947      10.8487
     948      11.4778
     949       9.9670
     950      11.3840
     951      11.6486
     952      11.9360
     953      10.0369
     954      11.0297
     955      12.1901
     956      11.2788
     957      10.0036
     958      10.6017
     959       9.7967
     960       9.9029
     961       8.8979
     962       9.9910
     963      10.0133
     964      11.0159
     965      10.4788
     966       9.4568
     967       8.3863
     968      10.5929
     969      10.8473
     970      10.3887
     971      11.0043
     972      10.4374
     973       9.2373
     974      10.3142
     975      10.2402
     976       9.2473
     977      10.1070
     978      10.2207
     979       9.5300
     980       9.9850
     981      10.1728
     982       9.4198
     983       9.8359
     984       9.5852
     985      11.4220
     986      11.5532
     987      10.0026
     988      11.1779
     989      10.4894
     990       9.4928
     991       9.9372
     992       9.9250
     993      10.0505
     994       9.8666
     995      10.1967
     996      10.9458
     997      10.3446
     998      10.3110
     999      10.6325
    1000      11.1041
