#Frame        phi:121      psi:121
       1    -107.3577     -27.2329
       2     -88.5736     -24.1628
       3    -133.7223      -7.1003
       4    -102.6111     -17.3859
       5    -132.9221      15.1587
       6    -122.9527     -12.5878
       7    -129.3204     -10.3256
       8    -123.7633      -8.5807
       9    -113.7248      -9.9685
      10    -106.5383      -9.2604
      11    -137.0941      -2.4855
      12    -134.4856       8.7550
      13    -152.0773       8.8822
      14    -145.4680      -4.8866
      15    -120.6061      -0.5550
      16    -123.6176       0.1346
      17    -143.3423       6.5061
      18    -130.0904      -2.6512
      19    -147.1612      -9.0733
      20    -123.4789      -9.9588
      21    -134.5410      -8.7425
      22    -138.4811       0.4872
      23    -140.2131       5.3888
      24    -123.9975      -4.0466
      25    -124.2300     -16.3091
      26    -135.7536       6.8741
      27     -99.5225       5.2373
      28    -131.5120       2.2813
      29    -138.4903       0.8654
      30     -83.8077      -5.3258
      31    -119.0685       3.9230
      32    -120.5199       6.2522
      33    -122.3714       5.1297
      34    -114.1907       5.3119
      35    -127.3198      11.4375
      36    -129.1396      18.3394
      37    -131.3226       2.4882
      38     -88.3978      -1.9281
      39    -122.4777      12.5007
      40    -119.7667       6.0773
      41    -111.9654       1.5088
      42     -86.9108      -0.2406
      43    -121.3828      -1.0271
      44    -129.5342      14.0447
      45    -121.0815       1.4811
      46    -134.0697       5.8247
      47     -95.3388       1.7686
      48     -99.3681      -2.0078
      49    -106.7110       0.3455
      50    -116.3474      -4.6217
      51     -94.7732       1.4600
      52    -107.6034      -8.0355
      53     -97.3180     -14.5167
      54    -113.7706       9.7590
      55    -105.9989      -1.7365
      56     -86.8654      -8.4142
      57    -108.4197      -0.0805
      58    -102.3628       6.6546
      59    -108.3358       2.3750
      60     -99.7872      -2.5965
      61     -98.0088       0.2285
      62    -102.3770      -6.4543
      63     -98.8835       2.3922
      64    -100.2285      18.6268
      65    -118.9677      18.3027
      66     -99.7991      11.8698
      67     -98.2652       8.4107
      68    -116.3769      -3.4425
      69    -112.3426      -6.3557
      70    -110.5985      10.0562
      71    -108.6794       1.3161
      72    -100.0730      -0.6746
      73     -83.4213      -3.2104
      74    -120.6964       3.9599
      75    -102.4555      -4.2129
      76     -93.2452      12.6969
      77    -111.6088      -1.3288
      78    -116.0791       3.0341
      79    -106.0414      -7.5667
      80     -88.0929     -11.9712
      81     -85.0402     -18.3250
      82    -112.5893       6.7652
      83     -80.8887      -7.7384
      84     -90.8341       8.6615
      85    -108.0163      -2.3256
      86     -95.2785      -9.3284
      87    -109.7912       7.5290
      88    -103.9003       2.8460
      89     -89.5096      -2.9979
      90    -107.9522       3.5871
      91    -109.9972       5.2852
      92    -118.6038      11.1308
      93    -103.8587       2.1116
      94     -82.9508      -2.8509
      95     -83.0564      -2.9756
      96    -101.6373      12.5579
      97     -93.8596      -7.7431
      98     -91.3910      -5.5383
      99    -108.6390      -2.5434
     100    -115.7903      16.6840
     101    -109.0809      12.7825
     102    -125.2723      -7.4678
     103    -112.6537      13.0850
     104     -95.5165      18.2822
     105    -108.7696      -2.5449
     106    -103.9653       9.9889
     107    -123.2269      -2.7314
     108    -100.6750       8.4549
     109    -114.8488      18.6432
     110    -109.8969       9.1337
     111    -115.0640     -10.9339
     112    -126.1950       5.6358
     113    -116.0076       4.8963
     114    -111.6207      10.2499
     115     -95.3304       6.3188
     116     -96.8714       3.6418
     117     -89.4378      -3.1945
     118     -72.1625       3.1364
     119    -110.2468      -0.2456
     120    -107.0836     -11.7294
     121    -111.1717      10.3833
     122    -112.2243      13.0631
     123    -100.3962      14.6772
     124    -128.5221      -2.2204
     125    -125.0007     -13.0346
     126    -102.4804      -9.8485
     127     -91.0496      10.7087
     128     -91.0158     -16.7354
     129    -136.8910      14.4116
     130    -135.7367      -1.2983
     131    -137.3744      -2.7505
     132    -143.6208      17.7806
     133    -124.6217      -2.8511
     134    -107.4831       8.4430
     135    -124.4135      -8.0693
     136    -103.1987      -7.2163
     137    -125.9034      -8.1496
     138    -124.8386       4.7225
     139    -112.7883      -6.1291
     140    -110.4390      -2.5146
     141    -108.2979     -11.5698
     142    -105.0595      -0.6816
     143    -127.4487       6.1119
     144    -113.7560      -6.7782
     145    -134.2412     -10.7027
     146    -138.3816      -4.7335
     147    -110.8860      -6.2042
     148    -128.3884      -5.8580
     149     -97.6389      -4.4399
     150    -112.6014      -1.0302
     151    -112.2315      -3.2676
     152    -103.1658     -13.0375
     153    -115.0112      -2.2253
     154    -139.3189      22.0022
     155    -103.3810     -10.9018
     156    -119.0292      14.3874
     157    -113.3006      -0.1486
     158    -131.2250     -27.2748
     159    -100.0456      -2.0668
     160    -105.7439      -5.5824
     161    -139.7445     -32.2742
     162    -109.2113      -4.7193
     163    -125.2406      -7.5968
     164    -107.5011     -16.1400
     165    -120.6031      -9.2931
     166    -108.8269     -22.4455
     167    -109.0301       2.7180
     168    -127.9362     -16.9380
     169    -120.2868     -11.9893
     170    -125.3359      -3.3902
     171    -101.8310     -21.2977
     172    -128.8898      -9.4205
     173    -139.4314       2.2415
     174     -97.4335      -6.0437
     175     -91.5692     -21.0790
     176    -120.4001     -30.5110
     177    -132.8614       7.7009
     178    -113.0676      -3.3486
     179    -133.6561     -18.9735
     180    -127.2771     -16.7574
     181    -119.5252     -16.7936
     182     -85.9580     -11.2428
     183    -106.7446      -7.5945
     184    -121.8418      -3.3443
     185    -119.1850     -12.8615
     186    -110.6029      -4.9941
     187    -119.2327       5.9040
     188     -97.4673     -17.9768
     189    -114.2567      -8.0719
     190    -119.9274     -17.5030
     191     -99.6775     -16.8045
     192    -126.8312      -4.4939
     193    -128.3074      -8.1079
     194    -108.6006      -4.7339
     195    -105.3424      -9.9255
     196    -126.4807      19.8491
     197    -117.3191     -20.6199
     198    -122.7720      13.9036
     199     -82.9748     -12.7097
     200    -114.5390       2.9829
     201    -117.7541     -15.0481
     202    -121.8900     -11.1916
     203    -107.8565     -17.4049
     204    -120.6797     -16.6310
     205    -112.8796      -2.6106
     206    -132.1221       6.8178
     207    -125.5009      19.9621
     208    -125.3892       8.0394
     209     -96.3578       3.2050
     210    -140.9186      -5.3692
     211    -128.9302     -17.3873
     212    -107.0475     -21.7770
     213    -108.0206     -13.1479
     214    -125.0023     -10.9794
     215    -104.7608     -14.1328
     216    -110.3078     -24.9313
     217    -110.4990     -17.7225
     218    -119.8142      -0.8110
     219    -108.0076      14.7853
     220    -105.1423      -9.5954
     221    -138.5974       2.3206
     222    -138.3551      -1.1115
     223    -121.7151     -13.0500
     224    -136.4488      -3.6341
     225    -129.9031      -5.5051
     226    -127.4569       0.8171
     227    -115.3906       0.8528
     228    -130.7484       2.7741
     229    -140.6337     -10.8675
     230    -126.6874       6.1422
     231    -113.3729      -3.4232
     232    -132.2720       5.8186
     233     -96.3599      -4.6866
     234    -123.7658      -6.8146
     235    -120.1197      -5.7469
     236    -121.5121      -0.3523
     237    -126.2964       3.6782
     238    -137.9147      -5.9472
     239    -117.7011     -18.7928
     240     -95.9087     -11.7704
     241    -133.4281      -8.1641
     242    -108.5641     -17.4640
     243    -113.4952      -5.1080
     244    -126.0002      -1.7720
     245    -110.6842     -11.4631
     246    -112.6036     -16.0224
     247    -132.8433       7.6440
     248    -119.2378     -28.1302
     249    -136.5944       5.9621
     250    -127.9053       6.0131
     251    -118.8099       3.2327
     252    -130.1526       0.4133
     253    -128.9501     -12.8247
     254    -124.9157      -8.6619
     255    -122.5949      -4.8612
     256     -76.2276     -19.7628
     257    -102.9151     -17.4408
     258    -122.3014      -6.5728
     259    -140.3654      -4.5328
     260    -124.5186      -7.2164
     261    -140.1891      -2.5480
     262    -116.9914     -19.3616
     263    -117.8014      -6.5512
     264     -91.9267      -6.7954
     265    -122.4732       0.6655
     266    -129.6545      -2.1751
     267     -90.4178      -4.4149
     268    -133.3682     -19.0314
     269    -135.7340       1.9778
     270     -99.5009     -20.2992
     271    -121.0405     -12.2375
     272    -123.2294      11.6111
     273    -136.0046     -16.2554
     274     -94.1544     -12.4815
     275    -103.3566     -14.4281
     276     -73.7491     -21.3643
     277    -129.3031      12.7233
     278     -98.8068     -24.0999
     279     -99.1207     -22.6388
     280     -91.3462      -5.6005
     281    -125.5077       7.3110
     282    -105.5085     -10.5502
     283    -142.4179      -7.3607
     284    -124.6631       0.1389
     285    -123.6886      -6.0729
     286    -128.1991      -6.3908
     287    -135.6616      -6.8549
     288    -124.7000      -1.5448
     289    -115.1541     -13.5895
     290    -105.3646      -3.8136
     291    -141.7213       2.6010
     292    -130.2203      15.3790
     293    -145.1539     -16.6679
     294    -131.4634      -8.4589
     295    -104.4374      -4.6267
     296    -121.6854      -7.3420
     297    -126.0846       9.7990
     298    -106.7769      -8.8982
     299    -128.0919      -4.5851
     300    -107.1735      -5.3121
     301    -120.8351       8.4804
     302    -111.8310      -2.2694
     303    -103.2986      -7.4153
     304    -121.6139       6.2138
     305    -114.2241      -5.7549
     306    -116.5987     -17.3196
     307    -144.8956      -3.0079
     308    -134.9007      -6.0942
     309    -131.4478       3.4490
     310    -134.1921     -26.7662
     311    -120.0342     -14.6503
     312    -110.2733      -6.6783
     313    -128.5699      -5.6506
     314    -109.2857       6.4454
     315    -121.5976      -4.5430
     316    -119.0752     -19.5348
     317    -124.7712     -20.8275
     318    -107.1108     -29.5011
     319    -145.8137      24.6500
     320    -127.7454      -3.5168
     321    -114.8534      -2.5328
     322    -141.0235     -10.9061
     323     -88.3954     -14.2677
     324    -116.7672      -7.9959
     325    -111.2787      -8.2151
     326     -99.3089     -24.0180
     327    -122.9322      -8.2249
     328    -106.8018     -12.0133
     329    -114.1642     -15.4585
     330    -117.7391      -3.1496
     331    -124.4178      -0.6099
     332    -123.6670      -4.3960
     333     -98.9427     -10.2836
     334    -115.6109       0.0935
     335    -109.3641     -20.4846
     336    -109.1909      -4.1720
     337    -108.8936     -13.8966
     338    -118.8419      -7.0232
     339    -118.4656      -4.0615
     340    -121.2123     -19.8960
     341    -122.6187       4.6658
     342    -118.8902      -9.2990
     343     -93.6028     -26.8223
     344    -122.7566     -13.7903
     345    -103.3064     -20.4852
     346    -124.6897     -18.6063
     347    -140.3643       0.0401
     348    -114.6361     -23.9159
     349    -116.4847     -13.3783
     350    -126.5265     -24.1407
     351    -137.7630      -1.7743
     352    -122.2584     -14.8227
     353    -135.3321     -16.3691
     354    -131.1243       0.2160
     355    -113.0662       5.5397
     356    -142.9522      -4.5828
     357    -119.7756      -1.7284
     358    -117.7391     -11.4134
     359    -130.3732      -0.5897
     360    -104.2915       6.5854
     361    -102.1722       1.0530
     362     -99.1277     -12.6593
     363    -141.5405     -11.8492
     364    -134.8664       1.8122
     365    -126.3772      -3.0956
     366     -96.0789     -23.0404
     367    -122.8436      -0.2312
     368    -111.6296       0.7785
     369    -119.7877     -12.8648
     370    -133.5605     -12.3541
     371    -135.3147     -27.0447
     372    -115.1462      -0.2063
     373     -88.4561     -14.8320
     374    -116.5695      -2.7812
     375     -93.1497       3.8924
     376    -108.4854     -10.1403
     377     -91.3102      12.1296
     378    -107.5804       9.1893
     379    -112.2897      15.8054
     380     -86.8294      -1.8436
     381    -109.3442      -1.5509
     382     -86.5664       5.6419
     383    -115.5456      -9.3523
     384    -109.1819      -2.3308
     385     -89.4764      -6.2481
     386    -102.3282     -13.3751
     387    -114.2958       8.7535
     388     -99.7341     -10.8777
     389    -113.1127      -6.9833
     390     -99.8213      -0.6929
     391    -107.5655      14.0042
     392    -105.1698       6.4012
     393    -117.9002       8.3489
     394     -94.0593     -18.5146
     395     -92.2079     -14.2800
     396     -95.8379       4.5549
     397     -97.1013      -6.0675
     398     -92.0404     -10.4882
     399     -96.6712      -4.1902
     400     -90.3825      -3.6635
     401    -103.7914       7.8535
     402     -98.7595      -4.4781
     403    -111.8066      -2.1340
     404    -118.0126      -7.0926
     405    -115.6606      -0.2002
     406     -94.4134       0.6692
     407    -112.3318      -2.7402
     408     -94.1685       3.6467
     409    -111.2098     -10.9487
     410     -88.9955      -7.6149
     411     -96.0485      -9.0200
     412    -113.5857      11.8278
     413    -108.6037       6.0792
     414     -92.9783      -8.9356
     415     -97.6127      -3.3660
     416    -105.4932      -5.8869
     417    -112.5826       6.0155
     418     -98.4480      14.6215
     419    -114.1857      -5.9042
     420     -98.5208      -1.2906
     421    -103.8357       3.1260
     422     -79.9609      -0.2680
     423    -114.3463      -3.3431
     424     -98.3270      15.3946
     425     -87.5384      -6.3762
     426     -88.2688      -3.5066
     427    -104.9391      23.9264
     428     -87.8344       4.7563
     429     -90.3075      -0.4379
     430    -102.7723       1.5554
     431    -107.2527       7.7976
     432     -98.3367      16.5970
     433    -114.0479      -9.5471
     434    -104.0253      30.7214
     435     -97.8335      -5.4835
     436    -100.5540       7.2492
     437     -96.8100      15.1714
     438     -97.0887      10.3511
     439     -86.5082     -14.7827
     440     -81.8025      -2.1364
     441     -91.5712      -0.5074
     442     -95.8993      -0.5548
     443    -113.8831      -8.4383
     444    -110.2959      -2.7895
     445     -91.9501      -6.9286
     446     -95.1164       3.6361
     447     -95.8441     -13.8184
     448     -91.0170       3.8213
     449    -122.4775     -15.4330
     450     -96.5250      -9.9247
     451    -105.3846     -18.6086
     452    -117.3511       2.9197
     453    -109.0219      -7.3309
     454     -97.5656     -26.0678
     455    -120.3752      -5.9619
     456    -108.6715     -10.6517
     457    -108.1762     -26.4592
     458    -111.9297      -4.0235
     459    -109.6898     -19.7319
     460    -109.8290     -11.6538
     461    -110.8608      -0.5453
     462    -118.7378       3.0833
     463    -106.1069     -25.2962
     464     -97.0233     -22.1181
     465    -105.7631      -7.4073
     466    -109.4623     -16.2542
     467    -112.7278      -8.7048
     468    -122.1538      -7.9752
     469    -104.5916     -36.9460
     470    -112.6046     -14.6157
     471    -119.0060     -33.8170
     472     -83.0940     -21.9942
     473     -96.6325      -9.1865
     474    -113.3409     -29.6681
     475    -108.7032     -21.0602
     476    -125.5857       0.1878
     477     -92.0675     -18.6874
     478    -120.1655      -1.2657
     479    -103.5651     -26.1311
     480    -108.9400     -33.7974
     481    -106.4795     -20.4149
     482    -137.1543      -8.7090
     483     -96.5421     -11.1253
     484    -137.9943      -9.7772
     485    -103.8672     -15.9361
     486    -101.5266     -14.0962
     487    -122.5768      11.3803
     488     -99.7201      -0.5359
     489    -132.1286      -3.7981
     490    -109.9023      -1.9581
     491    -123.3100     -17.0532
     492    -125.2014       2.3868
     493    -122.4836       2.0550
     494    -112.7351       0.4382
     495    -110.2091       3.7841
     496    -114.7970      -9.8244
     497     -82.5928     -16.6159
     498    -115.2964      -4.8263
     499    -108.3390     -23.6831
     500     -83.7907     -18.4889
     501     -94.6864     -13.8846
     502    -112.0585     -14.0616
     503    -101.6767     -18.3722
     504    -109.1237     -19.3890
     505    -121.0075     -26.9919
     506    -108.5090     -21.3391
     507    -103.7471     -21.4188
     508    -117.7456     -15.6584
     509    -104.1711     -11.9620
     510    -104.7822     -10.9909
     511     -82.7390     -35.8466
     512     -99.0118     -10.9948
     513     -91.9377     -47.0746
     514    -120.7069     -10.2863
     515    -134.8985       1.6194
     516    -103.0368     -24.6858
     517    -121.0810     -16.9292
     518    -130.2007     -20.6026
     519     -97.4112     -16.8921
     520    -115.0455      -4.4329
     521    -108.1741     -10.2563
     522     -96.3649     -36.3081
     523     -96.8583     -24.6630
     524    -116.2691      -8.0061
     525    -115.8244     -17.8241
     526    -100.6212      -8.8628
     527    -104.5552      -1.5971
     528    -127.0371     -12.8860
     529     -97.7091     -27.7723
     530    -123.4875      -9.4140
     531    -116.8900      -4.0904
     532    -133.3899      -5.9039
     533     -94.8353     -12.6163
     534    -119.0640       7.8558
     535    -124.2878       0.1665
     536    -103.2331      -8.1789
     537    -112.6819      -7.9638
     538    -112.4614     -21.1846
     539    -124.6606     -13.8022
     540    -112.1634     -21.3552
     541     -91.1342     -17.7223
     542    -106.3162     -15.2302
     543     -99.6533      -1.2735
     544     -96.6871     -12.8186
     545    -107.4163     -12.8637
     546    -109.1859     -15.8610
     547    -105.1709     -10.0251
     548    -106.4157     -10.9280
     549    -122.9685       3.9357
     550    -100.7325      -9.3370
     551    -110.1480     -15.5738
     552    -125.3084     -16.4001
     553     -96.8410     -18.6231
     554     -84.9091     -25.1344
     555    -113.5152      -6.2924
     556    -120.7746       0.1169
     557    -108.0119     -22.2869
     558    -113.4305     -16.4117
     559    -105.9735     -22.6557
     560     -97.9051     -27.0291
     561    -103.3278     -22.0634
     562    -109.9646     -16.4089
     563    -125.3614      -4.8456
     564     -96.4407     -15.4833
     565     -96.0615     -10.5074
     566    -115.7423     -21.6739
     567    -107.0127     -16.1514
     568    -133.5682      -4.4836
     569     -99.7663     -15.0021
     570     -98.5358     -17.7730
     571    -109.4828      -8.8435
     572    -141.1944      -2.7511
     573    -112.1235       5.0612
     574    -116.0678       5.7603
     575    -106.7866      -9.6669
     576    -102.3513     -16.5146
     577    -120.8785      -9.8639
     578    -107.5604      -7.7768
     579    -120.6016       4.4327
     580    -103.7707      -7.8861
     581    -101.5112      -3.9626
     582     -94.3852      -3.7037
     583    -117.7008      -7.2486
     584     -98.4466     -14.4253
     585    -110.0444     -16.2886
     586    -106.8589      -5.6290
     587    -103.4988     -21.5390
     588    -115.7490     -15.6362
     589    -117.8714     -11.3978
     590     -74.9260      -2.6127
     591    -100.6383     -23.3352
     592    -112.4985      -0.1237
     593     -81.5134     -11.4728
     594    -113.2642       6.4433
     595    -116.1334      -0.9676
     596    -117.2387      -4.1377
     597    -103.2676     -13.1932
     598    -107.0463     -12.9198
     599    -114.9455       3.7916
     600     -89.8029     -16.3581
     601     -86.0703     -19.1511
     602    -112.5186     -22.3780
     603    -107.2065      -8.9302
     604     -81.4283       4.9056
     605    -121.4362     -20.7157
     606    -113.3761     -30.3506
     607    -110.5890     -11.2959
     608     -99.9069     -12.5433
     609     -92.8684     -26.2175
     610    -119.7359      -2.2695
     611    -113.4212     -27.4869
     612    -112.4718      -9.7393
     613    -103.8334     -16.7169
     614    -113.0899     -27.6964
     615    -122.4473     -19.0816
     616    -114.4007     -24.9576
     617    -134.0467      -7.3307
     618    -106.8865      -7.6679
     619    -118.4432     -38.1083
     620     -98.2536     -19.5322
     621    -126.3454     -12.4752
     622    -105.1140      -5.6797
     623     -90.2275     -25.0345
     624    -110.4907     -13.1470
     625     -95.1876     -20.1744
     626    -106.0361     -14.1230
     627    -107.7893     -18.7218
     628    -115.2299     -13.5498
     629    -110.2862     -25.8739
     630    -105.1430       2.0412
     631    -111.8692     -15.7144
     632     -92.9552      -7.2562
     633    -118.9894     -21.5353
     634    -115.3599     -12.0992
     635    -123.8440      -4.0682
     636    -105.2147      -6.1429
     637     -97.8911     -18.4330
     638    -114.3125       2.5252
     639     -95.8199      -7.2795
     640    -101.2709     -11.9537
     641    -137.6226      -9.0625
     642    -109.9049      -9.7308
     643    -113.7965     -12.4113
     644    -124.9313       2.5141
     645    -138.7764      -7.6230
     646     -97.5457     -15.9055
     647    -129.5141      -6.3355
     648     -95.3080     -16.5992
     649    -101.1259       3.9079
     650    -110.5147       1.2908
     651     -93.3098      -8.1229
     652     -94.6618      -9.4163
     653    -123.8506      -0.3264
     654    -110.0725      -4.0467
     655    -124.0776     -19.6661
     656     -82.9220     -27.1931
     657    -119.3940       5.0156
     658    -121.0972     -10.5083
     659    -111.8537     -27.2405
     660    -127.2225      13.1675
     661    -108.8242      -1.7550
     662    -111.1011     -27.3496
     663    -108.0663     -26.4827
     664    -105.9962     -14.2720
     665    -103.0608     -12.7802
     666     -84.4443     -22.3113
     667     -89.5403     -15.3096
     668    -109.6524      -7.8280
     669    -114.2183     -20.3020
     670    -111.0728     -29.1726
     671    -106.6585     -12.3461
     672    -105.7308     -10.2416
     673    -118.5133     -26.0855
     674    -105.2577     -24.0266
     675    -106.0438     -10.3905
     676    -105.9634     -22.4337
     677    -120.9139     -23.5511
     678     -95.6621     -14.9077
     679    -113.6282     -18.7144
     680    -125.8504     -24.3337
     681    -103.9432      -9.0361
     682     -96.8341      -6.4776
     683    -113.9004     -27.0506
     684     -90.6980      -8.2961
     685     -77.6526      -8.2272
     686    -118.6694      -8.0741
     687    -116.9056      -9.8727
     688     -89.2605     -14.7170
     689     -99.8994     -10.7984
     690     -99.2185     -10.5907
     691    -103.4581      -2.6730
     692    -117.8902     -24.9929
     693    -100.8778     -12.0289
     694    -114.7061       0.9343
     695     -98.9413       2.8405
     696    -122.4609     -17.9249
     697    -113.5927      -4.5692
     698    -134.5853       5.4567
     699    -119.8197      -6.6084
     700    -118.1122       0.6615
     701    -125.3660     -22.4490
     702    -124.5229      -7.3504
     703    -112.2732       7.8612
     704    -103.2868      -8.4340
     705    -116.6920       7.3203
     706     -90.7003     -16.5699
     707     -99.4787      -1.8885
     708    -119.9152     -15.3527
     709     -84.9093     -14.6449
     710    -103.3032     -15.3524
     711     -99.0856     -19.5936
     712    -122.5025     -15.4147
     713    -126.2728     -15.7607
     714    -130.6754     -14.5118
     715    -115.0374      -5.2602
     716     -94.2765     -29.6595
     717     -99.6998     -27.5254
     718    -117.6806      -3.0394
     719    -111.4502     -20.5854
     720    -111.9465      -7.6653
     721    -127.1059      -6.3603
     722    -106.7856      -0.9026
     723    -109.6820     -30.7501
     724    -107.2322     -13.0551
     725    -106.6639     -25.1095
     726     -91.4599     -29.5299
     727     -99.1238     -11.8248
     728    -113.3745     -20.5445
     729    -137.7850      -6.1429
     730    -113.7647       3.6490
     731    -134.4799     -13.8827
     732    -115.4100     -14.0677
     733     -98.0963     -26.6449
     734     -94.5861     -13.7015
     735    -110.2063     -10.9766
     736    -103.2593     -22.4908
     737    -100.4113     -13.4524
     738     -99.6992     -17.5240
     739    -157.6915     -22.2920
     740    -144.3422       2.5680
     741    -115.4630     -10.5438
     742    -125.3319      -0.6307
     743    -148.4162       1.5670
     744    -130.6290     -10.4274
     745    -132.0455       1.1931
     746    -117.5165      -1.4505
     747     -97.3004      -5.1213
     748    -108.7691      -5.1093
     749    -114.0254     -10.9283
     750    -124.2761       4.4012
     751    -149.5681      -1.9689
     752    -108.5383       7.5783
     753    -114.9523      -9.0350
     754    -108.1625       5.8127
     755    -105.2742       5.7282
     756    -145.8287      10.0670
     757    -141.2742      -0.3920
     758    -127.2030       1.0594
     759    -118.2368      11.6424
     760    -107.6565       2.0865
     761    -145.6363       3.2778
     762    -115.3339      -0.7443
     763    -112.1315       5.4991
     764    -139.2211     -14.3797
     765    -114.7802      13.7089
     766    -123.3384       4.1373
     767    -108.0249      -8.2634
     768     -98.9959     -15.7032
     769    -148.7442     -10.5081
     770    -137.6740       1.2909
     771    -128.2041      14.6759
     772    -150.1918       7.3868
     773    -117.0302     -15.9884
     774    -114.0452      -0.0765
     775    -129.3918      15.9253
     776    -137.3042       5.1177
     777    -134.8049      10.5227
     778    -138.5265       6.6356
     779    -136.8418      -0.0814
     780    -140.3253      -7.9475
     781    -125.2717     -19.6760
     782    -139.2006      14.3268
     783    -120.1857      -4.0892
     784    -137.5446     -10.2995
     785    -149.3623      -6.3967
     786    -137.4247       3.0892
     787    -129.9102       6.6868
     788    -132.8756       7.3374
     789    -138.9113      -0.5006
     790    -129.3900      10.9771
     791    -135.9516       2.8963
     792    -139.3540      -8.2062
     793    -144.6030       1.8485
     794    -134.0051      -5.1731
     795    -122.0834     -11.5780
     796    -134.5631     -23.1943
     797    -116.7283     -15.0898
     798    -154.5822       5.5264
     799    -140.7909       3.3040
     800    -119.0958     -15.4617
     801    -125.4850     -25.0081
     802    -101.9781       0.3214
     803    -124.0642     -15.3673
     804    -112.6770      -4.5245
     805    -108.8088     -12.1636
     806    -123.0526     -21.4631
     807    -119.9042     -14.7028
     808    -125.0137     -17.1898
     809    -115.2108     -11.3211
     810    -134.0569      -3.6040
     811    -136.5281      -4.3139
     812    -115.1052     -16.2594
     813    -123.2417      -6.7113
     814    -108.8832       4.0304
     815    -127.1975     -10.7134
     816    -133.1482      14.4193
     817    -117.9800     -20.3553
     818    -106.2440     -18.0784
     819    -138.7694       7.9235
     820    -128.9972       8.9288
     821    -140.5183     -13.4867
     822    -135.8313       6.2505
     823    -125.7421       1.1734
     824    -141.6470     -11.2387
     825    -116.3414     -10.0692
     826    -114.4994     -10.3345
     827    -146.8680      -4.1280
     828    -118.4271     -10.5465
     829    -128.6684      -2.4943
     830    -138.7977      -5.5170
     831    -103.9212     -15.8789
     832     -80.3078     -12.3739
     833    -124.2924     -18.8469
     834     -98.8710       3.3894
     835    -123.1045     -13.4249
     836    -142.8410       4.0544
     837     -76.6808     -18.2249
     838     -95.7163     -16.9378
     839    -132.7321       1.5681
     840    -123.8259       1.3033
     841     -98.9093      -5.0049
     842    -121.9995       2.7782
     843    -143.0536     -10.6796
     844    -139.8365       7.0768
     845    -161.3251     -14.9950
     846    -128.4512     -10.2391
     847    -110.4238     -22.5360
     848    -111.6591     -28.6086
     849    -126.9639      -9.2927
     850    -123.2668     -23.1015
     851    -124.5430      -4.5676
     852    -118.2939      -6.9690
     853    -124.1559      -5.9737
     854    -130.8140       0.9123
     855    -120.4038     -17.6729
     856    -123.3467      -4.9359
     857    -121.9402     -15.4271
     858    -123.2892     -13.8897
     859    -139.8776       2.1124
     860    -118.6570     -12.0534
     861    -132.9952       4.2423
     862    -121.0531      -8.0523
     863    -117.0132     -13.6982
     864     -95.0745     -35.0600
     865    -127.6713      -3.3476
     866    -128.2384       0.8933
     867    -123.8773      -3.8003
     868    -106.3561      -2.1058
     869    -132.4165      -6.0794
     870    -115.3689      11.7276
     871    -135.5073      -7.7202
     872    -134.5934      -0.6993
     873    -139.9198      13.9337
     874    -133.3947      -9.7702
     875    -125.5774     -13.0237
     876    -131.2855      -5.4961
     877    -133.4142      10.4905
     878    -126.8714      -6.5824
     879    -125.5682     -14.6132
     880    -131.6351     -16.4121
     881    -117.0527      -2.3629
     882    -104.1230      -4.3580
     883    -127.6899       4.3393
     884    -123.7952      -5.1917
     885    -144.7087      -6.4516
     886    -129.0341       3.6765
     887    -129.9113      -2.0252
     888    -130.3690      -1.6684
     889    -133.6177     -15.7556
     890    -142.5299     -16.7831
     891    -131.8391      -1.1344
     892    -120.9497       0.9872
     893     -96.0466     -16.0328
     894     -89.3455     -15.5798
     895     -87.3880     -18.7781
     896    -116.1889       1.8307
     897    -123.0417      -6.7635
     898    -126.5859       0.1267
     899    -127.1425       9.3393
     900    -102.6669     -15.1973
     901    -129.7173      12.7535
     902    -127.6901      14.5245
     903    -141.0250       0.5772
     904    -116.8010      -6.2308
     905    -129.4411      10.2903
     906    -135.2355      -9.8712
     907    -135.9027      -1.1409
     908    -145.1792       9.2585
     909    -131.6218       0.1326
     910    -136.6881       5.0682
     911    -124.4916      -9.1677
     912    -113.5906       1.4290
     913    -132.2499      -4.9850
     914    -118.8211     -16.0230
     915    -138.2311      -0.8407
     916    -127.0429      -5.8798
     917    -145.2361       4.8922
     918    -126.6918       2.3654
     919    -135.1651      -6.8350
     920    -112.4390      -4.5534
     921    -131.4571      11.1275
     922    -136.9827     -11.1278
     923    -128.1543      -0.2310
     924    -134.7934      -1.5083
     925    -121.5790      -4.3481
     926    -121.6101     -14.4435
     927     -90.3921      -6.4522
     928    -113.8622      -0.4961
     929    -135.5600       3.3705
     930    -109.9470      -5.9222
     931    -117.7413     -10.7906
     932    -105.0744      10.0396
     933    -116.6962     -26.7902
     934    -103.2918      -1.1560
     935    -139.7310       8.9576
     936    -133.0132       0.9913
     937    -134.4163       2.2935
     938    -110.7997       6.2811
     939    -127.3779     -11.4356
     940    -134.9799      -3.0722
     941    -128.5276     -29.6730
     942    -108.3217      -1.7248
     943    -142.2102      -4.4084
     944    -138.2952     -12.7158
     945    -112.8848     -11.2096
     946    -119.9050     -29.6140
     947    -119.4218     -11.6484
     948    -123.6296      -0.2940
     949    -116.9824     -15.8420
     950    -117.8540     -12.9121
     951    -123.2523     -11.0716
     952    -128.2140      -8.9028
     953    -103.6574      -4.3714
     954    -111.6356      10.8105
     955    -127.1359      -2.0503
     956    -115.0126       6.1561
     957    -133.2976      13.0695
     958    -124.0308      -2.2673
     959    -105.4659      -1.0077
     960    -112.6580      -0.1949
     961    -134.0833      -3.2985
     962    -127.3908       2.6586
     963    -129.2563     -11.9501
     964    -138.3457     -16.5398
     965    -113.0860     -10.5767
     966    -113.2585     -19.3719
     967    -134.9624       9.3202
     968    -137.6161       0.7220
     969    -130.5559      -6.7413
     970    -113.5462      -3.9841
     971    -136.1835      -8.2503
     972    -100.4523      -5.2221
     973    -112.6299     -10.3284
     974    -107.5043      -7.4887
     975    -123.4660      -4.0468
     976     -96.8871      -6.3648
     977    -101.2554     -13.9114
     978    -113.9296     -13.4882
     979     -94.2407      -9.9149
     980    -109.3023      -6.7624
     981    -108.0584      16.2551
     982    -123.1783     -18.8776
     983    -136.9013     -12.4042
     984    -128.7503       3.3678
     985    -118.0822       3.5855
     986    -124.4388       5.3835
     987    -109.4377       1.0080
     988    -110.8512      10.0355
     989    -123.2382      -0.2641
     990    -113.4624       6.9285
     991    -150.9220      -1.0374
     992    -130.6350     -10.0683
     993    -133.2945      -5.0879
     994     -98.6723      10.1169
     995    -126.8975      11.6652
     996    -139.8619       8.9499
     997    -138.5203     -10.9360
     998    -120.9765      -2.1455
     999    -136.0461     -13.1609
    1000    -107.0314       7.7124
