#Frame      RoG_00004 RoG_00004[Max]
       1      16.9959        31.4619
       2      17.1136        31.6293
       3      17.0512        30.6382
       4      17.1426        30.2278
       5      16.9151        31.8067
       6      16.8751        30.4559
       7      16.9900        31.4421
       8      16.8735        29.9534
       9      17.1166        30.2161
      10      17.2407        31.7345
      11      17.1035        31.6229
      12      17.2179        31.7281
      13      16.9812        30.7067
      14      17.1004        30.8717
      15      17.1546        31.5178
      16      17.0877        30.2346
      17      17.0840        31.7684
      18      16.9960        30.3542
      19      17.0879        29.7412
      20      16.9649        29.9162
      21      17.0957        30.7168
      22      16.9761        30.5450
      23      17.0286        30.3711
      24      16.9317        29.4789
      25      17.0630        31.3154
      26      16.9240        29.2746
      27      17.0236        30.2044
      28      17.0112        30.0183
      29      16.9334        30.0588
      30      16.8492        30.0755
      31      16.9500        30.2664
      32      17.0002        29.9703
      33      16.9870        31.1757
      34      16.9766        30.0640
      35      16.8961        30.4463
      36      16.9808        30.7296
      37      16.8683        30.4759
      38      16.9396        31.0349
      39      17.0712        33.3766
      40      16.8079        29.5432
      41      16.9667        29.6388
      42      16.9097        30.5677
      43      16.9354        31.8345
      44      16.8739        29.9855
      45      16.9549        30.1235
      46      17.0200        31.0852
      47      16.9631        30.6603
      48      17.2223        30.9130
      49      17.2056        29.7608
      50      17.1205        31.3642
      51      16.9038        31.1996
      52      17.0617        31.6194
      53      17.0323        30.3102
      54      17.0964        29.3925
      55      16.9195        30.7984
      56      16.8771        30.0838
      57      16.9778        30.6524
      58      16.9674        30.1565
      59      17.0970        31.9841
      60      17.0530        30.2057
      61      17.0648        31.6047
      62      16.9537        31.3799
      63      17.0570        31.9267
      64      17.0914        30.8515
      65      17.2485        31.1880
      66      17.0155        32.0335
      67      17.2302        30.5260
      68      17.2062        31.5161
      69      17.1069        30.6486
      70      17.0651        30.6922
      71      16.8716        30.9693
      72      16.7781        31.6075
      73      17.0639        30.5069
      74      16.8452        29.7891
      75      16.8785        31.3512
      76      17.0841        31.4029
      77      17.1465        31.7690
      78      16.9496        32.0758
      79      17.1846        30.2614
      80      17.0719        30.9472
      81      16.9646        30.1696
      82      16.9953        29.7204
      83      16.8706        30.8690
      84      17.1139        31.2043
      85      17.0398        30.9281
      86      17.0488        30.6098
      87      17.0473        29.9581
      88      17.0032        29.3816
      89      17.1514        30.1278
      90      16.8787        30.3031
      91      17.0411        30.5715
      92      17.0715        30.7343
      93      16.9878        31.8321
      94      17.1138        31.3608
      95      16.8692        30.7531
      96      17.0980        31.2402
      97      17.0410        29.4489
      98      16.9599        29.3882
      99      16.9532        29.5294
     100      17.1271        30.1631
     101      17.1012        30.6551
     102      16.9238        29.6407
     103      16.9743        29.8031
     104      16.9953        30.7675
     105      17.0665        29.5900
     106      17.1221        30.9007
     107      16.9954        29.7264
     108      16.9879        30.8515
     109      16.9335        29.7284
     110      17.0349        29.3260
     111      16.9926        31.8985
     112      17.0650        31.8079
     113      17.0420        29.4516
     114      16.9436        31.0909
     115      17.0677        32.6756
     116      16.9159        31.3777
     117      16.9249        30.7980
     118      17.0015        31.1791
     119      16.9305        29.7070
     120      17.0070        30.0574
     121      16.9902        30.6006
     122      17.0655        29.9444
     123      16.9561        30.5868
     124      16.8979        31.7625
     125      16.9041        32.1245
     126      16.9727        31.0356
     127      17.0810        31.8253
     128      17.0099        30.4910
     129      17.0176        30.0671
     130      17.1550        30.4702
     131      16.8952        31.1030
     132      17.1561        31.9460
     133      17.1160        30.6111
     134      17.0694        30.4740
     135      16.9430        31.1197
     136      17.2081        30.8875
     137      16.9515        29.7050
     138      16.9654        30.0468
     139      17.0666        31.6150
     140      17.0954        31.6280
     141      17.0048        31.2819
     142      16.9996        31.3488
     143      16.9608        31.6697
     144      17.0860        31.8596
     145      16.9310        31.4394
     146      16.9885        30.8269
     147      17.0411        31.9193
     148      16.9588        31.3439
     149      17.0535        31.0615
     150      17.0363        31.1529
     151      16.9875        30.5352
     152      16.9825        30.9452
     153      17.1293        31.0580
     154      17.0517        32.0552
     155      17.0689        31.4040
     156      17.0860        32.4330
     157      17.0697        31.8075
     158      16.9992        32.0104
     159      17.0385        31.7913
     160      17.1082        31.0564
     161      17.1355        31.3948
     162      16.9798        31.1428
     163      17.1806        31.2709
     164      17.1385        31.5221
     165      17.0214        32.3720
     166      17.1283        31.2931
     167      17.0624        31.2932
     168      16.8967        30.9450
     169      16.8827        31.2593
     170      16.8844        29.4133
     171      16.9310        31.3304
     172      17.1322        32.3606
     173      17.0366        31.3724
     174      17.0241        31.7461
     175      17.1264        31.6792
     176      16.9436        30.3428
     177      17.0371        30.9012
     178      17.0156        31.1088
     179      17.0635        31.5558
     180      16.9980        31.2539
     181      17.1527        32.3134
     182      16.9990        31.7156
     183      17.0681        31.1511
     184      16.8878        31.6269
     185      17.0478        32.0086
     186      16.9631        30.9646
     187      16.9506        31.3226
     188      16.9951        30.5129
     189      16.9660        31.8868
     190      17.0358        31.7887
     191      17.0399        31.7611
     192      17.0912        32.1204
     193      17.0462        31.6998
     194      16.9624        30.5744
     195      16.9423        29.9537
     196      16.9646        30.7037
     197      16.9147        31.3745
     198      16.9502        31.2525
     199      16.9764        31.2976
     200      16.9913        31.5963
     201      17.0099        30.1896
     202      16.9674        31.5260
     203      17.0838        32.2912
     204      16.9962        31.5819
     205      16.9875        31.5583
     206      16.9748        31.5604
     207      17.1157        31.6734
     208      16.9391        32.1915
     209      17.0794        31.3138
     210      16.9500        32.1075
     211      16.9408        32.2387
     212      16.9879        31.2664
     213      17.1648        32.7001
     214      17.0314        31.9296
     215      17.1665        31.3994
     216      16.8958        31.1939
     217      16.8842        29.5757
     218      16.9531        31.0145
     219      17.0270        31.8141
     220      16.9613        32.4830
     221      16.9099        30.2880
     222      17.0927        31.5138
     223      16.8643        30.4887
     224      17.0278        31.4705
     225      17.0494        30.2130
     226      16.9562        31.1082
     227      17.1198        31.8098
     228      16.9101        30.3223
     229      17.0575        31.7134
     230      16.8560        29.9375
     231      16.9533        31.2973
     232      16.9761        31.6738
     233      16.8654        30.2056
     234      16.9154        31.7827
     235      16.8545        31.0165
     236      16.8171        30.9516
     237      16.7501        30.2514
     238      16.7707        31.1406
     239      16.8559        30.9769
     240      16.8851        30.5175
     241      16.8197        30.9395
     242      16.8526        30.4340
     243      16.9473        30.9052
     244      16.7315        31.0954
     245      16.6674        30.3124
     246      16.6813        30.5304
     247      16.7939        29.2041
     248      16.7989        29.3724
     249      16.8830        29.7622
     250      16.9825        31.0674
     251      17.0222        31.7422
     252      16.9230        30.4470
     253      17.0191        31.0428
     254      16.9427        30.5668
     255      17.0949        31.8018
     256      17.0397        30.9841
     257      16.8654        30.9351
     258      17.0060        31.3827
     259      16.9512        30.9890
     260      17.1862        30.7366
     261      17.0354        31.3907
     262      17.1098        31.4177
     263      17.0790        31.6611
     264      16.9859        31.5446
     265      16.9358        31.0541
     266      16.7625        30.7849
     267      16.9945        31.2780
     268      16.9305        30.9719
     269      16.8859        29.9508
     270      16.9632        31.6756
     271      16.9639        31.8945
     272      16.8904        31.2348
     273      16.8740        31.0843
     274      16.7265        29.9835
     275      16.7469        29.5264
     276      16.9315        32.0296
     277      16.8986        30.9373
     278      16.8642        30.9220
     279      16.9797        30.3687
     280      17.0649        30.3749
     281      16.9798        31.6611
     282      16.9233        31.2802
     283      16.9605        30.9082
     284      17.0072        30.4292
     285      17.0685        31.7907
     286      17.0320        32.3467
     287      17.0705        31.4500
     288      16.9661        29.9254
     289      17.1362        30.1319
     290      17.0242        30.6474
     291      17.1328        30.1380
     292      17.1687        30.5780
     293      17.2254        30.3545
     294      17.1882        31.9863
     295      17.1716        31.4251
     296      17.0991        29.5756
     297      17.0332        30.6631
     298      17.1596        29.8010
     299      17.1217        31.5502
     300      17.1572        32.4650
     301      17.1988        32.1397
     302      16.9782        30.0967
     303      17.0572        31.5820
     304      17.1422        30.5711
     305      17.1531        31.3371
     306      17.2257        31.2036
     307      17.0104        30.2588
     308      17.2723        32.0228
     309      17.2841        31.4419
     310      17.0839        30.1790
     311      17.0238        29.9997
     312      16.9737        31.3343
     313      17.1070        32.0564
     314      17.1914        29.4546
     315      17.1595        32.6032
     316      17.2770        32.4384
     317      17.3095        31.4093
     318      17.0272        31.0283
     319      17.1941        32.6174
     320      16.9763        31.3742
     321      17.0664        29.9017
     322      17.0573        30.1136
     323      16.9728        31.9325
     324      17.0670        30.8377
     325      17.0096        29.9021
     326      16.9244        31.3204
     327      16.9997        33.0769
     328      17.2643        30.5272
     329      17.1601        31.4237
     330      16.9781        31.2868
     331      16.9883        31.4880
     332      17.1149        31.1731
     333      17.1058        30.5942
     334      16.9720        31.1072
     335      17.0443        30.5110
     336      17.0624        29.6783
     337      17.0605        31.1363
     338      17.0848        31.4527
     339      17.0128        30.3258
     340      17.1298        31.2511
     341      17.0343        29.6774
     342      16.9996        29.8097
     343      17.0135        29.7068
     344      17.2071        31.8184
     345      17.0904        32.0302
     346      17.3071        32.3554
     347      17.1677        31.0035
     348      17.1755        31.3662
     349      17.1561        30.5356
     350      16.9899        31.8393
     351      17.0099        31.8272
     352      17.1534        30.0429
     353      17.3514        31.0397
     354      17.0312        29.9693
     355      17.1688        29.8950
     356      17.3052        31.5811
     357      17.2657        30.0605
     358      17.3074        30.0897
     359      17.2828        31.2818
     360      17.1607        29.9170
     361      17.2712        30.5303
     362      17.1336        30.1252
     363      17.2672        31.0260
     364      17.0738        30.2749
     365      17.0938        31.0059
     366      17.2159        29.8775
     367      17.1090        29.6407
     368      17.1516        32.6589
     369      17.1791        31.7895
     370      17.1499        30.1011
     371      17.0620        29.9402
     372      17.0703        29.3664
     373      17.0735        31.0319
     374      17.1856        30.1035
     375      17.1792        30.6193
     376      17.0719        31.2760
     377      17.0502        32.5343
     378      17.1490        30.9163
     379      17.2194        29.4070
     380      17.0529        30.3733
     381      17.0948        29.8008
     382      17.1532        30.6627
     383      17.2827        31.3171
     384      17.2779        30.3039
     385      17.2721        30.4522
     386      17.2134        31.0485
     387      17.2602        31.2499
     388      17.2979        31.2057
     389      16.9892        29.9833
     390      17.0702        31.0130
     391      16.9912        29.7220
     392      17.0533        30.1125
     393      16.8744        30.6535
     394      17.1596        30.4662
     395      17.0573        30.6168
     396      17.1744        29.8176
     397      17.1063        29.9869
     398      17.0908        30.6186
     399      17.0605        29.5020
     400      16.9882        30.2481
     401      17.0032        29.6043
     402      16.9499        30.6460
     403      17.1912        30.9397
     404      17.0776        29.5023
     405      17.1318        30.0359
     406      17.0110        29.9590
     407      16.9926        30.2042
     408      16.9270        30.0408
     409      16.7651        29.5971
     410      16.8978        30.0770
     411      16.9166        31.9984
     412      16.7968        29.8203
     413      16.9064        30.8535
     414      16.8709        30.5678
     415      16.9143        30.7645
     416      16.9564        32.0894
     417      16.9275        30.1966
     418      16.8791        31.2845
     419      17.0459        32.1210
     420      16.9157        30.3547
     421      16.8192        31.0464
     422      16.9472        31.0319
     423      16.9696        30.7007
     424      17.0755        31.3209
     425      17.0229        30.3688
     426      16.9838        31.1426
     427      17.0278        31.7827
     428      16.9961        30.1782
     429      16.9596        29.5745
     430      16.9794        31.0335
     431      16.9349        30.1840
     432      16.8025        31.3531
     433      16.8037        29.5138
     434      16.7428        32.2931
     435      16.8716        32.1776
     436      16.7901        29.7007
     437      17.0062        31.5268
     438      17.1138        29.8546
     439      17.0741        31.5838
     440      16.9952        30.7100
     441      17.1163        30.7504
     442      16.9271        29.5670
     443      17.0759        29.7702
     444      16.9098        29.8441
     445      16.8690        31.6523
     446      16.8553        28.9682
     447      17.1408        29.8500
     448      17.0900        31.0948
     449      16.8818        31.4216
     450      17.0511        29.8405
     451      17.0384        29.6146
     452      16.9735        30.4676
     453      16.8766        30.1003
     454      17.0995        30.9874
     455      17.0996        30.1539
     456      17.1324        31.2888
     457      16.9070        29.8575
     458      17.1800        30.0791
     459      16.9279        29.7535
     460      17.0293        30.8613
     461      16.9205        29.7522
     462      17.0496        31.0500
     463      17.3327        30.3853
     464      17.0337        30.1975
     465      17.0609        31.3968
     466      17.2020        29.9762
     467      16.9456        31.5887
     468      16.9002        30.6303
     469      17.0179        30.5731
     470      17.0273        30.3741
     471      16.9624        31.4295
     472      16.9908        31.4016
     473      16.9621        32.4043
     474      16.8675        29.8863
     475      17.0432        33.1779
     476      16.9823        29.8481
     477      16.9853        30.5149
     478      17.0102        30.5581
     479      17.0959        31.9662
     480      16.9974        32.2811
     481      17.0293        30.9863
     482      17.1301        30.0992
     483      16.7262        32.0238
     484      16.9930        30.2016
     485      16.9242        32.2324
     486      16.9498        32.1315
     487      17.0369        32.2867
     488      16.9647        31.6308
     489      17.0425        32.3725
     490      16.9734        30.4274
     491      17.1779        31.5099
     492      17.0300        31.8906
     493      17.0199        32.0534
     494      17.2580        32.4009
     495      17.1632        31.7689
     496      17.0487        30.9621
     497      17.1123        31.8990
     498      17.0150        30.5335
     499      16.9928        31.8313
     500      17.1695        29.9217
     501      17.0378        30.1377
     502      17.4954        32.9504
     503      17.4503        31.1568
     504      17.0922        32.7795
     505      17.0722        30.3427
     506      17.1438        31.3399
     507      17.0190        30.1784
     508      17.1764        31.8327
     509      16.9562        30.0297
     510      17.0559        29.8186
     511      17.0271        30.2071
     512      17.1090        31.4910
     513      17.0920        31.0400
     514      16.9944        30.1435
     515      17.3136        32.0816
     516      17.0791        30.8916
     517      17.0391        30.7324
     518      17.0362        30.1133
     519      17.0931        31.1236
     520      16.8839        29.6836
     521      17.0970        31.4232
     522      17.0410        30.3237
     523      17.0202        29.7404
     524      16.8764        30.5782
     525      16.7322        29.2466
     526      16.9910        30.4371
     527      16.8963        31.2418
     528      16.9161        31.1386
     529      16.9138        30.6189
     530      16.8050        31.5582
     531      16.8183        30.0727
     532      16.9769        29.9184
     533      16.9337        31.3829
     534      16.9590        30.3018
     535      16.9220        29.7282
     536      16.9790        31.8362
     537      16.9832        30.5173
     538      16.9329        30.1977
     539      16.7605        31.3993
     540      17.0217        32.2367
     541      16.7617        30.5505
     542      16.9797        30.1698
     543      16.9479        30.2127
     544      17.0170        30.6818
     545      16.8927        31.0480
     546      16.9230        30.1777
     547      16.7968        31.7560
     548      16.9003        30.7718
     549      16.9301        30.7210
     550      16.9660        29.8830
     551      17.0184        31.0893
     552      16.8397        29.9154
     553      16.8223        31.7066
     554      16.9150        29.5293
     555      16.8806        29.1607
     556      16.8938        29.4213
     557      16.8472        31.2325
     558      16.8776        31.4120
     559      16.8220        31.5838
     560      16.8433        31.0162
     561      16.8844        30.9832
     562      16.9648        31.1551
     563      17.2249        31.7129
     564      17.2932        30.6241
     565      17.0955        31.4886
     566      16.9748        30.5233
     567      16.9615        30.2268
     568      17.0146        30.1930
     569      17.0200        31.2658
     570      17.0782        30.1510
     571      16.9579        30.0448
     572      16.8133        30.3540
     573      17.0688        31.7822
     574      16.9432        30.9064
     575      17.1712        30.1439
     576      17.2370        31.7688
     577      17.2093        30.3650
     578      17.1987        30.5214
     579      17.2581        32.0785
     580      17.3072        31.8010
     581      17.1405        32.7988
     582      17.2270        31.4610
     583      17.2154        30.9856
     584      17.1018        31.0722
     585      17.3831        31.0623
     586      16.8329        31.0163
     587      17.1269        31.0129
     588      17.1332        30.4448
     589      17.2850        32.8035
     590      17.1588        30.9819
     591      17.1650        31.5718
     592      17.1976        31.6761
     593      16.9931        31.3274
     594      16.9871        31.5354
     595      17.1870        31.0614
     596      17.2803        30.7663
     597      17.1956        31.0942
     598      17.3404        31.5887
     599      17.4594        31.8683
     600      17.1364        31.2507
     601      17.2416        32.1503
     602      17.3091        31.5328
     603      17.2164        30.7630
     604      17.2670        31.5115
     605      17.1836        31.4747
     606      17.2231        31.7718
     607      17.4075        32.2892
     608      17.2691        32.2460
     609      17.2742        32.4502
     610      17.3745        31.5983
     611      17.2299        31.1579
     612      16.9174        30.0022
     613      17.1481        31.1708
     614      17.1900        32.5815
     615      17.2153        32.4925
     616      17.2199        30.7884
     617      17.0472        31.8967
     618      17.0891        31.4364
     619      17.1941        30.8065
     620      17.1999        30.8968
     621      16.9448        30.5944
     622      17.1755        31.3346
     623      17.2363        31.2286
     624      17.1144        31.7805
     625      17.1128        30.4379
     626      17.0612        30.7808
     627      17.1952        31.1424
     628      17.2464        31.7988
     629      17.2349        30.8045
     630      17.1356        30.9596
     631      17.1283        29.9906
     632      17.1325        31.8284
     633      17.0791        32.2101
     634      17.0602        31.7291
     635      17.2976        31.0516
     636      17.1102        31.6031
     637      17.3114        32.3595
     638      17.3252        31.1838
     639      17.0501        30.4315
     640      17.1034        30.9790
     641      17.0436        30.4562
     642      17.1793        31.0615
     643      17.2840        30.8655
     644      17.2160        31.8871
     645      17.2781        31.7626
     646      17.2831        30.6010
     647      17.0815        30.3730
     648      17.3210        31.7274
     649      17.2942        31.6715
     650      17.1971        31.3113
     651      17.2455        30.6987
     652      17.4396        31.8612
     653      17.2743        31.4957
     654      17.3610        31.7981
     655      17.1266        30.9649
     656      17.1228        30.5229
     657      17.2404        31.4126
     658      17.2054        31.0667
     659      17.2926        30.8489
     660      17.1132        31.2385
     661      17.1994        30.7388
     662      17.0904        30.7752
     663      17.2354        30.9943
     664      17.3964        31.4607
     665      17.1728        31.5722
     666      17.1795        30.3815
     667      17.1199        30.1014
     668      17.1140        31.3910
     669      17.0618        30.4443
     670      17.1109        29.6391
     671      17.0484        30.9663
     672      17.3090        32.2146
     673      17.0407        29.9204
     674      17.1819        30.4025
     675      17.2637        31.3783
     676      17.2247        31.5642
     677      17.2313        31.0336
     678      17.2567        30.9046
     679      17.3278        31.9789
     680      17.4173        31.5720
     681      17.2977        30.2860
     682      17.1357        31.0129
     683      17.1870        30.1319
     684      17.2015        31.3344
     685      17.1602        31.2148
     686      17.0938        30.9265
     687      17.0545        30.4576
     688      17.3031        31.8587
     689      17.0741        29.8510
     690      17.2466        31.3914
     691      17.0547        31.0651
     692      17.1067        30.9363
     693      17.1663        31.2233
     694      17.2162        31.1263
     695      17.1920        31.3168
     696      17.0178        29.8657
     697      17.0711        30.4765
     698      17.0502        31.1148
     699      17.0157        30.3936
     700      16.9508        29.3314
     701      16.9255        31.1664
     702      17.2531        31.8837
     703      16.9100        30.3846
     704      17.0326        30.2779
     705      17.0147        30.6742
     706      17.0799        30.0228
     707      17.1173        30.7220
     708      16.8820        30.6067
     709      17.0675        32.1895
     710      16.9599        29.6824
     711      17.0070        30.9410
     712      17.2930        31.7921
     713      17.1474        30.1407
     714      17.2143        30.6572
     715      17.0195        30.6247
     716      17.1078        31.6188
     717      16.9379        30.0875
     718      17.0227        30.9960
     719      17.1862        30.3651
     720      16.9100        30.6522
     721      16.9807        31.2504
     722      16.9332        31.2993
     723      16.9009        30.8362
     724      17.0484        32.2300
     725      16.9757        30.6380
     726      16.9732        30.6643
     727      17.0710        30.7126
     728      17.1774        31.1248
     729      17.0293        29.7609
     730      17.0690        30.4428
     731      17.0423        29.6655
     732      17.0902        30.0220
     733      16.8745        29.0542
     734      16.9430        30.1964
     735      16.9207        30.3230
     736      17.0149        30.1962
     737      17.0114        31.3397
     738      16.9306        30.6791
     739      16.9442        29.1193
     740      16.9980        30.5295
     741      16.9775        31.0108
     742      16.8697        29.3191
     743      17.1187        31.1109
     744      16.9883        31.1013
     745      16.8397        31.5931
     746      16.9680        30.2312
     747      16.9279        29.8400
     748      16.9645        29.2896
     749      17.0215        28.8833
     750      16.9538        29.8117
     751      16.9705        31.0041
     752      16.9267        30.3981
     753      17.0277        30.7944
     754      17.1063        29.9284
     755      16.8530        32.0148
     756      17.0520        31.7939
     757      17.1139        31.9250
     758      17.0575        32.0304
     759      17.0789        32.6547
     760      16.9019        31.2231
     761      17.0454        31.0690
     762      16.9797        31.8042
     763      16.9626        30.4352
     764      16.9806        30.8779
     765      17.1561        31.6585
     766      16.8606        30.9820
     767      16.9509        30.3848
     768      16.8785        30.8277
     769      17.0134        31.3850
     770      16.9743        32.1841
     771      17.0679        30.2694
     772      16.9849        29.1867
     773      17.1781        30.6044
     774      17.0486        29.7547
     775      17.0771        31.7867
     776      16.9894        31.6816
     777      17.1011        32.1412
     778      16.9920        32.6254
     779      17.0595        30.2268
     780      17.0415        30.7476
     781      16.9765        30.6522
     782      16.8647        31.2787
     783      16.8746        30.0408
     784      16.9293        29.8760
     785      16.9111        30.3544
     786      16.9007        31.7895
     787      16.8797        30.7599
     788      17.0392        31.7537
     789      16.8429        31.2104
     790      16.9882        31.1558
     791      17.0145        31.0859
     792      17.0335        30.7281
     793      16.9158        30.2630
     794      16.9836        30.9241
     795      16.8488        31.8025
     796      17.0529        30.2293
     797      16.9425        30.0925
     798      17.0496        30.4513
     799      17.1211        30.5193
     800      16.9349        29.4478
     801      17.0093        30.5844
     802      17.0373        29.5043
     803      17.3881        30.3986
     804      16.9553        29.4059
     805      17.0988        30.8964
     806      16.9800        29.7293
     807      16.8570        31.0604
     808      16.8536        29.2085
     809      16.7962        28.7946
     810      16.8396        29.5373
     811      16.6626        30.2623
     812      16.7896        30.8746
     813      16.9271        30.4728
     814      16.8228        31.1351
     815      16.7471        28.8049
     816      16.7466        29.9148
     817      16.8686        31.3994
     818      16.8357        29.7697
     819      16.6978        29.6718
     820      16.8348        30.1946
     821      16.7594        30.0074
     822      16.7451        29.7354
     823      16.8221        30.6740
     824      16.7441        28.6215
     825      16.8024        29.9788
     826      16.8000        30.9575
     827      16.7569        29.5982
     828      16.7123        31.2013
     829      16.6881        31.0513
     830      16.7800        29.5192
     831      16.8836        31.0352
     832      16.7175        30.3710
     833      16.8401        30.5868
     834      16.7316        29.9121
     835      16.9358        31.0038
     836      16.7122        29.4781
     837      16.8651        31.1519
     838      16.7799        30.6951
     839      16.8446        30.4554
     840      16.7706        29.9254
     841      16.7924        28.9608
     842      16.9069        30.0004
     843      16.8429        30.6465
     844      16.9429        31.5434
     845      16.8357        30.5688
     846      16.9635        29.3614
     847      17.0151        31.7378
     848      17.0374        29.7026
     849      16.9354        31.6966
     850      16.9742        30.8153
     851      16.8872        30.3624
     852      17.1252        31.2670
     853      16.7729        30.8553
     854      16.8279        30.8341
     855      16.8456        29.7712
     856      16.9790        30.7173
     857      16.8793        30.3811
     858      16.9907        31.2760
     859      16.9533        30.9192
     860      16.8506        30.4143
     861      16.8327        30.5984
     862      16.9210        29.5163
     863      16.8980        30.7580
     864      16.7858        29.8309
     865      16.8840        30.6054
     866      16.8048        30.7137
     867      16.7487        32.0691
     868      16.8658        30.2900
     869      16.7081        31.7903
     870      16.8513        31.7113
     871      16.7150        30.3035
     872      16.7381        31.0242
     873      16.8300        28.9930
     874      16.5903        30.9449
     875      16.8584        29.9304
     876      16.7523        29.2639
     877      16.6625        29.6659
     878      16.6901        29.9620
     879      16.7643        29.8890
     880      16.7808        29.5299
     881      16.8017        29.0651
     882      16.8338        30.6473
     883      16.7945        29.2189
     884      16.7813        28.7188
     885      16.8096        30.0158
     886      16.9415        31.6832
     887      16.7008        30.1148
     888      16.9503        30.7635
     889      16.9140        31.4051
     890      16.7140        31.6203
     891      16.6516        29.9040
     892      16.7468        31.2416
     893      16.7765        30.7287
     894      16.7573        29.6277
     895      16.6986        31.7887
     896      16.6977        30.0477
     897      16.8004        30.8160
     898      16.7849        30.8038
     899      16.8247        29.3553
     900      16.8253        30.5951
     901      16.8771        30.7972
     902      16.8273        29.4028
     903      16.8979        31.3215
     904      16.8720        30.8796
     905      16.8403        31.0824
     906      16.7472        31.8052
     907      16.7733        30.3681
     908      16.6966        30.4174
     909      16.7441        29.5744
     910      16.8555        29.2250
     911      16.7307        30.9452
     912      16.7278        29.4924
     913      16.7142        31.0581
     914      16.6945        30.4427
     915      16.7231        30.8400
     916      16.8115        30.3462
     917      16.7752        30.8991
     918      16.8607        30.7508
     919      16.7278        30.5350
     920      16.7192        30.5482
     921      16.6679        30.6940
     922      16.8430        30.3580
     923      16.6944        30.2915
     924      16.8141        30.9996
     925      16.7911        31.3745
     926      16.8644        31.1173
     927      16.8404        29.8095
     928      16.8210        29.9008
     929      16.7466        30.4294
     930      16.8882        31.1576
     931      16.7425        31.2857
     932      16.7899        30.2297
     933      16.8623        30.7031
     934      16.8615        30.6747
     935      16.9237        31.9625
     936      16.8602        31.0827
     937      16.8114        30.0448
     938      16.6911        31.3002
     939      16.7663        30.1114
     940      16.7623        31.2559
     941      16.7945        31.1115
     942      16.7596        30.6927
     943      16.7710        30.3868
     944      16.8200        31.0592
     945      16.9354        32.0862
     946      16.8833        30.5139
     947      16.9482        29.4946
     948      16.9718        30.2347
     949      16.9761        30.9007
     950      16.8243        30.5138
     951      16.8547        31.3339
     952      16.8094        30.1779
     953      16.7361        29.5555
     954      16.9427        29.8700
     955      16.8001        30.8052
     956      16.8183        30.9552
     957      16.8537        32.1345
     958      16.7506        30.4704
     959      16.9225        31.0868
     960      16.6598        31.2378
     961      16.7830        29.6357
     962      16.7451        29.2461
     963      16.8121        31.9490
     964      16.8701        29.6307
     965      16.8573        29.3183
     966      16.9090        29.4935
     967      16.7243        31.0019
     968      16.7447        30.9699
     969      16.8306        33.5177
     970      16.8108        31.0430
     971      16.8511        30.5954
     972      16.6713        30.4981
     973      16.9374        30.8753
     974      16.7834        29.2889
     975      16.7470        30.7716
     976      16.8926        29.2081
     977      16.8446        30.9313
     978      16.8376        29.9565
     979      16.8994        31.2270
     980      16.9035        31.0050
     981      16.8842        31.4676
     982      16.8413        30.6244
     983      16.8364        31.7016
     984      16.8597        29.2096
     985      16.8049        30.7963
     986      16.8779        31.1703
     987      16.8796        29.9051
     988      16.8547        30.4663
     989      16.9984        31.0855
     990      16.8781        30.4515
     991      17.0169        30.1852
     992      16.8437        31.4033
     993      16.7853        30.3660
     994      16.8296        29.7405
     995      16.7162        30.6228
     996      16.8052        29.8753
     997      16.8395        31.4361
     998      16.9659        32.0930
     999      16.7406        31.1475
    1000      16.8033        29.8665
