#Residue     Extended       Bridge         3-10        Alpha           Pi         Turn         Bend
       1       0.0000       0.0000       0.0000       0.0000       0.0000       0.0000       0.0000
       2       0.1490       0.0000       0.0000       0.0000       0.0000       0.0000       0.0000
       3       1.0000       0.0000       0.0000       0.0000       0.0000       0.0000       0.0000
       4       1.0000       0.0000       0.0000       0.0000       0.0000       0.0000       0.0000
       5       1.0000       0.0000       0.0000       0.0000       0.0000       0.0000       0.0000
       6       1.0000       0.0000       0.0000       0.0000       0.0000       0.0000       0.0000
       7       0.8560       0.0000       0.0000       0.0000       0.0000       0.0000       0.1440
       8       0.8560       0.0010       0.0000       0.0000       0.0000       0.0000       0.1430
       9       0.0000       0.0000       0.0440       0.0000       0.0000       0.8680       0.0880
      10       0.0000       0.0000       0.0440       0.0000       0.0000       0.9180       0.0380
      11       0.0000       0.0000       0.0440       0.0000       0.0000       0.8950       0.0610
      12       0.8560       0.0010       0.0000       0.0000       0.0000       0.0000       0.0000
      13       0.8560       0.0000       0.0000       0.0000       0.0000       0.0000       0.1440
      14       0.8560       0.0000       0.0000       0.0000       0.0000       0.0000       0.0620
      15       0.9980       0.0010       0.0000       0.0000       0.0000       0.0000       0.0000
      16       0.9960       0.0000       0.0000       0.0000       0.0000       0.0000       0.0000
      17       0.9970       0.0000       0.0000       0.0000       0.0000       0.0000       0.0000
      18       0.9970       0.0030       0.0000       0.0000       0.0000       0.0000       0.0000
      19       0.0450       0.0000       0.0000       0.0000       0.0000       0.0000       0.9400
      20       0.0000       0.0000       0.0000       0.0000       0.0000       0.0000       1.0000
      21       0.7830       0.0000       0.0000       0.0000       0.0000       0.0000       0.0000
      22       0.7830       0.2140       0.0000       0.0000       0.0000       0.0000       0.0000
      23       0.0000       0.0000       0.0000       0.0000       0.0000       0.0000       1.0000
      24       0.0000       0.0000       0.0000       0.0000       0.0000       0.0000       0.0000
      25       0.0000       0.0000       0.0000       0.0000       0.0000       0.0000       0.0030
      26       0.0000       0.0000       0.0410       0.0070       0.0000       0.9510       0.0010
      27       0.0000       0.0000       0.0410       0.0070       0.0000       0.9520       0.0000
      28       0.0000       0.0000       0.0410       0.0070       0.0000       0.9500       0.0020
      29       0.0000       0.0000       0.0000       0.0070       0.0000       0.0000       0.0340
      30       0.0000       0.0000       0.0000       0.0000       0.0000       0.0000       0.8120
      31       0.0000       0.0490       0.0000       0.0000       0.0000       0.0000       0.1940
      32       0.0000       0.0000       0.0000       0.0000       0.0000       0.0000       0.0000
      33       0.0000       0.0000       0.0000       0.0000       0.0000       0.0000       0.8480
      34       0.9980       0.0000       0.0000       0.0000       0.0000       0.0000       0.0010
      35       1.0000       0.0000       0.0000       0.0000       0.0000       0.0000       0.0000
      36       1.0000       0.0000       0.0000       0.0000       0.0000       0.0000       0.0000
      37       1.0000       0.0000       0.0000       0.0000       0.0000       0.0000       0.0000
      38       0.9670       0.0000       0.0000       0.0000       0.0000       0.0000       0.0160
      39       0.9670       0.0010       0.0000       0.0000       0.0000       0.0000       0.0320
      40       0.9160       0.0000       0.0000       0.0000       0.0000       0.0000       0.0820
      41       0.9500       0.0000       0.0000       0.0000       0.0000       0.0000       0.0000
      42       1.0000       0.0000       0.0000       0.0000       0.0000       0.0000       0.0000
      43       1.0000       0.0000       0.0000       0.0000       0.0000       0.0000       0.0000
      44       1.0000       0.0000       0.0000       0.0000       0.0000       0.0000       0.0000
      45       1.0000       0.0000       0.0000       0.0000       0.0000       0.0000       0.0000
      46       0.8050       0.0000       0.0000       0.0000       0.0000       0.0000       0.1950
      47       0.8050       0.0010       0.0000       0.0000       0.0000       0.0000       0.1940
      48       0.0000       0.0000       0.0110       0.0000       0.0000       0.8350       0.1540
      49       0.0000       0.0000       0.0110       0.0000       0.0000       0.8820       0.1070
      50       0.0000       0.0000       0.0110       0.0000       0.0000       0.8490       0.1400
      51       0.8050       0.0020       0.0000       0.0000       0.0000       0.0000       0.0000
      52       0.8050       0.0000       0.0000       0.0000       0.0000       0.0000       0.1950
      53       0.8050       0.0000       0.0000       0.0000       0.0000       0.0000       0.1500
      54       0.9990       0.0000       0.0000       0.0000       0.0000       0.0000       0.0000
      55       1.0000       0.0000       0.0000       0.0000       0.0000       0.0000       0.0000
      56       1.0000       0.0000       0.0000       0.0000       0.0000       0.0000       0.0000
      57       1.0000       0.0000       0.0000       0.0000       0.0000       0.0000       0.0000
      58       0.9190       0.0000       0.0000       0.0000       0.0000       0.0000       0.0000
      59       0.9160       0.0000       0.0000       0.0000       0.0000       0.0000       0.0840
      60       0.9950       0.0000       0.0000       0.0000       0.0000       0.0000       0.0040
      61       1.0000       0.0000       0.0000       0.0000       0.0000       0.0000       0.0000
      62       1.0000       0.0000       0.0000       0.0000       0.0000       0.0000       0.0000
      63       0.0000       0.0000       0.0000       0.0000       0.0000       0.0000       0.9560
      64       0.0000       0.0000       0.0000       0.0000       0.0000       0.0000       0.9970
      65       0.0000       0.0000       0.6870       0.0040       0.0000       0.1800       0.1290
      66       0.0000       0.0000       0.7160       0.0040       0.0000       0.2800       0.0000
      67       0.0000       0.0000       0.7160       0.0040       0.0000       0.2800       0.0000
      68       0.0000       0.0000       0.6120       0.0040       0.0000       0.3840       0.0000
      69       0.0000       0.0000       0.0000       0.0000       0.0000       0.9980       0.0010
      70       0.0000       0.0000       0.0000       0.0000       0.0000       0.0000       0.0000
      71       0.0000       0.0000       0.0000       0.0000       0.0000       0.0000       0.9060
      72       0.0000       0.0000       0.0000       0.0000       0.0000       0.0000       0.6680
      73       0.0000       0.0000       0.0000       0.0000       0.0000       0.0000       0.9580
      74       0.0000       0.0490       0.0000       0.0000       0.0000       0.0000       0.0270
      75       0.0000       0.0000       0.0000       0.0000       0.0000       0.0000       0.0000
      76       0.0000       0.0000       0.0000       0.0000       0.0000       0.0000       0.0540
      77       0.9970       0.0000       0.0000       0.0000       0.0000       0.0000       0.0000
      78       1.0000       0.0000       0.0000       0.0000       0.0000       0.0000       0.0000
      79       1.0000       0.0000       0.0000       0.0000       0.0000       0.0000       0.0000
      80       1.0000       0.0000       0.0000       0.0000       0.0000       0.0000       0.0000
      81       0.2730       0.0000       0.0000       0.0000       0.0000       0.0000       0.0000
      82       0.0000       0.0000       0.0000       0.0000       0.0000       0.0000       0.0000
      83       0.0000       0.0000       0.0000       0.0000       0.0000       0.0000       0.0030
      84       0.0000       0.0000       0.0000       0.0000       0.0000       0.0000       0.0090
      85       0.0000       0.0000       0.0000       0.0000       0.0000       0.0000       0.8520
      86       0.0000       0.0000       0.0000       0.0000       0.0000       0.0000       0.3150
      87       0.0000       0.0000       0.0000       0.0000       0.0000       0.0000       0.0000
      88       0.9980       0.0000       0.0000       0.0000       0.0000       0.0000       0.0000
      89       1.0000       0.0000       0.0000       0.0000       0.0000       0.0000       0.0000
      90       1.0000       0.0000       0.0000       0.0000       0.0000       0.0000       0.0000
      91       1.0000       0.0000       0.0000       0.0000       0.0000       0.0000       0.0000
      92       1.0000       0.0000       0.0000       0.0000       0.0000       0.0000       0.0000
      93       0.3660       0.0000       0.0000       0.0000       0.0000       0.0000       0.6340
      94       0.3660       0.0000       0.0000       0.0000       0.0000       0.0000       0.6340
      95       0.0000       0.0000       0.1760       0.0000       0.0000       0.3960       0.4280
      96       0.0000       0.0000       0.1760       0.0000       0.0000       0.7330       0.0910
      97       0.0000       0.0000       0.1760       0.0000       0.0000       0.6790       0.1450
      98       0.3660       0.0000       0.0000       0.0000       0.0000       0.0000       0.0000
      99       0.3660       0.0000       0.0000       0.0000       0.0000       0.0000       0.6340
     100       0.3660       0.0000       0.0000       0.0000       0.0000       0.0000       0.3540
     101       1.0000       0.0000       0.0000       0.0000       0.0000       0.0000       0.0000
     102       1.0000       0.0000       0.0000       0.0000       0.0000       0.0000       0.0000
     103       1.0000       0.0000       0.0000       0.0000       0.0000       0.0000       0.0000
     104       1.0000       0.0000       0.0000       0.0000       0.0000       0.0000       0.0000
     105       0.0000       0.0000       0.0000       0.0000       0.0000       0.0000       0.9950
     106       0.0000       0.0000       0.0000       0.0000       0.0000       0.0000       1.0000
     107       0.3100       0.0000       0.0000       0.0000       0.0000       0.0000       0.0000
     108       0.3100       0.6900       0.0000       0.0000       0.0000       0.0000       0.0000
     109       0.0000       0.0000       0.0000       0.0000       0.0000       0.0070       0.9900
     110       0.0000       0.0000       0.0000       0.0000       0.0000       0.0070       0.0070
     111       0.0000       0.0000       0.0910       0.0370       0.0000       0.0100       0.1650
     112       0.0000       0.0000       0.1060       0.0370       0.0000       0.8460       0.0080
     113       0.0000       0.0000       0.1060       0.0370       0.0000       0.8420       0.0150
     114       0.0000       0.0000       0.0210       0.0370       0.0000       0.9070       0.0350
     115       0.0000       0.0000       0.0000       0.0000       0.0000       0.0040       0.0780
     116       0.0000       0.0000       0.0000       0.0000       0.0000       0.0310       0.0030
     117       0.0000       0.0000       0.0000       0.0000       0.0000       0.0310       0.9030
     118       0.0000       0.0000       0.0000       0.0000       0.0000       0.0000       0.7900
     119       0.0000       0.0280       0.0000       0.0000       0.0000       0.0000       0.2780
     120       0.0000       0.0060       0.0000       0.0000       0.0000       0.0000       0.0000
     121       0.0000       0.0000       0.0000       0.0000       0.0000       0.0000       0.0130
     122       1.0000       0.0000       0.0000       0.0000       0.0000       0.0000       0.0000
     123       1.0000       0.0000       0.0000       0.0000       0.0000       0.0000       0.0000
     124       0.9940       0.0000       0.0000       0.0000       0.0000       0.0000       0.0000
     125       0.9410       0.0010       0.0000       0.0000       0.0000       0.0000       0.0000
     126       0.4060       0.0000       0.0000       0.0000       0.0000       0.0000       0.0020
     127       0.4060       0.5920       0.0000       0.0000       0.0000       0.0000       0.0020
     128       0.0000       0.0000       0.0000       0.0000       0.0000       0.0000       0.9930
     129       0.0540       0.0000       0.0000       0.0000       0.0000       0.0000       0.0000
     130       1.0000       0.0000       0.0000       0.0000       0.0000       0.0000       0.0000
     131       1.0000       0.0000       0.0000       0.0000       0.0000       0.0000       0.0000
     132       1.0000       0.0000       0.0000       0.0000       0.0000       0.0000       0.0000
     133       0.9980       0.0000       0.0000       0.0000       0.0000       0.0000       0.0000
     134       0.8530       0.0000       0.0000       0.0000       0.0000       0.0000       0.1470
     135       0.8530       0.0180       0.0000       0.0000       0.0000       0.0000       0.1290
     136       0.0000       0.0000       0.0340       0.0000       0.0000       0.8880       0.0780
     137       0.0000       0.0000       0.0340       0.0000       0.0000       0.9200       0.0460
     138       0.0000       0.0000       0.0340       0.0000       0.0000       0.8900       0.0760
     139       0.8530       0.0180       0.0000       0.0000       0.0000       0.0000       0.0000
     140       0.8530       0.0000       0.0000       0.0000       0.0000       0.0000       0.1470
     141       0.8530       0.0000       0.0000       0.0000       0.0000       0.0000       0.0890
     142       0.9790       0.0000       0.0000       0.0000       0.0000       0.0000       0.0000
     143       1.0000       0.0000       0.0000       0.0000       0.0000       0.0000       0.0000
     144       1.0000       0.0000       0.0000       0.0000       0.0000       0.0000       0.0000
     145       0.9990       0.0000       0.0000       0.0000       0.0000       0.0000       0.0000
     146       0.0000       0.0000       0.0000       0.0000       0.0000       0.0000       0.0000
     147       0.0000       0.0000       0.0000       0.0000       0.0000       0.0000       0.9990
     148       0.8210       0.0610       0.0000       0.0000       0.0000       0.0000       0.1110
     149       0.8460       0.0000       0.0000       0.0000       0.0000       0.0000       0.0000
     150       0.8460       0.0600       0.0000       0.0000       0.0000       0.0000       0.0000
     151       0.0000       0.0000       0.0000       0.0000       0.0000       0.0000       0.3820
     152       0.0000       0.0000       0.0000       0.0000       0.0000       0.0000       0.9990
     153       0.0000       0.0000       0.8810       0.0690       0.0000       0.0470       0.0030
     154       0.0000       0.0000       0.8820       0.0690       0.0000       0.0490       0.0000
     155       0.0000       0.0000       0.8820       0.0690       0.0000       0.0490       0.0000
     156       0.0000       0.0000       0.1800       0.0690       0.0000       0.7490       0.0020
     157       0.0000       0.0000       0.0000       0.0000       0.0000       0.5470       0.0010
     158       0.0000       0.0000       0.0000       0.0000       0.0000       0.0000       0.0020
     159       0.0000       0.0000       0.0000       0.0000       0.0000       0.2820       0.6730
     160       0.0000       0.0000       0.0000       0.0000       0.0000       0.2820       0.6710
     161       0.0000       0.0060       0.0000       0.0000       0.0000       0.0420       0.0540
     162       0.0000       0.0280       0.0000       0.0000       0.0000       0.0420       0.0040
     163       0.0000       0.0000       0.0000       0.0000       0.0000       0.0000       0.0000
     164       0.0000       0.0000       0.0000       0.0000       0.0000       0.0000       0.4170
     165       0.9780       0.0000       0.0000       0.0000       0.0000       0.0000       0.0010
     166       1.0000       0.0000       0.0000       0.0000       0.0000       0.0000       0.0000
     167       1.0000       0.0000       0.0000       0.0000       0.0000       0.0000       0.0000
     168       1.0000       0.0000       0.0000       0.0000       0.0000       0.0000       0.0000
     169       0.0540       0.0000       0.0000       0.0000       0.0000       0.0000       0.0180
     170       0.0000       0.0000       0.0000       0.0000       0.0000       0.0000       0.0000
     171       0.0000       0.0000       0.0000       0.0000       0.0000       0.0000       0.1110
     172       0.0000       0.0000       0.0000       0.0000       0.0000       0.0000       0.0000
     173       0.0000       0.0000       0.0000       0.0000       0.0000       0.0000       0.0000
