#Frame      RoG_00004 RoG_00004[Max]
       1      16.9523        29.9736
       2      16.8257        28.9194
       3      16.8541        30.2998
       4      16.8949        30.6230
       5      16.9507        29.3380
       6      16.7781        30.9098
       7      17.0497        30.6970
       8      16.9072        29.8761
       9      16.8795        30.3399
      10      16.9255        30.4510
      11      16.7790        30.5759
      12      16.7137        29.9400
      13      16.7057        29.5322
      14      16.9739        30.2787
      15      16.9377        29.6888
      16      16.9474        30.4166
      17      16.8215        29.1648
      18      16.9072        30.4950
      19      16.8497        29.4844
      20      16.8209        29.0647
      21      17.0304        29.9191
      22      17.0464        29.8028
      23      16.9087        30.1762
      24      17.0682        30.9761
      25      16.8276        29.2930
      26      16.9581        29.4222
      27      16.9462        29.7047
      28      16.8603        30.2952
      29      16.9764        29.5269
      30      16.9139        30.0374
      31      17.0403        29.7053
      32      17.1035        31.0883
      33      16.9031        31.0980
      34      16.9643        29.0669
      35      16.9434        29.9440
      36      17.2454        30.0429
      37      16.8517        29.1964
      38      17.0257        29.6716
      39      16.8509        29.5751
      40      16.8350        28.8655
      41      17.1585        32.3787
      42      16.8590        29.5178
      43      16.8939        29.0733
      44      17.0074        29.9685
      45      16.8979        30.9421
      46      16.7953        29.1757
      47      16.8929        29.0707
      48      17.0920        30.1171
      49      16.8526        29.4459
      50      16.8848        29.1295
      51      16.9082        30.2546
      52      16.7910        29.0720
      53      16.8627        28.8058
      54      16.9762        29.4739
      55      17.1291        31.0151
      56      17.0500        29.3308
      57      17.0886        29.4808
      58      16.9347        31.9191
      59      17.1929        29.6371
      60      17.0267        29.5805
      61      16.9849        29.0037
      62      16.9660        29.0503
      63      17.0330        29.7522
      64      16.8993        31.1428
      65      17.1661        31.6145
      66      17.0799        31.3721
      67      16.9633        30.8905
      68      16.8023        30.1847
      69      16.9606        29.2572
      70      16.9649        29.2641
      71      16.9030        29.3018
      72      16.9137        29.8429
      73      16.8744        30.0237
      74      16.8559        30.1585
      75      16.8889        29.1350
      76      16.8956        29.3810
      77      16.8629        30.1032
      78      16.8369        29.7847
      79      16.8679        29.7901
      80      16.9733        29.5566
      81      16.8561        30.5515
      82      16.8946        30.2172
      83      16.8326        29.6490
      84      16.7906        30.9247
      85      16.9054        31.0822
      86      17.0225        30.2612
      87      16.9149        28.5109
      88      16.8307        30.1151
      89      16.8869        30.1119
      90      17.0680        29.7709
      91      16.8362        31.0359
      92      17.0017        30.6676
      93      16.9670        30.0283
      94      16.9576        29.8418
      95      16.9380        30.2709
      96      17.1297        30.8868
      97      16.9627        29.7454
      98      17.0452        29.3145
      99      16.9906        30.9430
     100      16.8719        29.2106
     101      16.9625        29.5051
     102      17.0407        30.6204
     103      17.0880        29.7937
     104      17.0242        30.9828
     105      16.8858        30.1229
     106      16.9733        29.3326
     107      16.8981        30.6509
     108      16.6476        29.5954
     109      16.7979        31.1397
     110      16.7084        30.3313
     111      16.8329        29.8483
     112      16.7608        29.8796
     113      16.8829        30.2338
     114      16.8222        30.4309
     115      17.1210        29.8864
     116      16.9385        29.9429
     117      17.0530        29.9097
     118      17.0096        31.1122
     119      16.8471        29.9808
     120      16.7751        29.7824
     121      16.8086        29.6970
     122      16.8169        29.0495
     123      16.9665        30.0447
     124      16.8863        30.5035
     125      16.8145        29.3951
     126      16.9880        29.8338
     127      16.8632        30.1916
     128      16.8739        30.9237
     129      16.9788        30.3783
     130      16.8986        29.6557
     131      16.8689        29.3689
     132      16.9714        29.1715
     133      17.0691        31.5266
     134      16.9535        29.3754
     135      16.8963        30.7289
     136      16.8956        30.0292
     137      16.9925        29.2935
     138      16.9766        31.0569
     139      16.9812        30.6359
     140      16.9790        30.6928
     141      17.0391        30.1316
     142      17.2824        30.2455
     143      17.1402        29.2129
     144      16.9092        30.2766
     145      17.0210        29.7508
     146      17.0206        29.2853
     147      17.2618        29.4834
     148      17.0669        29.3716
     149      17.1283        31.2965
     150      16.9395        29.2220
     151      16.9313        29.8410
     152      17.0996        30.6224
     153      16.8870        30.6729
     154      16.8456        29.4223
     155      17.1474        29.7397
     156      16.9851        30.3415
     157      17.0527        30.8873
     158      17.0896        30.3137
     159      16.8531        28.7641
     160      16.9527        29.2864
     161      16.9193        29.3281
     162      17.1446        30.0539
     163      17.0250        30.1493
     164      16.9996        29.3949
     165      17.2788        31.1150
     166      17.5240        31.0696
     167      17.4687        30.3348
     168      17.3016        31.4091
     169      17.4011        30.4755
     170      17.5090        31.8044
     171      17.3305        30.0208
     172      17.2549        29.7318
     173      17.4800        29.8580
     174      17.5148        30.0968
     175      17.4257        30.4873
     176      17.5988        30.9749
     177      17.3599        31.4562
     178      17.0741        31.2074
     179      16.9834        30.2365
     180      16.8914        30.9539
     181      17.0426        31.5466
     182      17.1267        30.9069
     183      16.7705        29.3759
     184      16.8855        30.0239
     185      17.0081        29.4126
     186      17.0761        31.3221
     187      16.9971        31.3987
     188      17.0250        30.8737
     189      17.1091        31.3302
     190      16.9723        31.2353
     191      16.9195        31.0364
     192      17.1684        32.9420
     193      16.8960        30.7234
     194      17.0707        31.1600
     195      17.0947        32.6511
     196      17.0067        31.0204
     197      17.0545        33.0625
     198      17.2373        31.5306
     199      17.0154        31.2873
     200      17.1676        32.9498
     201      17.7016        31.4412
     202      17.4680        31.5768
     203      17.4041        31.0694
     204      17.6221        30.8657
     205      17.5493        31.5045
     206      17.3543        30.8267
     207      17.5099        31.3079
     208      17.5306        31.7125
     209      17.5435        31.2905
     210      17.5245        31.4305
     211      17.4541        30.9955
     212      17.5506        31.1339
     213      17.2950        30.5073
     214      17.4910        31.0445
     215      17.2031        30.0590
     216      17.5643        30.8111
     217      17.2988        30.3081
     218      17.4237        30.5910
     219      17.7155        31.0883
     220      17.3922        29.6573
     221      17.6916        30.0459
     222      17.8235        30.9063
     223      17.6393        31.5299
     224      17.6480        31.9373
     225      17.6424        30.6246
     226      17.8616        30.8836
     227      17.6386        30.6208
     228      17.6660        31.2460
     229      17.5802        32.9635
     230      17.4410        30.4902
     231      17.6034        32.2904
     232      17.7417        30.1187
     233      17.6675        30.0529
     234      17.5906        30.7193
     235      17.5565        31.0551
     236      17.4635        30.8654
     237      17.4886        30.6202
     238      17.9457        32.9682
     239      18.1136        31.7744
     240      17.7987        30.5911
     241      18.0153        31.4867
     242      18.1683        31.5712
     243      17.6612        31.1232
     244      17.6666        31.5399
     245      18.3061        33.0854
     246      18.2576        32.0039
     247      18.3774        34.4094
     248      18.0766        33.3586
     249      18.1663        32.4553
     250      17.9727        31.7155
     251      17.9291        31.8612
     252      18.2206        33.8800
     253      18.1127        33.2289
     254      17.9716        33.0458
     255      18.1558        31.8848
     256      18.1376        32.9550
     257      18.3443        31.7805
     258      18.0639        32.1490
     259      18.1096        31.6464
     260      17.7835        31.4494
     261      17.8443        32.9475
     262      17.9898        30.8708
     263      18.4305        32.4593
     264      17.8918        32.2797
     265      18.2622        32.2093
     266      18.0666        31.6865
     267      17.9884        32.5202
     268      18.1043        31.4180
     269      18.4116        31.3432
     270      18.3145        32.5454
     271      17.7206        30.5539
     272      17.8298        31.2407
     273      18.0347        31.6939
     274      18.6255        32.5033
     275      18.0201        31.8612
     276      18.1031        32.6405
     277      17.7278        30.6662
     278      17.6559        32.4219
     279      17.7502        30.5231
     280      18.5112        33.1915
     281      18.2487        32.1462
     282      17.5774        31.6905
     283      18.2944        31.9031
     284      18.3279        32.2872
     285      17.9278        31.5177
     286      17.8322        30.6527
     287      18.0605        32.6423
     288      18.2949        32.1730
     289      17.8445        31.0405
     290      17.8249        30.4409
     291      18.1707        31.1588
     292      17.9451        31.2959
     293      18.3865        33.1412
     294      17.9552        30.7470
     295      18.2816        31.7286
     296      18.2444        32.8485
     297      18.1499        31.3554
     298      18.4697        31.5722
     299      19.0042        32.2680
     300      18.5292        32.5351
     301      18.5034        33.3770
     302      18.3857        34.1094
     303      18.6157        33.7308
     304      18.7072        34.1308
     305      18.6424        33.5624
     306      18.4500        33.0546
     307      18.6864        33.3180
     308      18.2904        32.4347
     309      18.1545        33.1820
     310      18.1731        33.6988
     311      18.5680        33.0851
     312      18.4804        34.2240
     313      18.6805        32.7328
     314      18.3916        33.8258
     315      18.5995        34.0081
     316      18.3614        31.9597
     317      18.4558        33.6051
     318      18.5875        32.5011
     319      18.3411        31.6302
     320      18.9338        33.3981
     321      18.5551        31.8386
     322      18.4306        32.2904
     323      18.5050        32.4366
     324      18.4666        32.4275
     325      18.4658        32.7364
     326      18.4173        33.4005
     327      18.4344        33.7008
     328      18.5005        33.7729
     329      18.5854        34.1016
     330      18.5607        33.5278
     331      18.5423        33.9728
     332      18.6201        33.2595
     333      18.5626        33.4013
     334      18.7951        32.7805
     335      18.4188        31.9299
     336      18.5463        32.1658
     337      17.8860        30.9920
     338      18.0196        31.4891
     339      18.1575        32.1469
     340      18.1535        32.1102
     341      18.1511        31.7347
     342      18.0367        31.3798
     343      18.1532        32.2755
     344      18.2945        32.7241
     345      17.9241        31.5817
     346      18.2005        32.4230
     347      18.2488        33.2361
     348      17.8134        31.0620
     349      17.9462        31.4907
     350      18.6270        31.9887
     351      18.2278        31.0307
     352      18.2774        33.4344
     353      18.5104        32.9519
     354      18.2852        32.1744
     355      18.7189        32.9822
     356      18.6716        32.1616
     357      18.2375        31.6126
     358      18.1982        33.6595
     359      18.4453        31.6695
     360      18.0449        32.0017
     361      18.7594        32.8414
     362      18.1110        32.1550
     363      18.7809        35.2860
     364      18.0374        32.7228
     365      18.1372        32.0873
     366      18.1152        31.3587
     367      18.0313        32.7906
     368      18.0685        31.0694
     369      18.0505        32.0283
     370      18.1200        32.1722
     371      18.3425        33.1836
     372      18.0110        33.3056
     373      18.1015        33.4861
     374      18.0974        31.8024
     375      18.2440        32.8158
     376      18.2026        32.4295
     377      17.9555        31.7431
     378      18.3265        31.6020
     379      18.1458        33.2063
     380      18.1207        32.8818
     381      18.6084        34.2168
     382      18.4059        33.9936
     383      18.0921        31.3130
     384      17.9315        32.0536
     385      18.0827        31.2745
     386      18.0902        32.7055
     387      18.1872        33.1597
     388      18.2453        31.9294
     389      17.9471        31.2918
     390      18.4022        32.0622
     391      18.9106        33.3006
     392      17.8527        32.2217
     393      18.2570        32.4274
     394      18.1433        32.9055
     395      18.8497        32.5068
     396      18.2415        32.8331
     397      18.2577        31.7299
     398      18.2319        31.1481
     399      18.2383        32.8630
     400      18.5788        33.5745
     401      18.0989        31.4092
     402      18.3835        33.3018
     403      18.5020        32.9248
     404      18.1908        31.8284
     405      17.7911        31.0215
     406      18.4725        32.2320
     407      18.5557        32.1065
     408      17.8662        31.5743
     409      18.1521        31.1405
     410      17.9273        30.8125
     411      18.1801        32.7183
     412      18.1501        31.7351
     413      18.5563        31.7542
     414      18.1279        31.6050
     415      18.1812        31.4929
     416      18.2286        33.6270
     417      18.0196        31.5665
     418      18.3206        32.3321
     419      17.9805        31.3837
     420      18.1481        31.7039
     421      18.1247        31.3992
     422      18.5701        33.0655
     423      18.4980        31.2849
     424      18.0271        31.7109
     425      18.3520        31.6101
     426      18.0875        33.2613
     427      18.2160        31.0765
     428      17.9768        31.3206
     429      18.0657        33.3998
     430      18.3322        33.1926
     431      18.0958        33.1245
     432      18.0866        30.8517
     433      18.3623        31.8477
     434      18.2940        31.6779
     435      18.0048        32.5890
     436      18.0710        31.3403
     437      18.0100        31.7355
     438      18.2715        34.0447
     439      18.1509        32.3176
     440      18.5007        33.0452
     441      18.2561        33.2916
     442      18.1601        33.5773
     443      18.0159        31.3016
     444      17.8689        30.7730
     445      17.7075        31.6513
     446      18.1618        32.4304
     447      17.8118        31.6567
     448      17.8646        31.2771
     449      17.8237        31.4002
     450      17.8400        31.5583
     451      18.0014        31.3693
     452      17.8490        31.6262
     453      18.1322        32.0860
     454      18.3416        34.1067
     455      18.0065        33.6213
     456      18.2457        33.0335
     457      17.9964        31.7968
     458      18.1974        33.0153
     459      18.1677        32.0524
     460      18.3537        32.2668
     461      18.4543        33.1404
     462      18.1245        33.0719
     463      18.0266        31.9319
     464      17.8892        31.8111
     465      17.9941        32.4711
     466      18.0458        31.3574
     467      18.2400        32.0089
     468      18.0665        32.8286
     469      18.0150        33.5171
     470      18.2675        31.8178
     471      18.2082        33.5478
     472      17.9514        32.6355
     473      18.0953        33.2482
     474      18.2531        32.2226
     475      18.3342        33.9955
     476      17.8670        31.4084
     477      18.1350        33.5815
     478      18.4024        32.1066
     479      18.4165        32.2982
     480      17.9853        31.0656
     481      18.1105        32.6824
     482      18.1805        33.1472
     483      18.4508        32.5476
     484      17.9118        30.9854
     485      18.4741        31.6979
     486      18.2120        31.8638
     487      18.1794        33.0025
     488      18.2841        34.1841
     489      18.3687        32.7302
     490      18.6773        33.7345
     491      18.1559        32.1764
     492      18.6587        33.6098
     493      17.9865        31.5148
     494      18.3754        35.3500
     495      18.4695        32.9094
     496      18.4113        32.5853
     497      18.4491        33.8632
     498      18.5937        33.8992
     499      18.3535        32.8767
     500      18.1361        32.0894
     501      18.2960        33.9277
     502      17.7729        32.0539
     503      18.0601        32.4430
     504      18.0131        31.3109
     505      18.0859        32.3667
     506      18.0449        32.5169
     507      18.1903        33.4847
     508      18.4898        33.0738
     509      18.3212        31.6357
     510      18.0216        32.4705
     511      18.3724        32.0546
     512      18.1646        31.3194
     513      18.4995        32.6814
     514      18.2351        32.9165
     515      18.2456        32.2566
     516      18.1984        32.7936
     517      18.1260        33.2467
     518      18.2516        31.7188
     519      18.7206        33.0866
     520      18.2088        32.2768
     521      18.4982        32.4513
     522      18.0642        31.1800
     523      18.1322        33.0686
     524      18.2620        33.0512
     525      18.0107        31.3755
     526      18.3320        32.9219
     527      18.8703        34.3453
     528      18.2153        31.6323
     529      18.2062        31.6439
     530      18.2455        32.7644
     531      18.4684        32.4501
     532      18.5759        33.8570
     533      18.4514        33.3291
     534      18.0405        32.2189
     535      18.1705        32.8850
     536      18.0711        31.9928
     537      18.1639        32.7914
     538      18.1374        30.7785
     539      18.4935        32.2874
     540      18.3518        32.4097
     541      18.3395        33.8890
     542      18.4294        34.1312
     543      18.4884        31.8007
     544      18.2581        33.0245
     545      18.2196        32.7777
     546      18.0346        33.2685
     547      18.4302        34.1143
     548      18.2391        34.0808
     549      18.2643        33.1718
     550      18.3559        33.5627
     551      18.5624        32.8330
     552      18.3446        32.8906
     553      18.0880        32.5537
     554      18.0630        31.9594
     555      17.9167        31.2834
     556      18.4182        35.2510
     557      18.0567        33.7921
     558      18.3800        35.5191
     559      17.9784        32.8556
     560      18.1080        32.8595
     561      18.6296        34.6665
     562      18.2143        32.6052
     563      18.0439        32.7614
     564      18.0790        31.5535
     565      17.8895        32.3263
     566      18.6535        33.4985
     567      18.2704        33.6149
     568      18.2055        32.9837
     569      18.2014        32.0961
     570      17.7768        31.8793
     571      17.9584        32.0089
     572      17.8366        31.2030
     573      17.9396        31.9184
     574      17.8846        31.1671
     575      17.9997        31.1332
     576      17.7020        32.5939
     577      18.0211        32.3386
     578      18.3258        32.9731
     579      17.9711        31.6913
     580      18.0968        31.6276
     581      18.3830        32.7911
     582      17.9214        31.7884
     583      17.6546        31.8700
     584      17.8911        31.5566
     585      18.1341        31.6453
     586      17.9706        31.9694
     587      17.8377        33.3646
     588      18.1277        31.7931
     589      17.9987        32.6540
     590      17.9511        31.9843
     591      18.1288        32.0647
     592      18.3918        33.5775
     593      18.0359        31.6224
     594      17.9201        32.9877
     595      18.3224        31.5884
     596      18.5135        32.3620
     597      18.4691        31.8893
     598      17.7402        30.6174
     599      18.1493        31.8798
     600      18.2278        31.3107
     601      18.2293        32.1188
     602      18.1039        33.1483
     603      18.2679        32.2987
     604      18.1674        32.2195
     605      18.0978        31.4991
     606      17.9326        31.1636
     607      17.7971        32.0519
     608      18.0512        31.2676
     609      17.9668        31.5149
     610      17.9340        30.5632
     611      17.9390        31.3296
     612      18.5111        31.9600
     613      17.8843        32.4371
     614      17.9179        31.8066
     615      18.1013        31.1522
     616      18.1758        33.0525
     617      18.1236        31.7835
     618      18.1322        32.0683
     619      18.5359        32.2489
     620      18.3208        31.9199
     621      18.2340        32.9186
     622      18.7611        32.3536
     623      17.7199        30.7176
     624      18.1806        32.6095
     625      17.9054        31.5335
     626      17.8802        32.9885
     627      17.8222        31.9449
     628      17.9351        32.0960
     629      18.3454        32.0516
     630      18.2782        32.2763
     631      18.1301        32.4738
     632      18.0812        31.8801
     633      18.0230        33.3713
     634      18.0626        31.5967
     635      18.0080        31.3592
     636      18.1972        31.8930
     637      18.0942        30.7028
     638      17.8552        32.6503
     639      17.7935        33.0653
     640      18.0592        31.7271
     641      17.9434        31.1031
     642      18.3878        32.4818
     643      18.0015        31.3631
     644      18.1994        33.2275
     645      17.7797        33.0180
     646      17.9920        32.5466
     647      18.4150        32.0747
     648      18.1920        33.0934
     649      18.1967        33.3718
     650      18.0187        32.2891
     651      18.1521        31.6361
     652      17.9769        32.0982
     653      18.2189        31.3796
     654      17.9138        31.6743
     655      18.0801        32.3025
     656      18.4873        31.4169
     657      18.1637        31.8697
     658      18.5035        33.0812
     659      18.4513        31.6649
     660      18.0383        31.5587
     661      17.9633        31.2517
     662      17.7745        32.9108
     663      18.1518        31.5856
     664      18.1871        32.2111
     665      18.0864        31.7910
     666      18.1009        32.8791
     667      18.2206        31.9712
     668      17.9031        31.2545
     669      17.9214        33.4110
     670      17.9771        31.9184
     671      18.0273        32.4733
     672      17.7438        31.7249
     673      17.7971        32.2298
     674      17.8014        32.6514
     675      17.7878        31.1131
     676      17.9749        32.5537
     677      17.7933        31.5125
     678      17.8495        31.0279
     679      18.0745        32.4024
     680      17.9191        30.7468
     681      18.1777        35.1192
     682      18.1441        31.6130
     683      18.1397        32.5376
     684      17.9230        31.9747
     685      18.4576        31.7884
     686      18.1428        31.8351
     687      18.1688        30.8569
     688      18.4477        32.2727
     689      17.9423        31.0565
     690      17.8777        31.2579
     691      18.0329        32.2804
     692      18.3847        32.8616
     693      18.0197        34.2871
     694      18.3063        32.9280
     695      18.0678        33.0903
     696      17.9829        31.4853
     697      18.1988        32.0456
     698      17.8071        32.1818
     699      18.1174        32.8179
     700      18.0662        33.5672
     701      18.5080        34.2472
     702      18.5079        32.3870
     703      18.2648        32.4609
     704      18.0726        32.1952
     705      18.1491        33.6599
     706      17.9688        32.6560
     707      17.9307        30.7086
     708      18.1847        31.3114
     709      18.2877        31.4731
     710      18.0643        31.0577
     711      18.0859        31.3521
     712      18.1463        31.1806
     713      17.8814        31.2471
     714      18.1353        31.4265
     715      18.5999        32.0218
     716      18.3951        32.1542
     717      18.2749        32.1185
     718      18.4219        32.0228
     719      18.5096        32.9174
     720      18.3334        32.4366
     721      18.1795        31.5153
     722      18.0597        31.5723
     723      18.3511        32.6817
     724      18.4545        32.7020
     725      18.2641        32.4414
     726      18.3239        32.3463
     727      18.4766        32.1108
     728      18.6482        33.7296
     729      18.0447        31.3169
     730      18.2910        33.1115
     731      18.0659        31.3759
     732      18.0659        31.9424
     733      18.2431        33.5607
     734      18.1276        32.5282
     735      18.3134        31.6645
     736      18.0236        31.6680
     737      18.0017        33.5321
     738      18.0672        32.0217
     739      18.1272        32.2853
     740      17.7261        31.7860
     741      18.1704        33.2175
     742      18.1426        31.3351
     743      18.4482        32.1050
     744      18.2895        31.2199
     745      18.3521        32.6461
     746      18.2724        31.3298
     747      18.2450        31.7648
     748      18.3544        31.3785
     749      18.1220        31.3852
     750      18.2680        30.9859
     751      18.0663        31.1057
     752      18.0191        31.3270
     753      18.4557        34.0676
     754      17.9538        30.6160
     755      18.1322        32.7594
     756      17.9759        30.9701
     757      18.3689        33.4035
     758      18.0508        31.1924
     759      18.5183        32.8955
     760      18.4221        32.5661
     761      18.4902        32.1406
     762      18.3674        31.3932
     763      18.4064        32.4715
     764      18.3252        31.6551
     765      18.3615        33.5186
     766      18.4307        31.8945
     767      18.6788        32.5102
     768      18.2439        32.0995
     769      18.2142        32.1983
     770      18.5542        32.4814
     771      18.2273        31.7372
     772      18.0598        31.4077
     773      18.1537        31.4295
     774      18.1891        31.3644
     775      18.2571        32.2222
     776      18.0441        31.0549
     777      17.8893        32.5831
     778      18.3999        32.1117
     779      18.1803        33.1785
     780      18.1896        32.0348
     781      18.4743        31.8010
     782      18.3213        32.1103
     783      18.7108        32.8870
     784      18.4475        32.3655
     785      18.0753        31.6968
     786      18.4970        32.3627
     787      17.8541        31.5208
     788      18.1025        32.3298
     789      18.1912        31.4060
     790      18.3178        32.1245
     791      18.3204        32.7258
     792      18.2852        31.7293
     793      18.2516        31.8638
     794      18.2800        32.1467
     795      18.6461        33.2356
     796      17.7926        31.1836
     797      18.5909        33.1843
     798      18.0387        32.9892
     799      18.1542        32.0725
     800      18.1087        32.8220
     801      18.1095        31.8435
     802      18.2543        32.1772
     803      18.5903        31.4894
     804      18.1071        31.3670
     805      18.2423        31.3757
     806      18.3595        31.6423
     807      17.8586        31.0870
     808      17.8124        33.6652
     809      18.2636        33.0002
     810      18.3336        34.0722
     811      18.0853        31.9074
     812      18.0647        32.2559
     813      18.0551        32.7298
     814      18.3085        33.5764
     815      18.0173        31.9670
     816      18.1440        32.0311
     817      18.1231        33.1705
     818      18.2698        32.4631
     819      18.1473        33.8155
     820      18.3944        32.6958
     821      18.1708        32.9545
     822      17.8438        32.1351
     823      17.7884        32.4618
     824      18.0090        32.2358
     825      18.3460        32.6287
     826      18.3971        34.1216
     827      18.3702        32.9444
     828      18.4379        32.8368
     829      17.8669        32.2497
     830      17.7767        32.8138
     831      17.9038        32.6967
     832      18.0321        34.1768
     833      17.7925        31.5335
     834      17.9247        33.5301
     835      17.9231        33.7134
     836      17.9021        32.3156
     837      18.1967        33.7587
     838      18.1477        33.9383
     839      17.9396        32.2872
     840      17.8604        31.0223
     841      17.8334        31.2478
     842      17.8346        31.9720
     843      17.7068        32.2754
     844      17.8469        31.2560
     845      17.9494        33.4204
     846      17.8330        31.5379
     847      17.7007        31.0832
     848      17.9298        33.2515
     849      17.7912        31.8352
     850      17.7123        31.7440
     851      17.8087        33.3033
     852      18.2754        31.6035
     853      18.2457        32.1643
     854      18.3659        31.7019
     855      18.2548        32.2413
     856      18.3792        32.2460
     857      18.3233        32.7265
     858      17.8447        30.3601
     859      18.2349        31.7284
     860      18.0449        31.8579
     861      17.7826        30.8339
     862      17.6451        31.6875
     863      18.0555        31.0933
     864      17.8027        31.4211
     865      17.9987        32.5662
     866      18.1650        31.3777
     867      17.7811        31.6988
     868      17.8580        32.5937
     869      18.0002        31.6093
     870      17.8699        31.0399
     871      18.0198        31.9388
     872      17.8858        32.5370
     873      17.9695        31.4111
     874      18.2329        33.2608
     875      18.1503        31.3206
     876      18.2495        32.3686
     877      18.3343        32.0547
     878      18.2475        32.4770
     879      18.3229        33.3467
     880      18.3542        32.7298
     881      17.8682        32.4405
     882      18.0754        33.0511
     883      18.0021        31.0657
     884      17.9741        30.5779
     885      18.2779        32.3780
     886      18.4453        32.5163
     887      18.1931        32.4447
     888      18.2975        32.6149
     889      18.0802        30.8837
     890      17.8571        30.6981
     891      18.0981        32.2432
     892      18.1168        31.9173
     893      17.9223        33.2765
     894      18.0399        32.1380
     895      17.9617        31.2371
     896      17.8362        33.0764
     897      17.7770        30.6037
     898      18.1836        32.0474
     899      18.0176        32.7284
     900      17.6270        32.0078
     901      17.8235        31.1885
     902      18.1592        31.5230
     903      18.1415        31.9822
     904      18.0906        31.9918
     905      17.9219        32.5730
     906      18.5392        32.1543
     907      18.3644        32.1906
     908      18.6041        33.3375
     909      18.2068        31.8178
     910      18.1441        31.2483
     911      18.3862        33.4231
     912      18.0198        31.3061
     913      18.0300        31.3434
     914      18.1506        31.9275
     915      18.0375        33.0995
     916      18.2830        34.7597
     917      18.3950        33.7193
     918      18.5789        33.3887
     919      18.2374        32.3070
     920      18.2228        32.7529
     921      18.1853        31.4036
     922      18.3049        32.4510
     923      18.2323        32.6447
     924      17.9986        32.1352
     925      18.4310        32.3415
     926      18.3447        33.9075
     927      18.4029        32.6505
     928      18.3025        34.2686
     929      18.1942        31.2699
     930      18.3339        32.7731
     931      18.2493        30.8129
     932      18.3124        31.1512
     933      18.3346        33.4969
     934      18.4968        32.6279
     935      18.2149        32.2844
     936      17.9680        32.6777
     937      17.8597        32.5140
     938      17.7321        31.7402
     939      17.9107        30.7476
     940      17.8533        30.9754
     941      17.6769        30.3065
     942      17.6865        30.8555
     943      17.7721        33.3236
     944      17.8789        31.0977
     945      18.0140        31.2737
     946      17.8694        32.7175
     947      18.1155        32.5222
     948      17.8482        31.2101
     949      18.2613        33.5483
     950      17.9731        32.3393
     951      17.9205        33.0370
     952      17.8475        31.8219
     953      17.8955        31.3204
     954      17.9307        32.8458
     955      17.9116        31.2463
     956      17.8005        32.8349
     957      17.7951        32.2702
     958      17.8728        31.7831
     959      18.0374        32.9571
     960      18.0188        31.5578
     961      17.8580        32.7257
     962      18.0255        31.9624
     963      17.9622        32.6933
     964      18.0177        32.2968
     965      18.2431        33.3457
     966      18.0117        32.6159
     967      18.0385        31.7320
     968      18.2123        33.7436
     969      18.3347        33.0684
     970      18.0294        32.7739
     971      18.0420        32.3583
     972      18.0508        31.4171
     973      17.9192        32.1791
     974      17.6451        32.4184
     975      17.7040        31.4148
     976      17.7864        32.2226
     977      17.9812        31.6512
     978      17.6894        32.5127
     979      18.0370        31.1391
     980      18.0835        32.3814
     981      17.9689        31.5856
     982      17.6000        30.5507
     983      17.6001        32.3612
     984      17.6483        33.0657
     985      17.8760        33.3964
     986      18.0287        31.0289
     987      17.5490        32.2239
     988      17.4498        32.0881
     989      17.6797        31.1473
     990      17.6803        31.0739
     991      17.9405        30.7215
     992      17.8310        32.1824
     993      17.8165        32.2030
     994      17.7644        30.1241
     995      17.7443        31.9929
     996      17.5425        30.0329
     997      17.6205        30.1276
     998      18.1173        30.9895
     999      17.8860        30.0957
    1000      18.0099        31.3339
