#Frame        phi:121      psi:121
       1    -123.3736      -3.8755
       2    -120.7162     -20.7926
       3    -105.1768      -9.5159
       4    -112.8876      -5.6575
       5    -116.0025      -8.6459
       6    -113.3703       4.4359
       7    -103.8642     -16.9625
       8    -104.2878      -0.8624
       9    -110.4251      -0.3752
      10     -98.2565      -3.4148
      11     -96.2363     -10.4614
      12    -107.9692      -5.2413
      13     -94.1069     -15.9692
      14    -117.9933      -8.0169
      15    -101.9734      -1.5152
      16     -97.3286      -4.2572
      17     -87.5447      -6.6020
      18     -96.0334     -11.5569
      19    -100.8157      -0.9560
      20    -109.3926      -6.3903
      21     -86.5521      -8.7833
      22    -109.2510     -22.9080
      23     -82.5489      -3.0688
      24     -95.2074      -9.8459
      25    -121.4062      -5.6485
      26    -115.1804      -3.4493
      27    -109.2622      -6.7977
      28    -112.8540     -11.2241
      29    -113.9927      -5.1711
      30    -120.1185     -11.2481
      31    -109.6739     -24.1952
      32    -105.5188       3.4023
      33     -98.1608     -12.6479
      34     -76.6203     -16.1629
      35     -99.5253       7.1685
      36     -85.1644     -11.5405
      37     -69.2838     -18.7625
      38    -116.3512      -5.0152
      39    -105.6252      -4.3224
      40     -89.8736      -5.4224
      41     -91.8514     -16.5046
      42     -86.9260      -3.0798
      43     -71.8182     -13.9261
      44     -93.9298     -10.7642
      45    -122.3689      -3.4203
      46     -84.7132      -3.2839
      47     -95.2721       3.3302
      48    -100.4659      -7.7157
      49     -98.9883      -3.1256
      50     -89.1330     -25.3209
      51    -103.6582     -14.0956
      52    -112.0550     -13.2887
      53    -104.7596     -12.9807
      54    -105.8595      -4.6874
      55    -125.5581      -0.7297
      56     -73.1118     -17.5183
      57    -115.4470     -13.0867
      58    -112.1736       1.8813
      59    -127.2850     -13.8159
      60    -120.4600      -4.2378
      61    -131.5566     -13.5178
      62    -124.3627       1.1395
      63    -130.1400      -7.3966
      64    -114.0501     -23.5708
      65    -117.4064      -7.2500
      66    -121.5166       3.4457
      67    -140.0342       0.9730
      68    -113.7102      -9.9576
      69    -141.7459      13.4957
      70    -130.8670     -14.4654
      71    -136.2855       3.6049
      72    -113.5413      -2.6351
      73    -112.3359      -8.7716
      74    -126.2309     -12.8036
      75    -124.6504      -9.6800
      76    -131.4399       3.0134
      77    -123.2770     -18.9674
      78    -105.2490     -15.3759
      79    -102.1429       4.7759
      80    -115.8629     -14.9515
      81    -109.1218       5.9160
      82    -125.3390      -7.7529
      83    -116.3034      -6.1571
      84    -135.4223      -4.4951
      85    -112.1914      -2.8358
      86    -131.8343      -8.2824
      87    -121.6917     -11.0086
      88    -132.2095      -4.9772
      89    -122.0774      -9.1276
      90    -141.8548      -3.6023
      91    -130.8950      -5.6322
      92    -125.4967      -3.4047
      93    -126.2619      -4.6480
      94    -122.3845     -13.8320
      95    -116.3268      -9.0958
      96    -110.3229     -12.7996
      97    -125.0068       9.9456
      98    -117.9729      -6.9586
      99    -131.7541     -13.7729
     100    -133.5075      -9.3152
     101    -123.4436      -1.2232
     102    -135.5349      -5.2697
     103    -120.9096       1.7260
     104    -121.6674       6.3473
     105    -128.5106      -1.9697
     106    -125.2458      -8.3920
     107    -123.7747     -25.5847
     108    -138.5273      -2.1149
     109    -130.3007      -2.0142
     110    -123.4032      -3.1350
     111    -131.4907      12.2488
     112    -132.9165      -2.5896
     113    -135.9146       2.1081
     114    -104.6932     -22.7569
     115    -121.4360     -25.0995
     116    -141.7793      -2.6007
     117     -89.0806      -3.7347
     118    -113.8850     -24.7333
     119    -119.6365      -2.4619
     120    -125.7893     -11.4321
     121    -126.7484      -0.9487
     122    -124.9816     -24.5074
     123    -113.2484      -6.0239
     124    -124.6206      -5.2191
     125    -126.1883       2.6846
     126    -119.0870      -1.6974
     127    -126.4391      -0.4965
     128    -136.0904       7.6386
     129    -119.1291      -7.2800
     130    -116.1364     -14.3753
     131    -127.9832      10.1701
     132    -129.0594      -0.6224
     133    -122.2076     -10.1072
     134    -101.8494      -9.7860
     135    -126.8163      -6.8042
     136    -119.1327     -34.5520
     137    -107.3988     -21.2608
     138    -130.3395      -2.9562
     139    -133.9466      -7.1373
     140    -108.6345      -3.8012
     141    -111.1103       6.5748
     142    -119.4986     -20.9758
     143    -115.0645     -20.7726
     144    -119.0163       1.9492
     145    -134.0179      -7.5473
     146    -123.6791       0.6606
     147    -103.8343      -9.1082
     148    -109.4364       2.5667
     149    -112.6399     -12.1970
     150    -129.7283       9.9156
     151    -131.6351      -0.3882
     152    -125.3967     -10.3334
     153    -136.6712     -25.8605
     154    -118.7382     -16.2267
     155    -113.6306      -7.3550
     156    -136.3874      15.7700
     157    -127.2430      -8.3522
     158    -136.7728      -1.9394
     159    -127.0154      -1.8248
     160    -106.3512     -16.3657
     161    -115.6499      -9.0375
     162    -120.7209     -10.2496
     163    -128.7348      -7.0071
     164    -144.9399     -11.3536
     165    -130.0055     -18.0995
     166    -136.7009     -12.1885
     167    -119.7001     -20.1176
     168    -134.4667      -5.8974
     169    -124.9956     -10.9162
     170    -119.7115      -5.6292
     171    -130.9660      -2.4602
     172    -130.3376      -5.9073
     173    -112.0167      -5.2330
     174    -137.7994       9.3903
     175    -135.7831     -27.2489
     176    -143.7310      -2.4786
     177    -124.2563      -8.8179
     178    -135.3704      -6.7947
     179    -123.5638      -0.5127
     180    -131.3261       4.2342
     181    -130.8464      -3.4433
     182    -122.8990     -11.5010
     183    -106.1348     -14.8116
     184    -119.2222     -13.2182
     185    -128.9256     -16.2002
     186    -119.8588     -32.4558
     187    -122.4447     -19.1584
     188    -130.6021     -14.6927
     189    -109.1093     -21.2734
     190    -129.6959      -5.9657
     191    -103.4733      -6.1913
     192    -117.8099     -12.7259
     193    -138.2183       0.6203
     194    -127.0394      -5.4764
     195    -100.9824     -21.3803
     196    -110.0514     -11.8365
     197    -139.6885     -17.4434
     198    -142.1783     -12.5183
     199    -136.9865      -5.7485
     200    -109.1699     -12.0869
     201    -141.2205      -8.0187
     202    -111.3571      -4.1753
     203    -113.5216       4.4110
     204    -121.7097      -8.9302
     205    -128.2665      -4.2982
     206    -120.2154      -3.2961
     207    -125.4066     -14.6790
     208    -130.4272      -9.0508
     209    -114.9980       1.5637
     210     -96.9407      -6.2968
     211    -132.9919     -11.6521
     212    -131.6874     -13.2701
     213    -119.3658     -12.2982
     214    -128.5214     -10.7499
     215    -109.8289      -7.4672
     216    -131.5569      -3.6528
     217    -127.2022      -3.8965
     218    -108.2378     -19.2277
     219    -117.5253      -5.0172
     220    -147.6745      16.7822
     221    -132.1917      -2.4907
     222    -119.3520      -6.0411
     223    -138.1453      -1.5026
     224    -128.9570      -1.7099
     225    -111.1988     -10.9145
     226    -107.7762       4.3063
     227    -108.4459      -4.8442
     228    -120.9083     -12.2093
     229    -123.1594      -5.2046
     230    -116.0917     -12.1123
     231    -129.7231      -4.5815
     232    -125.0330     -21.9450
     233    -125.1117       5.2320
     234    -112.8210     -13.1975
     235    -118.5015     -19.0860
     236    -116.6534     -15.2689
     237    -129.8721      -8.0828
     238    -126.6426     -14.2062
     239    -122.0708      -3.9604
     240    -137.2248     -16.0154
     241    -115.4378      -5.0956
     242    -120.3610     -13.0203
     243    -129.1993       3.4331
     244    -112.4171      -9.4006
     245    -129.1418       0.6775
     246     -94.1026     -13.3341
     247    -105.4111     -10.2226
     248    -128.2591      -1.4338
     249    -113.4341     -22.8071
     250    -120.3583      -1.0686
     251    -117.8727     -17.4025
     252    -121.8424      -9.3748
     253    -133.9573      -7.3925
     254    -119.7561     -10.3272
     255    -114.5866     -14.6110
     256    -120.9006       5.3963
     257    -106.0292     -16.9372
     258    -121.6887     -11.2695
     259    -121.3504      -8.1063
     260    -127.6087      -7.7976
     261    -117.3287      -8.8160
     262    -118.7870      -7.3543
     263    -127.7196      -8.0233
     264    -118.3662      -0.1310
     265    -125.2436     -16.0804
     266    -114.8608     -11.2557
     267    -116.1958      -6.5863
     268    -108.1476     -15.2447
     269    -124.2008      -1.4206
     270    -121.1312     -18.5315
     271    -111.7274     -12.4287
     272    -106.4776     -20.7764
     273    -111.3004       1.5300
     274    -124.9682      -7.4563
     275    -109.0755     -13.7221
     276    -117.0154     -14.8203
     277    -124.6783     -13.7435
     278    -148.3421      -9.2393
     279    -126.0148      11.5367
     280    -116.3084     -24.8263
     281    -130.0950       3.1821
     282    -132.5130      -5.9964
     283    -125.6533      -3.4069
     284    -113.7591     -16.7008
     285    -130.6721       4.4620
     286    -136.0241      -4.1272
     287    -117.1523      -7.5699
     288    -112.1283     -16.5480
     289    -107.1911     -15.1915
     290    -128.8207       0.2458
     291    -114.3960      -6.2896
     292    -115.0790     -18.6183
     293    -106.5265       0.4396
     294    -131.6460     -19.8277
     295    -110.0838     -16.2956
     296    -106.1288     -13.0951
     297    -112.2579      -6.1123
     298    -122.1001     -10.5001
     299    -135.9276       7.7632
     300    -136.8487      -5.0995
     301    -128.9175      -3.1256
     302    -128.6886       1.9717
     303    -122.1774      -3.6655
     304    -133.8702     -10.3004
     305    -128.5059       1.9514
     306    -124.2257      -0.1666
     307    -120.3953      -4.0351
     308    -131.9794      -8.2232
     309    -113.5182      -6.1300
     310    -127.0198      -9.3906
     311    -117.6498      -8.1810
     312    -104.3223     -13.8920
     313    -128.1304      -2.0337
     314    -117.5594      -7.3093
     315    -133.1998     -16.4969
     316    -124.9376      -8.1155
     317    -141.2693     -12.2692
     318    -115.6310       4.2748
     319    -125.5946      -5.5052
     320    -127.8797     -10.5826
     321    -116.3382     -20.8135
     322    -120.7163      -2.7178
     323    -129.7399     -16.3740
     324    -136.4395     -17.2138
     325    -123.0804      -8.7750
     326    -119.0575      -6.1965
     327    -136.1480      10.8126
     328    -127.2353       5.7554
     329    -124.0455     -10.8213
     330    -143.4366     -13.3067
     331    -119.1929      -7.4392
     332     -97.2898     -13.5204
     333    -130.7387       3.1435
     334    -114.2278       3.3606
     335    -141.4084      -1.3771
     336    -103.6636     -24.6123
     337    -115.8863     -16.0692
     338    -116.4290     -10.8468
     339    -102.9359     -11.6808
     340    -124.0601     -13.6508
     341    -128.1273      -1.3135
     342    -106.2887      -8.9294
     343    -110.9465     -12.6112
     344    -116.5275      -7.2369
     345    -106.0843       2.8197
     346    -107.3150      -4.6968
     347    -112.2755     -11.8809
     348    -117.1256      -6.1921
     349    -118.2881      -0.6165
     350    -131.5273      11.3349
     351    -116.6899     -15.9354
     352    -113.5228      -4.4075
     353    -118.6388     -24.3063
     354    -132.5366     -13.3912
     355    -124.2405       0.9192
     356    -132.7546      -7.9606
     357    -136.6067      13.5866
     358    -121.1963      -8.6708
     359    -132.2372      -3.1777
     360    -123.2684      -6.1004
     361    -116.0586       0.1525
     362    -110.1104      -7.6742
     363    -105.5529      -4.7554
     364    -120.3519      -7.8057
     365    -111.7164      -9.2802
     366    -124.0496      -1.2842
     367     -97.8512      -4.2771
     368    -114.8194     -13.8690
     369    -115.8342      -9.9248
     370    -112.6395       4.0977
     371    -123.1774     -12.9475
     372    -114.1416     -13.2498
     373    -123.2499     -14.7116
     374    -114.5624     -18.0472
     375    -127.9711     -16.6877
     376    -137.7785     -12.1412
     377    -100.2825     -22.8930
     378    -109.4494     -17.4793
     379    -115.9286      -2.9416
     380    -117.2480     -14.2960
     381    -126.2863      -1.9938
     382    -122.7055      -3.8110
     383    -123.8291     -14.1064
     384    -119.7447     -11.6351
     385    -126.6198       0.7598
     386    -117.5562      -6.2119
     387    -139.2436      -2.0716
     388    -126.0282      -8.2148
     389    -134.1261      -7.7780
     390    -106.6054     -14.0014
     391    -136.8491      -5.1271
     392    -108.0599     -14.4145
     393    -138.0895     -19.5248
     394    -127.6124       5.3787
     395    -137.2853     -11.0319
     396    -116.5352       8.5538
     397    -125.6904     -19.7572
     398    -112.6231     -15.3937
     399    -123.1177     -10.9672
     400    -130.6441      -6.1461
     401    -120.6844       4.3937
     402    -122.6522      -4.9236
     403    -147.7840      -1.8608
     404    -150.2505     -11.6210
     405    -109.4901     -16.5029
     406    -133.3029       0.8004
     407    -109.3853     -12.4696
     408    -129.0353     -14.7352
     409    -105.4609     -22.8273
     410    -121.1662     -11.1359
     411    -117.2638      -6.1786
     412    -116.7073     -11.6740
     413    -119.1224     -10.3771
     414    -123.6806      -6.1851
     415    -119.0286      -7.2642
     416    -131.1116      -1.0383
     417    -123.4957     -11.5724
     418    -127.0792      -1.3423
     419    -117.2927      -8.5892
     420    -124.0125      -3.4385
     421    -128.7643      -1.6642
     422    -130.6924     -12.2996
     423    -126.5931      -6.1903
     424    -133.8097      -2.4191
     425    -111.4865      -2.7578
     426    -119.7390      -2.6223
     427    -138.5040      -4.0294
     428    -132.2547     -12.7479
     429    -124.9713     -12.7472
     430    -117.7468     -17.3641
     431    -131.8383       9.3141
     432    -125.7167      -0.8690
     433    -118.0014      -8.3398
     434    -114.0587     -11.5551
     435    -110.6826       3.8214
     436    -126.8079      -7.0594
     437    -130.8473     -10.7508
     438    -129.9707      -1.2889
     439    -113.6019     -18.5468
     440    -128.2776      -3.4114
     441    -129.3278       8.9530
     442    -120.2859     -12.4984
     443    -116.8298      -2.0169
     444    -122.9352      -4.8385
     445    -126.5846      -0.7979
     446    -113.1701      -9.7127
     447    -130.8135      -4.2917
     448    -119.1330      -4.1895
     449    -112.7271     -15.9764
     450    -126.2509      -0.5753
     451    -136.3001     -27.3818
     452    -126.8615      -3.0651
     453     -85.4573      -4.2125
     454    -113.9172     -19.8502
     455    -130.8512      -4.8886
     456    -107.0003      -8.2086
     457    -106.3167     -10.2035
     458    -110.3224     -15.5771
     459    -115.4312      -0.1353
     460    -124.5111      -2.8950
     461    -130.3850       3.1170
     462     -94.3986      -7.7667
     463    -127.9236     -17.9690
     464    -133.7052      -3.7062
     465    -113.1054       1.4899
     466    -128.5886      -4.3774
     467    -105.7541     -10.6021
     468    -118.7797     -17.9940
     469    -113.2251      -6.5804
     470    -120.9612     -16.1604
     471    -139.2232       6.0899
     472    -124.8706       5.2207
     473    -110.2339     -16.2602
     474    -117.9600     -15.6263
     475    -133.5527      -5.7361
     476    -110.6961      -3.0076
     477    -112.3475      -8.6257
     478    -124.8036     -13.0817
     479    -122.8181       4.4238
     480    -124.4200     -13.3803
     481    -128.3465     -15.3274
     482    -110.3429      -3.3930
     483    -117.0771     -18.0772
     484    -104.7824     -10.4049
     485    -117.1334      -4.9108
     486    -124.1712      -4.8539
     487    -118.4751     -16.5311
     488    -107.2089     -14.0923
     489    -116.8027      -2.9120
     490    -133.1428      -9.1417
     491    -113.5339      -5.9070
     492    -115.5442     -13.2691
     493    -131.7441     -15.0695
     494    -107.2640      -3.5911
     495    -117.4608      -5.3023
     496    -129.8632       1.6356
     497    -106.2867     -15.3288
     498    -114.0762      -7.3458
     499    -132.8317      -3.4905
     500    -135.3682      -8.1081
     501    -119.7491      -8.9487
     502    -125.8604      -3.2799
     503    -128.9528     -14.1541
     504    -114.1862      -0.4764
     505    -113.1905     -10.4202
     506    -133.2718       1.1174
     507    -125.0069     -13.8662
     508    -124.3270     -13.6134
     509    -136.4169      -4.0752
     510    -141.0051     -13.4561
     511    -144.3289      -3.8427
     512    -106.0840      -0.8247
     513    -133.3357      -8.4111
     514    -131.9186     -14.4367
     515    -125.2711       0.2526
     516    -137.7267      -8.2700
     517    -133.3720      -3.8608
     518    -126.7432      -1.0617
     519    -135.5049     -10.2878
     520    -107.6809     -12.0702
     521    -128.7977      -3.4502
     522    -124.4184      -9.3804
     523    -124.0529     -17.3545
     524    -121.1030     -14.5062
     525    -145.6788      -0.3825
     526    -144.6112     -12.0314
     527    -115.6143      -4.3817
     528    -116.8573     -11.6467
     529    -107.1776     -12.1697
     530    -126.2882     -19.9755
     531    -136.1946       6.1651
     532    -118.5427      -8.0062
     533    -115.6362     -20.0033
     534    -108.5024     -17.5179
     535    -108.9775      -6.1947
     536    -134.3778       5.0980
     537    -131.8431       1.5892
     538    -126.1895     -11.9501
     539    -111.6448      -2.7712
     540    -111.8464      -0.2646
     541    -115.6987     -10.4671
     542    -113.4247       6.0688
     543    -115.1654      -7.6908
     544    -138.2570      -3.9126
     545    -127.8622      -5.8676
     546    -109.7082     -12.7315
     547    -136.0239       0.8542
     548    -129.0572      -8.9787
     549    -128.7223      -1.7457
     550    -131.0951      -2.3405
     551    -128.8454     -15.3629
     552    -118.7499     -19.3086
     553    -115.8381       5.6536
     554    -121.3495      -3.3229
     555    -127.5433      -3.1183
     556    -108.4144       6.7061
     557    -113.8636     -12.9518
     558    -136.9810       6.2424
     559    -101.5830     -12.8718
     560    -118.4054      -2.2037
     561    -126.4948       0.0352
     562    -120.4609     -12.1891
     563    -105.4164      -7.5724
     564    -119.0285     -10.7522
     565     -99.5074      -2.4712
     566    -143.7692      -1.2069
     567    -138.1757     -12.9133
     568    -129.3761      -7.9402
     569    -127.8789      -2.2718
     570    -105.9331      -0.0150
     571    -122.8423     -12.6076
     572    -111.6524      -4.8358
     573    -112.6029      -6.4678
     574    -117.5798      -2.4110
     575    -130.0265      -0.7307
     576    -139.2353     -10.8454
     577    -136.1519      -9.8472
     578    -106.3682       1.8713
     579    -128.6768      -2.7003
     580    -122.6341     -11.8950
     581    -113.9685     -11.8027
     582    -127.4112      -3.8068
     583    -119.7035      -5.3040
     584    -133.1005     -17.9462
     585    -107.8446      -0.3934
     586    -124.4418       9.3995
     587    -114.9698       5.1493
     588    -133.5238      10.1260
     589    -129.9005      -6.0040
     590    -123.7758      -4.2049
     591    -133.6908      12.4322
     592    -114.0789      -4.3455
     593    -126.5469      -7.4626
     594    -117.0169      -4.1895
     595    -120.9613     -10.3433
     596    -131.7696      -1.0774
     597    -140.4785      -5.3412
     598    -135.3028     -13.8410
     599    -116.6638      -2.1596
     600    -123.2818     -11.6478
     601    -119.4707     -10.5255
     602    -143.3782     -11.1089
     603    -120.8307     -29.4177
     604    -123.9922     -10.0845
     605    -124.5551      10.8380
     606    -130.6008       3.4685
     607    -132.1806      -5.5377
     608    -115.5411      -4.9376
     609    -129.5314     -11.7641
     610    -132.3442      -6.0570
     611    -120.9869      -9.4822
     612    -132.1767      -9.4819
     613    -135.2423     -24.9941
     614    -130.2962      -1.4182
     615    -109.1902      -4.0425
     616    -110.6617     -10.4941
     617    -118.6106      -1.7135
     618    -123.7202      -5.6826
     619    -135.9228     -17.3186
     620    -122.6699      -5.3819
     621    -125.5619     -15.2862
     622    -130.7941      -5.1203
     623    -127.5109      -4.0694
     624    -116.2969      -4.6235
     625    -137.8154     -14.8010
     626    -122.2371      -6.3435
     627    -128.9694      -2.1483
     628    -138.3604      -1.4891
     629    -110.2386     -12.4197
     630    -132.6874      10.1496
     631    -132.1842     -11.1363
     632    -126.5516      -6.0493
     633    -128.2397      -6.7812
     634    -116.9481     -15.4445
     635    -118.6460      -8.5053
     636    -132.7037     -18.4839
     637    -124.4352      -8.4232
     638    -127.4602      -0.9327
     639    -127.9554     -18.0691
     640    -135.7603     -14.2374
     641    -119.9892     -16.2002
     642    -119.0196     -15.9852
     643    -137.6099      -6.9448
     644    -104.0500     -17.4017
     645    -131.5985     -18.2816
     646    -104.5004       4.9289
     647    -141.0296       0.5295
     648    -118.2152      -7.0423
     649    -134.4560      -1.5629
     650    -137.0401     -20.0401
     651     -83.2729     -13.2420
     652    -129.8253     -16.3934
     653    -116.1999       0.9409
     654    -151.2246      -6.9097
     655    -132.9856     -11.2504
     656    -128.4640      -9.2753
     657    -121.3379      -7.8391
     658    -110.8515      -9.2503
     659     -99.1222       7.0144
     660    -113.9841      -8.7487
     661    -123.7363       0.3428
     662    -128.1584      -1.7892
     663    -142.5294      12.1304
     664    -120.4926      -5.4173
     665    -113.5098     -20.8021
     666    -108.3753     -11.9796
     667    -121.0892     -10.1676
     668    -100.4189       0.5639
     669     -89.8847       0.9477
     670     -97.1956      -0.4626
     671    -103.7254       5.3500
     672     -94.1279     -15.5722
     673    -100.1283      -6.8261
     674     -97.0256     -16.2238
     675     -81.3039      -5.3569
     676    -126.5778      -6.1462
     677    -108.4653       1.8412
     678     -90.0930      -3.1785
     679    -107.7968     -10.6276
     680    -102.6401      -1.3644
     681     -77.9916      -6.5000
     682     -89.4504     -17.3411
     683     -97.5164       5.3736
     684     -86.9662      -6.7077
     685     -93.8939       2.4763
     686    -120.3326     -18.0972
     687     -90.6322     -13.8936
     688     -82.6530     -25.2646
     689    -116.8470      -4.0037
     690    -107.4939       3.9819
     691     -71.7302     -42.4293
     692    -112.9763     -17.8467
     693     -78.6801     -18.1026
     694     -93.0218      -4.8892
     695    -108.9446      -0.1132
     696     -87.5534     -17.1537
     697     -71.2226     -15.5771
     698     -85.2495       3.7151
     699     -87.7856     -11.2323
     700     -93.4732      -9.7022
     701     -95.2879      -6.8734
     702     -85.7985       9.7689
     703     -93.1377      -8.7605
     704     -88.0164      -4.7208
     705     -95.8026       2.6087
     706     -86.5451     -24.6864
     707     -86.1099     -16.0597
     708     -85.4550       2.3969
     709    -102.2130      -4.9164
     710     -87.4521      -7.4490
     711    -102.4636       1.3104
     712     -79.9908      -2.5979
     713    -110.5035      -0.9730
     714    -112.7027     -23.6197
     715     -81.5040      -9.5478
     716    -108.0154      -6.0780
     717     -80.7924     -12.7245
     718    -103.8692      -9.2955
     719     -94.2496     -21.2626
     720    -114.0565     -13.6588
     721     -98.0622      -7.6094
     722     -93.3231      -8.6202
     723    -115.6713      -4.6727
     724     -85.1883      -9.7694
     725     -74.2136      -8.5406
     726     -95.1812      -7.1037
     727    -143.3391       0.2246
     728    -119.4973      -9.3669
     729    -118.5461      -9.1633
     730    -129.4369     -20.7201
     731    -125.1425     -13.5313
     732    -107.2492     -11.7250
     733    -124.6524     -10.9666
     734    -123.7837      -2.8186
     735    -124.3749      -1.4528
     736    -112.6522      -6.6843
     737    -122.8172     -18.5804
     738    -123.6085      11.5236
     739    -110.3250       8.0436
     740    -129.6353      -0.9301
     741    -116.0021     -12.4993
     742    -121.8921      -6.9299
     743    -125.3825      11.8045
     744    -130.1705     -11.5167
     745    -130.1943      -0.9494
     746    -129.5542     -21.2808
     747    -114.0899      -5.7429
     748    -121.3672     -11.9281
     749    -120.7188     -13.3434
     750    -125.8940     -21.5158
     751    -111.7091      -5.3993
     752    -125.4225     -15.4534
     753    -135.5408      -7.1522
     754     -95.8854      -4.3246
     755    -148.1930       1.5410
     756    -129.2495      -8.0369
     757    -113.7165      -7.7116
     758    -115.8124     -10.8105
     759    -125.0388     -15.9385
     760    -120.2732     -29.1502
     761    -109.5890      -9.2205
     762    -113.5207      -4.2769
     763    -110.8491     -30.1629
     764    -121.4146     -10.5631
     765    -124.4186     -18.2844
     766    -116.3465      -7.9732
     767    -124.2851      11.4389
     768    -135.8184      -6.9003
     769    -122.9975      -9.9923
     770    -125.7629      -0.5831
     771    -135.3879     -14.7709
     772    -120.6956      -6.6802
     773    -122.1738      -5.3212
     774    -128.7361      -3.5915
     775    -122.1265      -9.3534
     776    -122.2421      -0.8959
     777    -101.8012     -13.3537
     778    -103.4510     -15.4135
     779    -139.5209     -12.8415
     780    -132.7666     -10.6275
     781    -123.4125      -2.0576
     782    -133.0761     -11.0352
     783    -112.5914      -6.7949
     784    -132.4670       2.2310
     785    -104.3996     -10.5846
     786    -128.0229      -1.9028
     787    -116.0927       3.8633
     788    -132.2024      -4.8408
     789    -118.6872      -6.2796
     790    -116.8117     -15.2704
     791    -120.6817       6.5783
     792    -138.7388     -11.6966
     793    -127.4549      -5.8678
     794    -148.2909     -12.6980
     795    -125.5808      -0.6798
     796    -112.7279     -18.6418
     797    -131.2736     -15.9893
     798    -110.0409       7.0535
     799    -114.0967     -26.2106
     800    -121.5461      -1.1075
     801    -118.7373     -26.7965
     802    -119.6803       5.9352
     803    -130.1117      15.4423
     804    -100.1544     -12.5212
     805    -148.4023       4.3451
     806    -108.6192      -7.8458
     807    -121.1785      -8.7506
     808    -113.0738       7.0103
     809    -124.6669       8.0981
     810    -139.4750       6.6264
     811    -115.7156      -3.1003
     812    -133.9598      -6.0576
     813    -118.3610       8.3336
     814    -125.2581     -20.3412
     815    -134.5968       6.6870
     816    -125.9422       4.0964
     817    -125.7443       7.9802
     818    -114.0541      -5.7470
     819    -119.1728      -3.0168
     820    -110.0013       7.5031
     821    -103.5598       3.6753
     822    -110.2845      -1.2584
     823    -109.5431      -5.0219
     824    -118.5366     -11.8398
     825    -108.6704     -35.1363
     826    -123.8336       5.5255
     827    -124.0347      -2.3914
     828    -118.2503      -9.9578
     829    -106.0686     -13.5533
     830    -117.0249     -17.4347
     831    -111.2731     -15.5397
     832    -122.5029       9.7588
     833    -119.4086     -19.1501
     834    -125.6688      -8.5644
     835    -111.3852      -8.8127
     836    -110.7984      -8.3975
     837    -103.5396      -7.6517
     838    -114.8384      -3.1209
     839    -126.3808      -1.6303
     840    -124.6856     -20.4570
     841    -122.6203      -1.3049
     842    -114.0416     -12.2105
     843    -117.9943     -28.3286
     844    -119.6040      -6.3527
     845    -114.6166      -5.0914
     846    -121.8390      -1.7576
     847    -136.3806      -6.7142
     848    -132.0963      -1.5399
     849    -113.9028     -15.9401
     850    -130.5310      -5.5584
     851    -122.1629      -9.1044
     852    -118.5605     -13.3450
     853    -127.9608     -11.4979
     854    -117.7398      -6.3876
     855    -122.2130     -11.8834
     856    -118.1210     -20.6911
     857    -107.9159      -8.5898
     858    -108.3355       3.3871
     859    -118.6694       2.1575
     860    -130.7899     -23.6164
     861    -142.3657      -9.3792
     862    -114.6199      -0.3651
     863    -114.0486      -7.5489
     864    -123.0585      -9.2984
     865    -123.6640     -21.3532
     866    -116.1565     -13.2474
     867    -120.9196      -6.2601
     868    -130.8046       0.3010
     869    -113.2170      -8.8759
     870    -128.2764      -1.5732
     871     -96.3311     -25.3823
     872    -123.8833      -5.4299
     873    -124.2625      -6.2105
     874    -115.4423     -17.4886
     875    -115.1986     -10.7554
     876     -73.5181     -10.8170
     877    -101.0447     -11.5929
     878    -124.9046     -11.4913
     879    -111.1069     -13.1714
     880    -120.0233      -2.9545
     881     -92.5429      -2.0083
     882    -102.3333     -15.8109
     883    -105.0106      -7.9283
     884    -109.0837      -4.1812
     885     -95.2096     -15.6306
     886    -102.1154     -11.0869
     887     -96.8727      -5.4571
     888     -89.1575      -1.7168
     889    -111.5729     -15.7573
     890    -113.2084      -0.9196
     891    -128.5005       5.4177
     892    -114.4312      -7.5504
     893    -100.8278     -28.9948
     894    -119.0740      -9.7418
     895     -93.9492     -15.7901
     896    -107.1167     -17.1448
     897    -121.3731     -16.9949
     898    -127.5301      -1.4429
     899    -104.2994      -5.8843
     900     -84.3452     -15.0785
     901     -85.7883     -22.4609
     902     -76.1610     -23.0986
     903    -108.3938     -15.5515
     904    -105.6536      11.0545
     905    -115.7580      -3.2572
     906    -120.9238      -9.2538
     907    -117.2261     -10.7623
     908    -137.6115      -7.0117
     909    -118.8352       4.2056
     910    -133.7237     -16.9479
     911    -126.3809     -12.6990
     912    -119.4019      -5.5553
     913    -111.5785      -5.4332
     914     -91.5934     -21.9404
     915    -108.9743     -14.3643
     916    -106.0553     -29.2498
     917    -113.3895      -6.4585
     918    -136.3772     -11.1191
     919    -123.5447      -3.0791
     920    -118.3082      -0.1502
     921    -121.0628       0.5940
     922    -140.5990       2.4268
     923    -127.1296       2.5255
     924    -104.6812      -9.7527
     925    -128.1417      -5.2975
     926    -101.4914       7.2364
     927    -123.7747     -13.6483
     928    -145.2294       2.2745
     929    -126.5462      -0.5304
     930    -131.7713      -1.3838
     931    -121.8884      -9.5332
     932    -125.1733      -7.2848
     933    -132.7795     -13.0128
     934    -118.3943       8.5035
     935    -111.5943       5.7277
     936     -99.3357      -7.5222
     937    -124.2295       6.0266
     938    -124.4845       3.9378
     939    -120.3763       8.1230
     940    -127.9108      -3.2467
     941    -142.4569      -5.1869
     942    -111.0610       1.2532
     943    -137.6631       6.8217
     944    -110.6407      -1.0981
     945    -121.6455       0.9481
     946    -115.5829       4.3171
     947     -97.6486       6.3206
     948    -141.5900      11.8595
     949    -124.2108       0.8925
     950    -116.9841      -8.1224
     951    -111.9784       4.4811
     952    -117.7798     -11.6089
     953    -122.9800       1.2394
     954    -121.5974     -22.6857
     955    -129.7928      -6.5469
     956    -137.2282      -6.2538
     957    -132.5421     -10.5995
     958    -119.9314      -2.5646
     959    -123.2693       6.8583
     960    -145.4401      14.1761
     961    -133.8492      -3.0531
     962    -121.0781      -6.5979
     963    -123.7323       9.2700
     964    -116.0922     -19.0652
     965    -133.6728      -5.4011
     966    -123.8904      -0.5133
     967    -131.7510      -3.9259
     968    -136.0087       7.7810
     969    -121.6164      16.0464
     970    -119.0844      -2.5897
     971    -115.8851     -13.1489
     972     -93.4195     -18.9051
     973    -146.2317     -14.4833
     974    -127.5982     -15.3167
     975     -82.9363     -15.6296
     976     -94.4466     -22.5718
     977    -110.5382     -17.3808
     978    -146.4704       3.7747
     979    -141.2671      -8.2509
     980    -130.6619      -4.2559
     981    -113.3947     -21.0235
     982    -114.3025     -13.1107
     983    -138.6395      -1.8333
     984    -106.8361     -20.4299
     985    -136.2952     -26.3137
     986    -127.0936      -5.2851
     987    -128.2612      -3.3981
     988    -135.2663       1.9464
     989    -114.3327     -11.9982
     990    -132.6115       1.2236
     991    -140.1924       3.3190
     992    -121.7871       3.0783
     993    -102.8863      -8.1752
     994     -88.6087       0.7080
     995    -122.7733     -11.8664
     996    -143.1133      -0.2448
     997    -153.9840      -5.1963
     998    -118.0461      -9.2930
     999    -120.6025      -8.7238
    1000    -137.6170      -0.7439
