#Frame        phi:121      psi:121
       1     -91.5694      -9.4253
       2    -111.8907     -15.3145
       3    -136.4711     -30.6744
       4    -125.3435      -2.8549
       5    -119.8164      -5.9458
       6    -113.2176     -24.3490
       7    -126.1283     -16.2939
       8    -122.7314       4.6578
       9    -127.7168     -13.1799
      10    -126.8582      -8.8458
      11    -114.5101      -6.5897
      12    -116.8296       2.9414
      13    -118.8106      -0.4136
      14    -118.6962       3.3998
      15    -107.8254       3.0256
      16    -123.8329      19.5703
      17     -99.6482     -18.9059
      18    -113.7825      -4.8097
      19    -119.7142     -11.5118
      20    -114.8749      -4.7843
      21    -106.8936      -7.8553
      22     -97.5368     -23.3483
      23    -117.0375      -4.9152
      24    -123.3552       1.0143
      25    -121.3041     -20.2584
      26    -113.5101     -38.9218
      27    -116.0690      -3.9550
      28    -129.2059     -24.6001
      29    -110.6207       0.1237
      30    -103.9538     -11.3341
      31    -112.3235     -25.2321
      32    -121.7639      -6.4599
      33    -128.2511     -17.8539
      34    -123.5466      -5.1542
      35    -107.3958      -7.9671
      36     -97.8140     -24.7303
      37    -114.3771      -6.9960
      38    -108.4987     -17.8904
      39    -119.9719     -13.5476
      40    -103.4653     -13.9985
      41    -135.8830      -4.5267
      42    -104.4246     -15.5140
      43     -88.4282     -22.4779
      44    -131.1228     -10.7120
      45    -121.3593     -12.6609
      46    -109.4822     -19.4185
      47    -118.1386     -15.8844
      48    -114.4044     -18.8747
      49    -118.4761      -8.9346
      50     -89.7304       2.0573
      51    -117.7550      -7.2669
      52    -105.4380      -1.7631
      53    -113.7433      -6.2960
      54    -116.8834     -23.9739
      55    -112.6153      -8.1775
      56    -107.5416     -36.3276
      57     -74.7360     -26.8239
      58    -125.3286     -20.9200
      59     -99.0199     -30.1653
      60    -129.0736     -13.9637
      61    -112.3269      -9.8680
      62    -116.9099     -19.0838
      63     -95.6456      -6.7717
      64    -107.4750     -34.1431
      65    -116.4035     -18.6363
      66     -94.9688     -18.5669
      67    -109.7604     -18.1435
      68    -100.8189      -1.6314
      69     -95.7669      -5.3150
      70     -91.5942     -15.3253
      71    -113.8371     -16.8466
      72    -102.5014     -15.4700
      73    -106.4148      -8.4900
      74    -111.1775      -9.9120
      75    -107.5252      -9.9185
      76    -107.9770     -10.8163
      77    -119.8373      16.3219
      78     -87.3218     -19.4756
      79    -100.1315     -12.1411
      80    -106.9929      -5.6144
      81    -127.1351     -10.0772
      82    -112.6024     -16.3585
      83     -93.5455     -25.0233
      84    -115.2598      -3.6901
      85     -94.4303      -9.6669
      86    -115.6742     -18.1506
      87     -89.9643       0.3357
      88    -104.8097     -13.0321
      89    -108.8819     -17.8232
      90    -115.7134       0.7369
      91    -117.7408       9.7528
      92    -112.6640     -33.8171
      93     -86.9726     -18.5328
      94     -79.4302     -17.2384
      95    -101.2504      -1.8764
      96    -107.6489     -10.4708
      97    -105.9213      -5.5732
      98    -106.4078     -33.6739
      99    -114.4699     -24.1888
     100    -131.0536      13.6463
     101    -104.3532      -6.5031
     102     -85.7179      -4.4072
     103    -111.8660     -17.5410
     104     -93.4441     -10.0895
     105    -115.3706     -14.8787
     106     -99.0241     -30.6935
     107    -113.2814     -10.3692
     108    -122.2000      -4.2920
     109    -111.9459     -10.7073
     110    -120.6878     -21.8543
     111    -129.4641      -1.5188
     112    -117.5738      -9.0548
     113     -93.4724       0.7621
     114    -107.0277      -1.8408
     115    -119.2738       2.4530
     116     -97.7291     -10.5389
     117    -116.1915      -9.3818
     118    -134.8359       6.9425
     119    -120.1212     -14.4509
     120    -108.1389       2.7640
     121    -110.8400     -21.1002
     122    -108.4107     -10.1772
     123    -105.6279     -17.5748
     124    -103.1803     -18.0278
     125    -107.7460     -11.3362
     126    -106.5693     -26.0111
     127    -115.2857     -17.0047
     128    -120.4377     -15.1189
     129    -112.0023     -19.2303
     130    -116.8474      -5.9000
     131    -113.5163       4.4180
     132    -110.5420     -26.4971
     133    -126.7723       0.4182
     134    -112.3570     -10.3156
     135    -119.9665     -14.0417
     136    -105.2013     -16.9227
     137    -118.2987     -33.7210
     138    -107.2103       5.2634
     139    -107.6212      -5.6738
     140    -111.0661       0.0261
     141    -108.9040     -20.4646
     142     -98.9351     -21.8571
     143    -123.4627      -0.3230
     144     -98.7417     -14.9889
     145     -99.9369      -0.3772
     146    -124.9972     -18.3906
     147    -114.9594      -3.3422
     148    -102.7521     -28.2558
     149    -104.3487     -22.6524
     150    -100.9991     -27.0201
     151    -101.4498     -17.6220
     152    -106.0804     -22.7664
     153    -130.9697     -14.7704
     154    -115.4105       2.7428
     155    -101.2032     -13.4343
     156    -110.6781     -31.6613
     157    -122.6868     -19.1753
     158    -120.3366     -12.0164
     159    -106.1052      -4.1746
     160    -104.4577      -0.5011
     161    -111.3273     -12.1063
     162     -99.2732       1.8517
     163    -114.0897      -9.9324
     164    -111.0392      -0.7787
     165    -118.4559      -3.2513
     166     -99.7968     -10.3181
     167    -102.2066     -21.8374
     168    -125.1474      -6.8751
     169    -112.0204     -10.8598
     170    -131.7373      -0.9523
     171     -92.3727     -16.7133
     172     -98.4477     -24.8430
     173    -100.7149     -17.8224
     174    -125.5746     -15.7257
     175    -110.0595     -17.5252
     176    -121.7956     -11.3097
     177    -121.4474     -11.0437
     178    -106.3056      -8.5132
     179    -133.0024       1.2870
     180    -106.1794     -21.2481
     181     -89.3983     -25.8523
     182    -101.6997     -17.1874
     183    -120.3328     -17.6828
     184    -116.9839      -9.6536
     185    -114.0669     -23.7185
     186    -104.9061     -22.0102
     187    -103.2685     -23.8581
     188     -94.4663     -21.8132
     189     -81.0573      -6.4227
     190    -137.1407     -19.8316
     191     -96.8659     -17.2890
     192     -90.3945     -20.2166
     193    -104.1159     -26.5544
     194    -101.6092     -26.8576
     195    -118.2287     -13.1108
     196    -114.3612      -0.7022
     197    -124.1813     -32.0792
     198     -87.2400     -24.4837
     199     -65.2490     -16.9844
     200     -92.6675      -4.3559
     201    -122.2843      -6.7013
     202    -105.8668     -12.6718
     203    -103.3189     -13.3717
     204     -92.2936     -29.0176
     205     -94.4881     -12.4132
     206    -111.9942     -16.5521
     207    -128.0877      -9.4679
     208    -103.9275     -24.9058
     209     -97.6999      -7.2636
     210    -100.1892     -15.1602
     211    -119.5300     -19.0122
     212    -118.5979     -27.1147
     213    -125.6227     -12.4723
     214    -112.8876     -18.3143
     215     -90.5920     -16.3888
     216    -100.5803     -27.6896
     217    -118.1388       5.7246
     218     -95.3949     -26.9231
     219    -114.0634     -14.0568
     220    -116.5809       0.3791
     221     -69.5626     -29.7740
     222    -110.0319     -10.1600
     223    -109.3148     -20.3589
     224     -83.0714     -36.7073
     225    -106.7151     -17.3997
     226    -112.6687     -15.1874
     227    -118.1434      -8.7561
     228    -102.7241     -16.6088
     229     -92.7892     -12.2846
     230     -94.9603     -35.3839
     231    -125.0219     -24.1924
     232    -115.7524     -27.3172
     233    -135.2716       6.2602
     234    -118.6951     -11.7789
     235    -139.2435      -3.3564
     236    -125.9391      -9.8662
     237    -104.8092     -33.3721
     238    -121.6894      -5.9407
     239     -79.7817     -22.2119
     240     -98.4860     -16.2583
     241    -115.9142     -18.5571
     242    -109.3672     -19.1281
     243    -111.5261     -11.2606
     244    -123.0809     -17.4631
     245    -116.8150     -10.5837
     246    -107.8436      -3.6800
     247    -124.0325      -8.8240
     248     -96.8776     -18.7808
     249     -98.1366      -8.4544
     250    -115.8928      -9.9427
     251     -77.7065      -6.1193
     252    -141.0150     -28.9405
     253    -106.3808      -6.2943
     254    -103.0046     -14.7884
     255     -79.8716     -26.6784
     256    -112.1988      -9.9610
     257    -118.6749     -10.1511
     258    -111.4661      -0.9075
     259    -104.0330     -16.3492
     260    -129.1329     -20.7048
     261     -94.3999     -16.5475
     262    -122.9327     -13.5901
     263     -96.5626     -28.3720
     264    -102.6624      -5.1803
     265     -88.3342      -3.0528
     266    -101.4856     -12.7152
     267    -134.0765      -4.2153
     268     -87.9906     -31.4038
     269    -121.2582     -13.3606
     270    -109.7696     -10.1295
     271     -93.4914     -16.6151
     272    -132.4481      -6.9591
     273    -104.6920      -6.3767
     274    -104.3294     -11.7174
     275     -98.2436     -28.0319
     276    -130.8999     -12.8148
     277    -104.5141      -7.3022
     278    -136.5937      -4.5206
     279    -119.5174     -10.1332
     280    -112.9851     -10.8304
     281     -92.9082     -19.7041
     282     -90.4212     -35.8947
     283    -118.4556     -13.7912
     284    -105.9730     -13.0083
     285    -109.9347     -20.8095
     286    -105.4721      -5.4893
     287     -86.9278      -2.2743
     288    -102.8883      -3.0892
     289    -128.2519      -3.0259
     290    -112.1053     -32.8692
     291    -108.9002      -0.8204
     292    -102.7069     -23.3521
     293    -107.3978      -9.8487
     294    -101.4327     -19.8315
     295    -103.6781      -1.3463
     296    -104.7973     -20.6338
     297     -83.2525     -25.0965
     298    -112.9560      -8.4057
     299    -107.4845     -11.9745
     300    -121.7211     -15.6250
     301    -111.7699     -21.3647
     302    -112.8399     -30.9425
     303    -115.7698     -15.9467
     304    -107.2693      -9.5938
     305    -115.8048      -0.4577
     306    -109.9834     -19.6029
     307    -121.5091       3.0184
     308    -106.2955     -19.4754
     309    -105.4092     -14.6517
     310    -114.0142     -11.0695
     311    -122.8210     -19.3522
     312    -131.9824     -14.7637
     313    -129.9352       0.8587
     314    -112.9020     -16.2827
     315     -98.9452     -30.3666
     316    -120.7912      -8.4704
     317     -96.7723     -17.2417
     318    -131.3386     -13.2995
     319    -109.4808     -13.9001
     320    -102.6370      -6.8336
     321    -133.9812       1.9430
     322    -112.8121     -22.9087
     323    -114.8543      -3.9317
     324    -127.4226      -4.5920
     325     -97.2018      -7.4910
     326    -113.3724     -20.4579
     327     -93.6910     -25.2200
     328     -99.6894     -20.5316
     329    -101.2262     -18.1185
     330    -112.4619       1.2069
     331    -112.0394     -12.0756
     332     -97.5945     -10.8084
     333     -89.0929     -13.4929
     334     -83.9716     -24.6550
     335    -110.8415      -6.9786
     336    -117.4918     -18.5281
     337    -127.4702      -3.0601
     338    -116.8679     -10.8760
     339    -108.9470     -19.8442
     340    -105.0815     -12.4752
     341    -111.8362     -16.4687
     342    -110.4319      -4.0515
     343     -99.0066     -35.5857
     344    -124.1552      -6.8666
     345    -104.8669     -21.4036
     346    -117.4938      -8.2064
     347    -107.2609     -19.9533
     348    -121.9740       0.3258
     349    -112.6426     -11.1466
     350     -92.2881     -10.1695
     351    -108.7781     -12.3245
     352    -112.1826     -31.7199
     353    -119.8166      -9.8944
     354    -105.3901     -20.5044
     355    -116.8778      -3.1159
     356    -121.7277     -17.1263
     357    -100.8403     -22.3702
     358    -101.9247      -5.7018
     359    -112.1977     -15.1286
     360    -108.3006     -18.0661
     361    -134.2438       5.3958
     362    -110.6633     -10.3763
     363    -118.0392      -7.2838
     364    -110.7366      -0.7645
     365    -116.5454       1.2011
     366    -106.6411     -11.6733
     367    -106.2604     -20.2850
     368    -101.1089       2.0528
     369    -117.1569     -10.3302
     370    -116.2620     -10.5886
     371    -116.3583      -3.2371
     372    -117.5534     -13.3403
     373    -118.6782     -14.8114
     374    -126.7898     -14.4872
     375    -106.7367     -13.9701
     376    -115.5196     -12.3405
     377    -105.3559     -14.2002
     378    -123.9017      -9.1038
     379    -109.9183     -25.5227
     380    -102.5039     -16.9656
     381    -134.0294      -0.4865
     382    -107.9535      -5.0169
     383    -129.3225      13.0071
     384    -106.7589      -6.3031
     385    -125.7693       7.5603
     386    -129.1694       5.1425
     387    -114.2556       4.2323
     388    -131.0596      -5.6543
     389    -139.5260      -0.7767
     390    -117.9058     -27.1034
     391    -120.3575      16.5489
     392    -138.5364      11.8661
     393    -121.5030      -5.0006
     394    -136.5307      -6.8014
     395    -105.7514     -20.2957
     396    -111.9699      -8.5784
     397    -130.1481      -7.1843
     398     -99.8853       4.3831
     399    -133.8888       3.4961
     400    -132.4313       3.6093
     401    -116.7294     -17.7291
     402    -118.8693     -13.9810
     403    -109.1315       1.9778
     404    -111.2178       3.7121
     405    -112.7227      -4.2941
     406    -115.1830       0.0193
     407    -123.8443      -7.8944
     408    -113.3470      -2.2246
     409    -114.7945     -21.7916
     410    -109.9228      -4.2722
     411    -144.0847      -2.1140
     412    -141.9005     -21.3805
     413    -134.8408       1.3309
     414    -136.7731      -7.3936
     415    -118.6010      -3.0038
     416    -106.3869     -18.0540
     417    -128.5021      -5.9469
     418    -115.9824     -12.8834
     419    -114.4358     -15.1747
     420    -108.0281     -23.3641
     421    -130.4225      -4.5908
     422    -101.9399       1.0374
     423    -101.5580      -8.5170
     424    -115.7376      -4.4388
     425    -127.2679       2.0974
     426    -127.6800     -29.1313
     427    -122.0125       7.3196
     428    -120.5049      -1.0085
     429    -130.4302     -11.0434
     430    -111.3213      -6.8223
     431    -126.2055      -5.2894
     432    -114.0237     -11.7045
     433    -122.2435     -22.8278
     434    -131.3408       1.8278
     435    -113.4792      -5.4027
     436    -128.0275      -0.0772
     437    -132.3370     -18.4665
     438    -131.5892     -13.7546
     439    -121.6250      -9.8119
     440    -139.1761       4.4506
     441    -135.5231      12.0735
     442    -124.6248      -3.8004
     443    -107.9717     -14.2636
     444    -122.8838       0.9843
     445    -116.9727     -23.6046
     446    -130.0107       5.2485
     447    -143.2227      -0.8621
     448    -136.3985     -14.9531
     449    -102.9802       2.8050
     450    -106.3502      -7.9001
     451    -116.2246       6.4070
     452    -139.0535      12.1258
     453    -118.2205       6.3415
     454    -104.7077      -9.3170
     455    -138.3710     -10.6882
     456    -136.1184      -5.2136
     457    -143.5565     -18.4342
     458    -131.7044       3.2494
     459    -118.6063       6.5152
     460    -130.4483      -0.4456
     461    -133.1449       7.5769
     462    -126.7238     -17.8531
     463    -113.4131       0.4508
     464    -109.0516       8.3922
     465    -135.5554      -5.6541
     466    -125.4947      -9.5261
     467    -143.6749      19.4166
     468    -154.2858      -3.3276
     469    -133.8134       0.1745
     470    -151.0759      -1.0965
     471     -97.4751     -18.3501
     472    -116.0495       0.8322
     473    -110.8885      -4.8665
     474    -115.0790      -2.8126
     475    -145.6573       4.7219
     476    -117.0345      -2.1975
     477    -119.8618     -19.9858
     478    -132.9912      -2.9986
     479    -118.8978       0.5586
     480    -114.8162     -13.2560
     481    -132.0037     -17.3519
     482     -93.1857     -24.5977
     483    -136.6880     -10.2939
     484    -109.2391     -22.7103
     485    -127.4636      14.4882
     486    -130.3286     -11.8840
     487    -123.8758       0.2931
     488    -124.7525     -10.9025
     489    -126.1838     -12.0969
     490    -126.9458     -23.1680
     491    -131.0495     -21.0487
     492    -110.2518      -8.1567
     493     -99.7551     -39.4797
     494    -121.9428       1.6140
     495    -127.2671     -18.8742
     496    -116.8370     -13.1224
     497    -131.1058       2.0775
     498    -100.8657     -23.4446
     499    -144.6743     -15.4604
     500    -152.1090       3.3087
     501    -117.1332       0.6155
     502    -116.5986      -3.2555
     503    -129.7870      -3.9029
     504    -123.9225     -12.2094
     505    -133.9115      -1.8323
     506    -134.4731       4.8994
     507    -119.5681      -3.3017
     508    -123.6093     -26.2859
     509     -97.5316      12.8288
     510    -105.8201       4.1073
     511    -102.0021      -7.6417
     512     -89.8894      -4.5192
     513    -115.1362      10.1516
     514    -136.4364      -9.0875
     515    -121.3979      -0.1658
     516    -146.8195       8.6483
     517    -133.2913      -0.6861
     518    -156.2655      10.0746
     519    -119.7246     -18.3821
     520    -125.7303       0.7835
     521    -105.4404      -3.2089
     522    -123.6809      -2.5383
     523    -109.0273     -30.3406
     524    -140.9356      12.9761
     525    -122.7641     -16.9667
     526    -119.5379      -1.8514
     527    -125.7235       0.0662
     528    -136.8524       5.9721
     529    -138.3340      -8.4789
     530    -129.9810      -0.8253
     531    -129.4349      12.3569
     532    -145.8597      -6.5261
     533    -116.4953     -16.5753
     534    -151.5649       2.5935
     535    -134.6126      -1.3567
     536    -133.5290      -1.5526
     537    -115.7273      -1.9445
     538    -133.3423       2.4711
     539    -117.8543      -6.2003
     540    -120.8164      -6.5560
     541    -140.4849      -8.2365
     542    -125.9243     -13.2668
     543    -127.7875      -1.6265
     544    -105.3404       0.4849
     545    -142.5503      -1.1832
     546    -127.0890     -12.2013
     547    -113.9387      -3.1503
     548    -121.8310      -5.7198
     549    -111.6981     -10.6993
     550    -117.8192      -7.5255
     551    -134.3913       2.2497
     552    -142.2055      16.1247
     553    -142.5680      -3.1083
     554    -133.6088      -8.9676
     555    -131.9752      -0.9951
     556    -113.3553       0.1194
     557    -133.4370       4.8594
     558    -134.6944       5.2945
     559    -132.6286      -1.9894
     560    -132.2427      -6.9244
     561    -122.3733     -18.8747
     562    -135.3444       9.0801
     563    -118.1871     -21.7847
     564    -143.2745      -5.3846
     565    -126.4973       9.4141
     566    -123.0279     -21.7868
     567    -145.1364      -3.1964
     568    -128.3361      -0.2312
     569    -102.7627     -23.6849
     570    -139.5975       1.4887
     571    -131.0793      11.6282
     572    -132.5955      -1.2469
     573    -125.8623      -9.4282
     574    -129.9949      -8.0497
     575     -92.9849     -21.7087
     576    -128.9089      -4.7184
     577    -123.3268       3.1645
     578    -152.4484     -22.0667
     579    -137.7163      -6.4278
     580    -139.7728     -17.7987
     581    -128.3751      -2.8726
     582    -129.3586       4.3168
     583    -112.6360       6.1087
     584    -113.3186       2.7006
     585    -128.8209       2.4548
     586    -105.6395     -31.8628
     587    -107.1615      -5.6520
     588    -111.2676      -2.0911
     589    -110.1168      -0.0684
     590    -112.5140     -22.2697
     591    -118.5240       8.8978
     592    -108.8412     -21.2892
     593    -113.7076      -4.7671
     594    -102.6101      -9.1758
     595    -112.0123      -3.3312
     596     -96.8949     -10.7666
     597    -112.9172     -40.8275
     598    -140.4655      -2.7499
     599    -111.3368      -8.2589
     600    -100.3986      -4.6785
     601    -120.6973       1.7729
     602    -124.1682      -1.8787
     603    -102.3411     -21.5184
     604    -101.4860     -24.5198
     605    -122.2121     -12.7700
     606    -105.3309     -20.5688
     607     -87.1969     -12.1587
     608    -104.9209     -16.4373
     609    -113.8881     -16.2197
     610    -108.6020     -33.5636
     611    -121.4404     -10.1424
     612    -112.5870      -8.3649
     613    -130.9523       8.3263
     614    -110.2987       3.0263
     615    -133.6092      -8.3112
     616    -126.6829     -16.7553
     617    -121.7553     -22.0939
     618    -105.4547     -10.0280
     619    -115.6679      -2.9398
     620    -102.1236     -24.5498
     621    -131.4233      -0.5391
     622    -120.7041      -5.6887
     623    -106.5565     -19.1381
     624    -112.2769       4.0096
     625    -129.4371      -3.1017
     626    -117.3882      -8.3590
     627    -120.6560      -4.1608
     628    -132.9481      -3.0432
     629    -117.4074      -1.3210
     630     -97.4060      -0.0394
     631     -98.3521     -11.0466
     632    -114.5288     -15.2009
     633    -113.9444      -6.4476
     634    -107.2624     -10.2378
     635    -129.0337       2.3996
     636     -96.4090      -5.1834
     637    -105.7254       3.3787
     638    -104.6679     -14.5845
     639    -123.9769      -0.2304
     640    -122.9256      -5.4125
     641    -118.4781       1.7643
     642    -111.7740      -1.0073
     643    -127.2399      -9.6611
     644    -101.6574      12.2465
     645    -144.1985       7.5335
     646    -123.0068      -0.8711
     647    -118.6068      -3.7746
     648    -124.2050      -0.1627
     649    -125.5118     -11.8961
     650    -113.0428      -9.0317
     651    -143.6594      14.9717
     652    -109.5936      -2.3367
     653    -106.7506      12.7590
     654    -120.0959     -19.4773
     655    -128.6093       4.4838
     656    -120.4223      20.7631
     657    -140.0354      -4.0898
     658    -130.1036      22.3963
     659    -125.4283     -12.7296
     660    -113.4476       4.7135
     661    -141.8361      20.5527
     662    -119.6346      15.4891
     663    -130.1468       9.5803
     664    -119.4637     -36.7606
     665    -120.8960      -7.0136
     666    -113.6413     -12.0162
     667    -106.8132     -10.0805
     668    -118.7856     -37.3466
     669    -110.0180      -6.5242
     670    -123.5878      -2.3563
     671    -130.6337      -3.6209
     672    -135.8408     -35.2716
     673    -141.8412      -5.3863
     674    -114.8784     -10.8451
     675    -147.0312      -3.7020
     676    -141.0832       2.3281
     677    -125.5251       0.4418
     678    -106.6160     -18.6861
     679    -136.1103     -15.3475
     680    -117.9541     -19.3214
     681    -143.2409       2.9271
     682    -136.9944       2.2949
     683    -122.8391     -33.6920
     684    -137.4266     -37.2163
     685    -123.5983     -14.9007
     686    -133.0821      -8.5183
     687    -136.6684     -11.2954
     688    -134.7236     -17.7378
     689    -134.2657      -3.4726
     690    -138.4241      -7.5278
     691    -129.8222      -2.5425
     692    -125.1343     -15.9625
     693    -147.4893      -4.1673
     694    -129.8159      -8.6194
     695    -129.6874       6.5528
     696    -138.4991      -1.2616
     697    -126.2330      -2.9333
     698    -125.1762      -8.4516
     699    -117.3369       3.4983
     700    -124.8945     -18.9624
     701    -123.6531     -10.2760
     702     -92.1155     -22.9455
     703    -141.6851       4.5457
     704    -119.2614     -24.5680
     705    -109.1968     -17.5434
     706    -126.4713      -8.7006
     707    -143.3676      -6.5365
     708    -124.9386       4.3841
     709    -117.1264     -10.1894
     710    -113.5964      -4.8073
     711    -117.8573      -5.7069
     712    -119.8405      -0.7738
     713     -90.7803      -9.6906
     714    -125.3670     -11.9680
     715    -127.7827      -0.5020
     716    -125.8243      -1.6601
     717    -121.9573       7.2744
     718    -106.1203      -4.1003
     719    -130.2744       1.5470
     720    -100.6485      -4.8065
     721    -118.6552     -10.1719
     722    -115.8743       3.5431
     723    -110.5450     -18.6416
     724    -117.7806       7.9581
     725    -124.2845      -9.9083
     726    -110.3873      -1.6811
     727    -113.3874       1.3210
     728    -120.3893      -9.4831
     729    -109.8867       0.0285
     730    -104.9440     -20.4094
     731    -119.1899      -5.8820
     732    -113.8116      -6.0758
     733    -115.4569     -14.5673
     734    -108.4877     -13.8129
     735    -122.1583      -4.8752
     736    -112.6616     -10.9214
     737    -117.1370     -10.8208
     738    -113.7411      -4.6435
     739    -126.6807      10.4555
     740    -118.4740     -17.3777
     741    -114.0105      -4.9100
     742    -107.9158      -5.2995
     743    -133.7695      -5.3793
     744    -132.3752     -12.5187
     745    -101.1450      -9.9714
     746    -119.7785      -0.0171
     747    -152.4393      -3.0189
     748    -131.0654      -3.3117
     749    -118.5261     -22.2125
     750    -131.0771     -10.3610
     751    -108.9515       3.8225
     752    -106.3471       0.4872
     753    -100.9061      -9.9624
     754    -118.1353       2.4116
     755    -124.3626       5.2748
     756    -106.0799     -30.3502
     757    -105.0342     -26.6490
     758    -128.2229      11.0585
     759    -113.4310       3.4337
     760    -107.1760       2.6794
     761     -93.4781     -17.9741
     762    -122.7887       4.4414
     763    -114.8481     -10.8398
     764    -124.8759     -11.1810
     765    -124.4638      -3.7976
     766    -126.7863     -17.3101
     767    -132.9160      -2.8931
     768    -130.9130      -7.5802
     769    -114.9645       3.7060
     770    -121.6348      -0.7165
     771    -113.4533      -4.5198
     772    -104.2813     -18.9878
     773    -106.1207     -19.6501
     774    -129.1635       9.7301
     775    -119.7448      -0.7813
     776    -130.5389       6.9267
     777    -127.5494       0.9591
     778    -105.1194     -16.2112
     779    -118.6010     -13.1156
     780    -116.8044       8.7677
     781    -111.0583     -14.1188
     782    -121.4718      -6.2744
     783    -109.6321       6.7838
     784    -104.8649     -18.2853
     785    -105.0849       7.9749
     786    -121.1717       8.4546
     787    -115.8044      -6.7845
     788     -97.5704     -18.9866
     789    -105.4265      -1.0966
     790    -124.5183       6.1215
     791    -125.1796       1.7045
     792    -111.6951     -13.5202
     793    -118.3057      -4.1394
     794    -112.3072     -12.4646
     795     -98.2603     -21.2751
     796    -116.3477      -6.2809
     797    -126.3204      -0.5020
     798    -117.0038       1.3683
     799    -123.8122      -5.4044
     800    -128.3657      -0.1996
     801    -106.6572     -14.9666
     802    -131.0694       7.1758
     803    -142.1843       2.4451
     804    -141.0664     -11.4799
     805    -131.4470      -3.8270
     806    -137.4720     -10.4112
     807    -119.9052      -3.1962
     808    -137.8277      -2.2982
     809    -114.1622      -1.2862
     810    -122.4345      -2.4567
     811    -118.9082      -3.3414
     812    -118.3841       4.2549
     813    -115.9066       5.4390
     814    -111.0960     -10.1981
     815    -112.5710      -5.6708
     816    -100.0875       6.8457
     817    -112.0721     -12.3473
     818    -119.1078      -3.7368
     819    -116.9103      -6.6763
     820    -137.4606       9.7350
     821    -134.1542      25.9382
     822    -107.3600     -11.3356
     823    -122.5507     -32.7455
     824    -136.7920       8.2880
     825    -136.4022      10.0352
     826    -148.0609      -5.5064
     827    -121.2293      11.1157
     828    -147.1864       1.0061
     829    -143.6451     -14.2858
     830    -114.5325       0.5134
     831    -133.8315     -14.6460
     832    -107.1935      -8.9892
     833    -124.0758     -14.5655
     834    -142.7366     -24.4000
     835    -108.1758      -1.4111
     836    -121.1031     -11.0061
     837    -140.7576      -0.4292
     838    -116.4865      -6.4626
     839    -142.0566       2.2680
     840    -109.8256     -10.5707
     841     -97.3438     -12.4592
     842    -114.4175     -13.4050
     843    -107.7957      -8.2504
     844    -122.8081      -3.6541
     845    -120.1313      -7.7850
     846    -104.5538     -11.4987
     847    -122.8039      -7.4674
     848    -109.6487      10.9718
     849    -102.6903      -9.2568
     850    -121.4364       0.1478
     851    -121.2214      -5.2593
     852    -125.4207      -1.0136
     853    -111.7199       3.2298
     854    -141.2460      -3.1211
     855    -123.2719      -0.8649
     856    -118.4242      -1.9613
     857    -121.9167      -9.8375
     858    -114.8332     -17.2969
     859    -126.5047      -4.3945
     860    -124.9824       4.7163
     861    -116.2909      -6.3813
     862    -124.5037     -16.7124
     863    -114.0614     -17.1517
     864    -130.7585      -7.8306
     865    -118.0667       4.3258
     866    -126.9154      -6.4689
     867    -121.0046      -8.0027
     868    -120.7184      10.0708
     869    -129.3321      -4.9651
     870    -118.7602       4.4611
     871    -144.1770      -0.0889
     872    -120.8169       0.1836
     873    -128.9047      -2.2993
     874    -131.6763      -2.0544
     875    -133.1051       4.3300
     876    -123.2394     -10.4551
     877    -136.0183     -12.4104
     878    -105.0470      -4.8917
     879    -134.4035      -3.6945
     880    -123.8069     -18.7799
     881    -119.2940      -2.0131
     882    -119.8585       0.4251
     883    -133.9434      -1.3875
     884    -117.3500      -6.1473
     885    -124.3678      -0.0742
     886    -133.2233       7.5320
     887    -137.4896       3.9954
     888    -129.8234      -3.1033
     889    -131.2539     -33.4645
     890    -136.0923      -2.5765
     891    -141.4937       2.4435
     892    -111.8330       8.0992
     893    -136.1125      -0.8657
     894    -137.8131      -4.3011
     895    -104.7659     -11.0972
     896    -130.2255       0.7738
     897    -114.0392     -11.6842
     898    -130.3312     -14.2034
     899    -118.3461     -14.5874
     900    -126.6914       0.8692
     901    -137.7155       7.3315
     902    -141.5367       6.0229
     903    -122.5291       8.5460
     904    -133.5818       7.6110
     905    -137.9596      -3.0166
     906    -127.8977     -14.0151
     907    -133.1555      -5.8925
     908    -131.2556      -2.9285
     909    -104.4067     -15.4830
     910    -116.4916     -23.2037
     911    -122.3901     -22.6934
     912    -108.9306      -8.8981
     913    -148.1215     -12.0600
     914    -110.6456      -5.3246
     915    -111.8707      -6.3108
     916    -115.7891       5.4101
     917    -127.7260      -5.3868
     918    -126.1197      -5.7009
     919    -129.6315     -15.7753
     920    -130.2325       8.0552
     921    -136.8640     -20.5957
     922    -130.2923      -4.2382
     923    -136.2716     -13.1275
     924    -113.0341     -24.3499
     925    -111.8099     -12.6534
     926    -132.7700       8.9918
     927    -122.3105     -16.0695
     928    -124.0044      -0.5882
     929    -135.2843      -6.7641
     930    -130.0406     -16.2877
     931    -148.0918      -0.6757
     932    -116.7520      -4.0694
     933    -127.6603       0.0299
     934    -137.2982       5.3325
     935    -128.7297       0.8540
     936    -139.6535     -19.1994
     937    -137.4960      -2.1414
     938    -134.6168       1.6257
     939    -119.4949       9.8005
     940    -151.9155     -11.7263
     941    -140.3444       3.1822
     942    -141.5112      -4.2836
     943    -148.8036     -11.4551
     944    -109.3762     -11.3773
     945    -105.0627     -12.3520
     946    -153.4754      -2.9425
     947    -131.6379       2.9332
     948    -121.9475       2.9062
     949    -128.2018      -7.0901
     950    -124.3413      -8.3627
     951    -118.1480       7.3351
     952    -118.6971     -21.1670
     953    -115.0127      -3.3136
     954    -143.2260     -10.9426
     955    -127.7216      -5.4796
     956    -133.8337      -5.8984
     957    -134.9808       6.4714
     958    -131.6323      -6.8649
     959    -103.9752      -7.6247
     960    -123.8297       3.2367
     961    -130.9965       4.5350
     962    -156.4377      14.6251
     963    -128.8578      17.5029
     964    -135.1952      -5.2965
     965    -150.8053      -2.0037
     966    -139.3698       3.9047
     967    -132.7721      -6.3424
     968    -132.7847      -8.5144
     969    -110.8292     -15.6525
     970    -136.3996     -20.8510
     971    -138.0812      -6.6815
     972    -100.2638     -19.1450
     973    -126.5550     -13.1295
     974    -133.8251      22.2728
     975    -115.7649       0.7522
     976    -143.0383     -30.6461
     977    -117.7623      -3.6423
     978    -115.9994      -2.0776
     979    -114.7755     -10.2284
     980    -140.0587     -18.8132
     981    -121.7015       1.7457
     982    -120.2597      -1.8801
     983    -148.8277      -3.1318
     984    -125.4248      -1.7380
     985    -126.8158      -2.7468
     986    -141.9093      -8.3583
     987    -140.7440     -16.1578
     988    -134.5848      -7.1612
     989    -117.0884       9.5783
     990    -136.1254     -21.3930
     991    -132.2999     -16.2471
     992    -102.7362      -5.0815
     993    -138.8470     -12.2706
     994    -121.7226      -7.7083
     995    -119.3775       9.6262
     996    -146.5789      -2.8170
     997    -135.9265     -11.2223
     998    -122.1515      -2.8249
     999    -129.2705       0.8624
    1000    -129.1519     -20.6366
