#Frame   domain_distance
       1         25.2207
       2         25.0866
       3         25.2872
       4         24.8076
       5         25.2726
       6         24.5160
       7         25.3920
       8         25.3154
       9         25.2955
      10         24.5561
      11         25.1814
      12         24.9005
      13         25.5035
      14         25.3103
      15         25.6369
      16         25.4295
      17         25.1950
      18         25.0052
      19         25.4854
      20         25.2850
      21         25.0035
      22         25.5909
      23         25.1451
      24         25.6554
      25         25.1866
      26         24.9571
      27         25.2767
      28         24.9879
      29         25.2460
      30         24.9754
      31         25.3840
      32         25.4645
      33         25.4096
      34         25.6396
      35         25.8100
      36         25.6443
      37         25.5694
      38         25.5679
      39         24.9885
      40         25.3142
      41         25.1417
      42         24.9906
      43         25.2685
      44         25.1541
      45         24.7510
      46         24.5330
      47         25.0380
      48         25.0185
      49         25.2306
      50         25.3343
      51         25.2887
      52         25.4170
      53         25.2960
      54         25.4158
      55         25.0865
      56         25.1040
      57         24.9793
      58         25.6101
      59         25.4237
      60         25.2971
      61         24.9865
      62         25.3360
      63         25.6284
      64         25.4390
      65         25.6432
      66         25.6166
      67         25.8019
      68         25.6522
      69         25.2402
      70         25.1278
      71         25.1213
      72         25.0149
      73         25.1057
      74         25.2803
      75         24.7773
      76         25.0382
      77         24.7587
      78         25.7785
      79         25.2497
      80         25.2923
      81         25.5805
      82         25.6331
      83         25.3987
      84         25.1415
      85         25.3928
      86         24.8740
      87         24.9566
      88         24.9475
      89         24.6923
      90         24.4246
      91         24.9156
      92         24.6318
      93         24.4880
      94         25.1521
      95         24.7181
      96         24.8989
      97         25.1249
      98         25.4604
      99         24.8276
     100         25.0472
     101         25.2041
     102         25.1544
     103         25.6940
     104         25.4318
     105         25.2673
     106         25.5487
     107         25.4372
     108         25.5635
     109         25.3653
     110         25.0116
     111         25.0176
     112         25.1591
     113         25.1384
     114         25.7645
     115         25.3969
     116         26.4618
     117         25.0629
     118         25.4180
     119         25.1614
     120         25.7571
     121         25.6673
     122         25.6394
     123         25.8707
     124         25.2078
     125         25.5933
     126         25.8020
     127         25.8000
     128         25.4839
     129         25.7427
     130         25.2029
     131         25.9693
     132         25.5151
     133         25.7732
     134         25.4447
     135         25.5599
     136         25.7104
     137         25.3342
     138         25.2031
     139         24.9309
     140         24.9593
     141         25.2202
     142         25.1690
     143         24.9857
     144         25.3307
     145         27.5036
     146         27.2325
     147         28.1927
     148         27.4554
     149         27.9152
     150         27.7082
     151         27.4708
     152         27.6866
     153         27.2383
     154         28.0312
     155         28.2274
     156         27.1615
     157         28.2016
     158         27.9355
     159         27.5069
     160         26.6514
     161         26.6777
     162         27.9513
     163         27.2827
     164         27.8067
     165         27.8303
     166         28.1181
     167         28.2358
     168         27.7552
     169         27.7723
     170         27.9777
     171         27.9011
     172         28.1287
     173         28.0377
     174         28.8375
     175         28.6097
     176         27.4602
     177         28.3619
     178         27.4688
     179         27.2345
     180         27.8544
     181         27.5629
     182         28.2684
     183         28.1482
     184         27.7828
     185         28.4509
     186         27.4399
     187         28.0664
     188         27.5099
     189         27.7132
     190         28.0197
     191         28.8797
     192         29.3990
     193         28.1958
     194         27.6738
     195         28.9813
     196         28.4064
     197         27.3072
     198         28.1316
     199         27.4484
     200         28.3270
     201         28.9333
     202         28.8856
     203         28.4167
     204         28.2337
     205         28.0382
     206         28.8650
     207         27.4482
     208         27.6095
     209         27.5116
     210         28.5601
     211         27.6809
     212         27.3378
     213         26.8715
     214         27.3240
     215         27.3157
     216         26.8613
     217         26.7247
     218         26.5326
     219         27.0333
     220         28.6373
     221         27.6078
     222         28.4182
     223         26.7292
     224         28.3041
     225         27.9170
     226         28.8851
     227         29.1795
     228         29.3838
     229         27.7578
     230         28.9853
     231         28.1594
     232         27.8614
     233         27.6617
     234         27.7024
     235         27.3221
     236         28.0311
     237         28.0310
     238         28.0747
     239         27.8619
     240         27.5750
     241         28.1654
     242         27.4684
     243         27.2524
     244         28.5187
     245         28.4636
     246         27.2418
     247         28.7932
     248         27.7087
     249         27.7496
     250         28.4665
     251         28.7004
     252         28.0899
     253         28.3536
     254         27.9909
     255         28.1630
     256         28.2201
     257         28.1941
     258         27.5804
     259         27.4538
     260         27.4074
     261         27.3680
     262         28.2070
     263         27.4595
     264         27.7428
     265         27.8122
     266         27.6313
     267         28.5674
     268         27.7710
     269         28.5769
     270         28.1847
     271         27.5363
     272         29.4342
     273         27.6080
     274         28.4634
     275         28.4212
     276         28.1881
     277         28.3425
     278         26.7711
     279         27.0083
     280         26.8397
     281         27.3387
     282         27.5591
     283         27.8345
     284         28.2784
     285         27.4731
     286         26.7164
     287         26.7196
     288         26.2325
     289         26.5270
     290         27.3625
     291         27.6406
     292         28.5049
     293         27.9596
     294         27.3219
     295         26.9604
     296         26.9867
     297         26.8864
     298         27.6392
     299         27.9481
     300         27.4556
     301         27.4195
     302         27.4175
     303         27.7745
     304         27.7933
     305         27.6635
     306         27.9047
     307         28.0292
     308         27.6597
     309         27.6126
     310         27.7292
     311         27.4904
     312         27.0437
     313         27.0569
     314         26.7045
     315         27.6804
     316         28.6682
     317         30.8654
     318         28.0640
     319         28.3917
     320         28.5691
     321         28.5737
     322         28.8199
     323         29.3917
     324         27.7350
     325         28.9897
     326         29.1152
     327         29.0082
     328         28.0551
     329         27.5829
     330         29.4105
     331         27.4477
     332         27.0018
     333         26.7958
     334         26.9215
     335         26.8695
     336         26.1467
     337         26.6779
     338         27.5993
     339         28.2933
     340         26.9556
     341         27.7073
     342         28.0925
     343         27.0275
     344         27.3406
     345         27.6410
     346         27.2428
     347         28.5190
     348         28.1305
     349         27.4007
     350         27.9147
     351         28.2005
     352         28.2027
     353         28.2553
     354         28.2140
     355         28.2445
     356         28.2859
     357         28.9889
     358         28.7553
     359         28.5898
     360         28.9426
     361         29.1948
     362         28.4503
     363         27.8702
     364         28.8415
     365         28.2215
     366         27.8655
     367         28.6487
     368         28.5790
     369         29.7911
     370         28.3637
     371         29.2719
     372         29.2634
     373         29.3237
     374         28.8247
     375         29.4180
     376         28.6390
     377         29.1741
     378         28.9176
     379         28.6708
     380         28.3096
     381         28.6814
     382         28.7476
     383         29.3135
     384         28.5025
     385         28.2560
     386         28.5995
     387         28.8692
     388         28.4241
     389         28.0283
     390         28.9533
     391         28.5224
     392         29.1422
     393         28.7353
     394         28.8844
     395         28.4094
     396         28.0082
     397         27.8699
     398         28.0613
     399         28.6178
     400         28.1619
     401         28.6845
     402         28.0282
     403         28.2993
     404         27.1985
     405         27.1322
     406         27.0442
     407         27.3573
     408         26.7839
     409         26.7542
     410         27.1187
     411         27.4062
     412         26.8017
     413         27.8983
     414         26.8662
     415         27.4635
     416         26.9887
     417         27.1606
     418         27.7923
     419         27.2538
     420         28.1748
     421         26.8614
     422         27.4029
     423         28.4563
     424         27.8485
     425         27.2826
     426         27.9969
     427         27.8494
     428         28.3349
     429         27.7746
     430         28.2264
     431         28.1047
     432         27.2958
     433         28.2113
     434         27.3260
     435         27.6792
     436         27.7455
     437         28.4077
     438         28.7404
     439         28.7659
     440         27.9462
     441         27.1696
     442         28.0557
     443         26.9140
     444         26.9467
     445         27.0163
     446         26.9789
     447         27.0905
     448         27.1961
     449         26.7648
     450         27.0861
     451         27.7557
     452         27.1106
     453         29.2147
     454         28.4676
     455         27.8115
     456         27.3291
     457         26.8984
     458         27.8079
     459         28.1175
     460         27.6505
     461         27.6801
     462         29.2107
     463         27.9108
     464         29.4825
     465         28.0925
     466         26.8805
     467         27.5296
     468         27.3755
     469         26.7540
     470         26.9922
     471         27.1424
     472         26.7687
     473         26.6803
     474         27.4159
     475         27.0718
     476         27.2296
     477         28.4103
     478         27.6941
     479         27.6745
     480         27.7845
     481         28.0323
     482         28.2913
     483         27.9732
     484         27.6863
     485         28.7776
     486         28.5013
     487         27.4336
     488         28.1767
     489         27.8096
     490         27.7435
     491         26.8841
     492         28.8515
     493         28.4805
     494         28.8084
     495         27.8391
     496         29.0170
     497         27.3713
     498         27.7331
     499         28.0849
     500         27.8191
     501         28.0111
     502         28.7252
     503         28.1681
     504         28.1076
     505         27.6767
     506         28.2417
     507         27.6929
     508         27.6654
     509         27.9944
     510         28.5492
     511         28.3380
     512         27.8706
     513         28.8022
     514         28.9555
     515         28.1463
     516         28.4760
     517         28.2506
     518         28.8488
     519         28.5569
     520         28.6774
     521         29.4065
     522         27.9516
     523         27.9178
     524         27.1610
     525         27.9303
     526         27.1274
     527         27.5959
     528         27.3316
     529         26.8524
     530         28.1294
     531         27.8082
     532         27.6238
     533         28.7583
     534         27.6414
     535         28.3548
     536         28.5274
     537         27.6283
     538         27.8755
     539         27.2581
     540         28.7153
     541         27.9919
     542         28.0327
     543         28.5824
     544         29.2286
     545         28.5623
     546         28.6797
     547         28.4393
     548         27.5881
     549         27.3199
     550         28.0652
     551         28.4263
     552         28.4864
     553         28.4659
     554         28.1737
     555         28.3101
     556         28.2781
     557         29.2427
     558         29.3295
     559         28.4202
     560         28.2956
     561         28.2592
     562         28.4828
     563         29.0490
     564         28.7835
     565         28.0658
     566         28.0102
     567         27.9288
     568         28.9334
     569         27.6999
     570         29.2007
     571         28.6622
     572         28.1596
     573         28.2638
     574         28.2703
     575         28.1827
     576         27.5930
     577         28.0339
     578         28.0568
     579         27.9146
     580         27.5205
     581         28.0966
     582         27.8914
     583         28.6522
     584         28.3804
     585         27.6733
     586         27.7289
     587         27.7992
     588         27.8029
     589         27.9512
     590         27.8892
     591         28.0250
     592         27.9086
     593         27.3475
     594         27.8537
     595         27.6782
     596         27.8326
     597         27.9588
     598         28.4219
     599         28.4504
     600         28.0587
     601         27.5077
     602         27.1856
     603         27.3873
     604         27.4562
     605         27.8344
     606         27.5378
     607         27.5650
     608         28.2373
     609         26.6323
     610         26.9307
     611         27.1179
     612         27.2396
     613         28.0409
     614         27.6053
     615         27.7021
     616         28.9329
     617         27.6056
     618         27.3715
     619         27.4769
     620         28.3327
     621         27.7962
     622         27.1341
     623         27.4230
     624         27.6924
     625         27.4355
     626         27.9002
     627         27.3936
     628         28.2897
     629         28.5775
     630         28.2216
     631         28.5466
     632         28.0859
     633         28.5656
     634         28.4738
     635         28.1750
     636         28.3913
     637         28.6660
     638         29.1718
     639         28.7295
     640         28.8111
     641         28.2755
     642         28.1019
     643         29.0929
     644         29.1083
     645         28.8993
     646         28.7993
     647         29.4606
     648         28.9763
     649         28.2085
     650         29.1301
     651         29.3315
     652         29.3875
     653         28.3337
     654         28.2172
     655         28.8702
     656         29.1486
     657         29.0682
     658         28.8310
     659         28.8309
     660         28.5448
     661         28.7463
     662         29.4987
     663         28.4624
     664         28.7718
     665         28.9766
     666         28.9256
     667         29.0177
     668         28.9971
     669         29.1330
     670         29.1650
     671         29.1257
     672         28.8780
     673         29.7288
     674         28.7341
     675         28.5587
     676         28.9022
     677         29.4884
     678         29.0028
     679         28.9002
     680         28.6673
     681         29.7320
     682         28.4536
     683         29.6683
     684         28.5422
     685         29.2450
     686         29.2506
     687         28.6443
     688         27.8401
     689         28.1660
     690         28.6822
     691         28.2306
     692         29.0544
     693         28.1351
     694         28.3051
     695         28.4116
     696         28.4095
     697         29.3573
     698         29.6297
     699         28.1650
     700         28.7008
     701         29.3105
     702         28.9143
     703         29.1585
     704         29.0514
     705         28.0313
     706         28.0824
     707         27.9044
     708         28.2542
     709         28.2116
     710         27.9443
     711         28.4334
     712         28.2786
     713         29.0812
     714         28.5767
     715         28.2707
     716         28.4620
     717         28.4268
     718         27.3405
     719         27.9602
     720         27.8354
     721         27.1932
     722         27.5653
     723         28.1312
     724         27.4327
     725         27.6649
     726         28.3117
     727         28.3700
     728         27.3427
     729         27.0105
     730         27.0864
     731         28.0491
     732         28.1996
     733         28.1862
     734         28.0434
     735         28.6811
     736         28.2612
     737         28.1679
     738         28.5829
     739         28.3073
     740         27.9366
     741         27.4984
     742         27.4452
     743         28.2252
     744         27.8210
     745         27.8891
     746         27.4503
     747         28.1664
     748         28.1488
     749         28.5637
     750         27.8682
     751         27.7891
     752         27.4774
     753         27.7040
     754         27.6625
     755         27.8628
     756         27.6844
     757         27.1161
     758         27.6051
     759         27.5943
     760         28.1801
     761         28.1297
     762         27.9440
     763         28.1889
     764         28.4499
     765         27.9495
     766         28.7404
     767         27.9410
     768         28.4376
     769         27.8880
     770         28.5037
     771         28.4843
     772         27.8646
     773         28.8348
     774         28.3012
     775         28.1335
     776         27.6670
     777         29.2100
     778         28.7631
     779         28.9650
     780         28.6299
     781         28.4472
     782         27.6921
     783         27.3352
     784         27.0302
     785         26.5734
     786         27.2594
     787         27.6569
     788         27.3407
     789         27.8253
     790         29.0770
     791         27.6466
     792         28.2067
     793         26.9145
     794         27.0821
     795         27.6997
     796         28.5636
     797         26.2786
     798         28.2200
     799         27.3804
     800         27.6828
     801         27.3370
     802         28.5488
     803         29.9777
     804         28.0511
     805         27.8853
     806         27.8540
     807         27.6724
     808         27.4074
     809         29.7997
     810         28.9151
     811         28.6361
     812         28.0559
     813         28.3545
     814         28.1039
     815         27.7129
     816         28.1375
     817         27.6043
     818         27.1944
     819         27.9352
     820         28.3946
     821         28.5528
     822         27.4680
     823         28.5239
     824         27.8003
     825         27.8482
     826         27.6221
     827         27.8073
     828         28.3635
     829         27.9710
     830         27.3720
     831         27.4439
     832         28.1897
     833         27.9643
     834         27.5851
     835         28.2056
     836         27.2539
     837         28.8058
     838         27.8972
     839         27.9652
     840         27.5416
     841         27.5281
     842         28.2476
     843         28.2858
     844         28.7657
     845         28.2039
     846         27.6232
     847         28.1587
     848         28.1319
     849         27.4939
     850         28.2090
     851         28.2167
     852         27.7404
     853         29.6509
     854         28.1243
     855         29.0254
     856         27.4144
     857         28.7562
     858         28.4851
     859         28.0099
     860         28.3686
     861         29.9110
     862         28.5667
     863         28.3487
     864         29.2515
     865         27.7620
     866         28.4665
     867         28.2877
     868         28.5441
     869         28.7061
     870         28.6429
     871         28.2054
     872         28.1174
     873         28.2988
     874         27.7822
     875         27.9329
     876         28.3064
     877         28.1475
     878         27.9329
     879         29.1580
     880         28.5260
     881         27.5865
     882         27.9032
     883         28.6160
     884         28.6696
     885         28.4668
     886         27.9538
     887         28.0600
     888         28.0046
     889         27.9593
     890         27.8104
     891         28.0641
     892         28.0938
     893         28.5420
     894         27.8275
     895         27.9148
     896         28.1639
     897         27.6188
     898         28.9673
     899         28.0445
     900         29.1071
     901         28.3159
     902         28.1235
     903         28.6470
     904         28.6813
     905         28.3277
     906         27.8932
     907         28.3876
     908         28.1093
     909         27.9864
     910         28.2608
     911         28.6053
     912         28.5808
     913         28.6752
     914         28.0672
     915         28.3222
     916         28.2671
     917         27.8670
     918         28.2033
     919         27.1684
     920         27.7616
     921         28.2439
     922         27.8064
     923         28.2771
     924         28.7896
     925         28.4444
     926         28.9456
     927         28.4403
     928         27.8680
     929         28.3932
     930         27.8440
     931         28.9746
     932         28.0532
     933         28.4155
     934         27.5918
     935         28.3477
     936         28.4429
     937         28.0019
     938         27.7774
     939         28.9844
     940         27.9683
     941         27.6724
     942         28.2435
     943         28.9639
     944         28.3082
     945         28.1842
     946         28.2692
     947         28.5669
     948         27.4743
     949         27.9663
     950         27.8858
     951         27.7148
     952         27.8520
     953         28.5182
     954         28.9166
     955         27.6238
     956         27.9860
     957         28.3943
     958         28.0644
     959         27.7758
     960         27.5133
     961         27.6974
     962         27.5193
     963         28.3247
     964         28.2661
     965         28.5035
     966         27.6795
     967         27.7612
     968         27.7292
     969         28.2001
     970         28.1997
     971         27.9057
     972         27.6813
     973         27.9979
     974         28.7555
     975         28.4224
     976         27.7155
     977         29.5540
     978         28.3187
     979         28.0907
     980         28.3323
     981         27.8502
     982         28.1769
     983         29.5527
     984         28.3834
     985         27.8872
     986         27.8566
     987         28.2057
     988         28.4246
     989         28.3344
     990         27.9349
     991         28.6020
     992         27.8685
     993         28.3917
     994         27.6260
     995         28.2736
     996         28.3507
     997         28.0225
     998         27.9078
     999         28.2582
    1000         27.8957
