#Frame        phi:121      psi:121
       1    -107.9958      -8.4921
       2    -120.7065     -19.8960
       3    -100.2827     -24.5842
       4    -119.1228     -14.2673
       5    -118.2137     -11.2903
       6    -109.6929     -17.2521
       7    -113.4750       9.0192
       8    -111.2008     -11.0888
       9    -101.0975      -4.7140
      10    -120.8697      -3.8253
      11    -127.1580       3.4840
      12    -129.8712     -12.7451
      13    -132.3885      -1.5993
      14     -89.3421      -5.5541
      15    -140.3395     -15.8508
      16    -137.4852      10.3973
      17    -153.9650       7.5754
      18    -151.2551       0.0076
      19    -153.8872       1.8276
      20    -144.5550     -10.4302
      21    -153.8970       1.4014
      22    -120.4512     -21.7308
      23    -144.1099     -22.3564
      24    -127.7441     -24.2012
      25    -141.8076      -4.2496
      26    -131.7762       2.3789
      27    -102.9944      -7.0787
      28    -120.8808     -10.8982
      29    -139.1566      -2.4997
      30    -117.2196      -8.3336
      31    -123.0517       2.8284
      32    -142.3622       8.8452
      33    -152.8758      -0.2987
      34    -143.8350      -9.6013
      35    -147.0851     -13.0742
      36    -145.4218      -3.2847
      37    -112.9946     -19.9725
      38    -112.0964      -4.6803
      39    -114.9630       2.2472
      40    -125.9489       6.5773
      41    -137.4655      -4.7364
      42    -136.6656       2.4162
      43    -119.5117     -16.4093
      44    -103.5307     -21.3974
      45    -108.6263      -1.0954
      46    -126.4317      -5.2168
      47    -129.0317      -0.6346
      48    -125.4680       2.7356
      49    -104.9031      -4.9079
      50    -115.9743     -21.0410
      51    -106.7103     -20.2440
      52    -116.3039      -8.6212
      53     -94.1905      -9.8007
      54    -126.3705      10.4764
      55    -127.1541       1.4110
      56    -119.0794       5.2611
      57    -142.9387       2.9980
      58    -136.6135     -23.0534
      59    -130.8990      -3.0369
      60    -129.2435      -3.4055
      61    -124.2651     -11.3020
      62    -130.6591     -10.5883
      63    -140.6014     -12.9103
      64    -138.7160       4.3622
      65    -137.0309       1.5177
      66    -123.8985       0.8310
      67    -129.8289      -9.2293
      68    -124.2042     -13.6579
      69    -130.2914       7.0395
      70    -133.2599      -4.4776
      71    -130.3972      -3.3017
      72    -132.9855     -10.0592
      73    -140.7429     -11.7110
      74    -137.3532       4.5875
      75    -111.9110      -5.8911
      76     -90.5552     -17.3475
      77    -143.0165      -3.1102
      78    -102.5327       2.3609
      79    -123.9328       2.8903
      80    -127.5594      -5.6056
      81    -124.2482      -2.2142
      82    -104.7369       0.2717
      83    -114.2796     -14.0794
      84    -117.0727      -9.8792
      85    -116.2987      -6.1833
      86    -114.8086      -8.4257
      87    -123.6755      -9.8833
      88    -130.4367      -5.3936
      89    -120.8998     -17.8123
      90    -122.4731      -6.1887
      91    -115.9755      -6.6530
      92    -112.7196     -22.5331
      93    -115.7220      -9.1731
      94    -125.7414     -11.3792
      95    -122.7269       6.8296
      96    -107.3401      -4.5023
      97    -115.6122      -8.5662
      98    -116.4084     -13.7987
      99    -116.8992      -6.6162
     100    -131.1149       0.6877
     101    -133.5859      -0.2215
     102    -122.8972      -4.7100
     103    -106.3473     -25.5372
     104    -127.4953       1.6658
     105    -101.2111      -3.2641
     106    -119.1365     -19.5061
     107    -122.8926      -4.6992
     108    -118.7980       5.7705
     109    -119.2727     -12.3609
     110    -110.5043       8.0020
     111    -126.6448       0.6081
     112    -122.5028      -2.1324
     113     -99.6267      -2.8406
     114    -124.0312      -3.1002
     115    -135.5000      11.5390
     116    -111.3048       1.3224
     117    -104.6703     -10.5641
     118    -124.1145       1.0533
     119    -118.1025      -3.7324
     120    -138.8731     -13.8412
     121    -125.7063      -0.9439
     122    -126.1961      10.5062
     123    -129.9148     -16.1663
     124    -125.5495     -22.3517
     125    -132.8089     -11.0624
     126    -111.0059      -8.2084
     127    -135.2458      -5.5550
     128    -128.8520     -18.4445
     129    -138.6280      -0.9548
     130    -122.7586     -17.1682
     131    -145.0089      22.7325
     132    -151.4750       4.1248
     133    -138.0197     -18.6534
     134    -133.3801     -19.8932
     135    -134.6368     -23.5502
     136    -133.3000     -19.2951
     137    -142.9035      -8.1084
     138    -130.3309       3.1591
     139    -137.9493     -17.0039
     140    -143.5389      -8.2534
     141    -142.0858       8.2150
     142    -147.5360      -1.0590
     143    -141.9364       6.0536
     144    -160.8075       9.2925
     145    -139.1027       4.5465
     146    -113.2910     -21.1609
     147    -146.1022     -14.5552
     148    -135.6356     -12.4647
     149    -108.1252      -4.6506
     150    -138.7990     -23.8273
     151    -136.4694      -6.6159
     152    -110.5133      -9.9844
     153    -129.1703     -21.9941
     154    -119.1685     -22.4151
     155    -131.6062       4.0937
     156    -137.6346      -4.1694
     157    -123.4194       3.3505
     158    -153.4955     -21.8096
     159    -145.7147      11.1477
     160    -138.3646     -22.5190
     161    -141.3303     -17.0893
     162    -141.5474      -4.9503
     163    -143.8196       1.2527
     164    -148.3828       1.4134
     165    -126.5208      -6.2208
     166    -124.3237       1.6849
     167    -129.1457      -4.5457
     168     -98.7627     -10.6844
     169    -123.7418      15.5239
     170    -125.6430       0.2562
     171    -109.6403      -7.2283
     172    -129.8006     -11.7776
     173    -128.9886     -13.0432
     174    -129.5985       2.8466
     175    -143.7961       9.2488
     176    -131.8058      -7.5163
     177    -156.1064       3.0265
     178    -141.8117     -23.9267
     179    -129.1987      11.9717
     180    -106.5623     -10.1605
     181    -130.4700     -20.0708
     182    -135.1161       3.5938
     183    -119.5534      -7.0684
     184    -141.8686     -17.0648
     185    -141.8504      -7.7758
     186    -119.9358      -1.2412
     187    -112.9733       1.3195
     188    -117.2064      11.3495
     189    -143.8796      -3.8607
     190    -145.8608      -5.3309
     191    -118.6779      -4.8957
     192    -151.0798      -1.0268
     193    -131.9727      -2.1144
     194    -155.2344      -6.9525
     195    -138.0444       7.8969
     196    -128.0974       3.5816
     197    -143.0723     -13.0335
     198    -150.4004      -3.7242
     199    -126.7000      -5.8537
     200    -141.3137      -4.7313
     201    -130.7552      -1.9891
     202    -118.6894       3.9251
     203    -132.3294     -12.6061
     204    -107.1386      -9.7137
     205    -132.7821       3.1472
     206    -129.8425      -2.2580
     207    -128.6858      -2.4724
     208    -146.7331      -6.6867
     209    -140.4876       7.5646
     210    -127.1430     -12.6037
     211    -117.9686       3.9078
     212    -121.0551      -0.7600
     213    -120.2751       5.8550
     214    -105.9286       6.3432
     215    -108.9546       5.6189
     216     -86.6593     -14.0518
     217     -97.9758     -10.4109
     218     -85.0546     -11.3051
     219    -108.9188     -11.9419
     220    -106.6976      -8.1552
     221    -129.5991       0.2817
     222     -88.5898      -8.0169
     223    -116.3829      -8.3765
     224     -97.4667       5.9400
     225    -108.2915     -21.0976
     226     -99.3769       6.4823
     227    -130.7270      -2.3160
     228    -108.9102      -3.8391
     229    -113.1413       4.1228
     230    -109.7338       1.3109
     231    -131.9393       0.3090
     232    -118.4269      -5.0845
     233    -106.4531     -37.7585
     234    -113.4078       4.7389
     235    -107.4408      -5.6460
     236    -120.9116     -12.6950
     237    -122.1137       1.6043
     238    -102.1511       1.1792
     239    -103.0482      -0.4805
     240    -122.4230       2.3782
     241    -109.0183       2.1422
     242    -113.6948       3.9631
     243    -111.7437      -9.9868
     244    -117.1379     -16.4474
     245    -114.6205       2.4607
     246     -92.3316      -7.2124
     247    -125.9836       5.2340
     248    -101.2996       5.3114
     249    -133.6739      -1.2933
     250    -114.2283       0.5723
     251    -122.4213      -9.6628
     252    -126.0373       2.2463
     253    -104.3864      -7.9567
     254    -126.8210      -0.1515
     255    -111.3733      -6.8882
     256    -108.5464     -19.7979
     257    -114.9721      -6.1385
     258    -114.7972      19.3077
     259    -123.2748       4.5760
     260    -130.9909     -12.7751
     261    -115.5932       3.5234
     262    -111.4724     -23.7055
     263    -122.0969       7.9341
     264    -123.8180      -2.9610
     265     -99.7853      -6.6291
     266    -122.7937      -9.2296
     267    -114.1650       5.8883
     268    -124.8256       6.9038
     269    -129.9879      -0.7481
     270     -85.9664       2.0341
     271    -121.1376      -0.7632
     272    -101.7946       8.6754
     273    -106.5126       8.8532
     274    -100.5608       5.9239
     275    -108.1462      -1.9468
     276    -105.9985      -5.2174
     277    -118.2390      -0.4792
     278    -104.5877      -4.0933
     279    -112.4225     -15.7799
     280    -111.4681       7.6745
     281    -102.7821       4.4317
     282    -115.0921     -16.4827
     283    -104.1005      -7.0186
     284    -134.0807     -17.9411
     285    -116.2313       2.1162
     286    -125.4267      -4.9868
     287    -113.3946      -8.8608
     288    -113.8980      -6.0106
     289    -114.0335       4.2267
     290    -115.9276     -14.9026
     291    -124.9585      -4.4090
     292    -130.0626       2.9953
     293    -122.8828      -3.4105
     294    -119.7987      -3.8355
     295    -119.7165      -9.3314
     296    -121.0204      -5.5870
     297    -106.9582       2.2538
     298    -107.0098      -7.0586
     299    -124.5652      -5.8376
     300    -119.2838      -8.8823
     301    -132.2010     -12.2257
     302    -128.6433     -12.1618
     303    -117.4066       4.8944
     304    -133.8523      16.6326
     305    -142.7990     -13.9483
     306    -135.1545      12.0578
     307    -148.1866     -10.5517
     308    -128.0379       0.1095
     309    -129.9089       5.5204
     310    -143.2756       1.1197
     311    -117.4455      -8.2196
     312    -120.8584      18.5151
     313    -144.3318     -16.2878
     314    -137.9152       2.0661
     315    -136.7525       3.2808
     316    -143.4471      -0.8274
     317    -136.4877       2.1590
     318    -107.5742     -20.5362
     319    -109.5570       0.9931
     320    -140.4866      -0.4497
     321    -126.4722      11.7249
     322    -121.3391      -8.9235
     323    -103.7148       5.1268
     324    -119.3305      -9.9509
     325    -122.5602     -16.4805
     326    -138.8144       3.0678
     327    -129.9387      -8.4797
     328    -120.3594     -19.0893
     329    -121.3507     -17.5707
     330     -93.6400      -4.1673
     331    -107.1316      -0.3320
     332    -118.1126      -2.1425
     333     -99.6351       2.0275
     334     -82.8472      -4.3382
     335    -108.6033     -10.0569
     336    -102.0840       9.8408
     337    -106.3528      -1.5851
     338     -87.2737      -5.5218
     339     -91.5991      -1.7205
     340     -99.0617       7.1626
     341    -102.0840      -2.5689
     342    -132.8240      -3.0927
     343    -104.3620       1.4990
     344    -108.7032      -2.9002
     345    -120.3332     -14.6506
     346    -118.0902       0.1891
     347    -114.5134      10.5061
     348    -104.3439      -7.4726
     349     -92.8394       9.1959
     350    -110.1837       5.8666
     351     -90.6625      11.4973
     352    -106.4314       8.9513
     353     -97.0694       2.3285
     354     -89.3361       7.4638
     355    -101.5938      -4.6974
     356    -113.0071      11.8012
     357    -100.8807       6.2367
     358     -92.4954     -23.9091
     359    -102.1623      -3.5955
     360    -102.9706     -10.7213
     361    -114.2367      13.0013
     362    -107.6664      10.3807
     363     -85.9219      -8.5943
     364    -119.0256       3.8339
     365     -99.2713     -17.1259
     366    -116.3599       8.0570
     367    -121.5152       4.4133
     368    -111.1029      -0.9892
     369    -109.2811       4.7550
     370    -114.8241      16.1716
     371    -114.3483      10.0288
     372    -132.6026      -1.2260
     373    -102.2383       5.3971
     374    -105.7849      12.2517
     375     -92.1927      -0.8632
     376    -109.7734      24.3387
     377    -105.8593      -1.5461
     378    -126.0935       1.6515
     379    -117.6420      -1.0308
     380    -111.2448     -13.3002
     381     -93.0731      -1.1826
     382    -112.3949      -3.4378
     383     -91.2355      -2.6795
     384    -115.2943      -5.1169
     385    -122.5265     -15.2775
     386    -127.4699     -10.6728
     387    -123.4837      -5.2907
     388    -125.0275      -1.0994
     389    -140.0043     -22.8666
     390    -118.1292       6.7981
     391    -138.3266     -31.9197
     392    -123.6908     -31.0379
     393    -138.0175     -18.8635
     394    -121.0394      -6.1198
     395    -127.2560     -10.2538
     396    -117.0653     -30.1710
     397    -133.6835       1.6402
     398    -142.6016     -15.8183
     399    -123.1796     -17.7117
     400    -134.5901       1.8596
     401    -129.9800     -20.5690
     402    -147.8836       1.4134
     403    -122.5037     -10.4532
     404    -142.4676       1.2809
     405    -128.6690       4.0080
     406    -130.5442     -14.0522
     407    -106.1304     -23.4352
     408    -123.8373       9.7592
     409    -137.0160      -5.3173
     410    -133.0833       2.5692
     411    -120.1088     -11.2352
     412    -117.8107     -14.2923
     413    -126.4893      -4.2854
     414    -115.8410     -30.4382
     415    -124.4292     -16.2283
     416    -126.9075      -1.2412
     417    -129.5710       1.4557
     418    -129.2684     -12.3330
     419    -123.6080      -5.9183
     420    -130.9526       2.7110
     421    -123.8625     -12.5649
     422    -132.8512       6.2009
     423    -139.3903      -2.5632
     424    -144.1714     -11.3667
     425    -129.4609      -3.9664
     426    -130.7196     -15.3472
     427    -116.5237     -20.5601
     428    -132.2849     -16.4913
     429    -126.0712     -19.1018
     430    -125.5595     -32.3065
     431    -132.9642     -26.2898
     432    -132.6160       5.8476
     433    -138.4839      -1.7501
     434    -120.3951     -11.3862
     435    -110.3510      -4.5428
     436    -134.8106     -24.4603
     437    -122.9741     -33.6365
     438    -136.5945      -0.1630
     439    -128.8366      -9.9352
     440    -133.6053       3.0107
     441    -140.0895      -4.2091
     442    -119.7328      -5.6305
     443    -122.7459      -6.8618
     444    -132.4572       2.3215
     445    -130.2536      -8.8572
     446    -128.0700       1.6421
     447    -105.5440      -5.9528
     448    -125.7409      11.8102
     449    -131.7124     -24.5168
     450    -128.9386      -1.1200
     451    -130.6684      -1.8027
     452    -129.4354     -10.6599
     453    -121.1661      -4.1912
     454    -134.3034     -12.5453
     455    -140.1571       8.7425
     456    -132.3843      -8.4907
     457    -138.6605       3.7826
     458    -133.1643      -0.8078
     459    -122.9348      -8.0998
     460    -124.1423      -3.2593
     461    -126.4531       0.6026
     462    -122.7924       6.8532
     463    -135.6403     -14.8078
     464    -127.5411     -22.3445
     465    -125.1992      -3.3803
     466    -133.7698       0.4266
     467    -122.2946     -10.2883
     468    -106.7319     -18.2620
     469    -123.7553     -15.5635
     470    -130.9388      -6.9296
     471    -136.2604     -27.2381
     472    -110.5226       0.6899
     473    -134.4758      -7.7574
     474    -131.9154     -17.0391
     475    -149.1591       3.5699
     476    -125.9236     -19.1336
     477    -130.9691       4.6451
     478    -139.0257      -8.1460
     479    -121.3416     -11.3670
     480    -129.5727      -8.7765
     481    -137.9148     -14.8004
     482    -130.2606     -10.6568
     483    -128.5326       7.3897
     484    -102.7680      -0.5909
     485    -123.2590       2.2053
     486    -125.4478       3.8415
     487    -134.1241     -24.5699
     488    -138.2378       0.1070
     489    -124.2054       6.9733
     490    -129.9135     -15.0925
     491    -120.6162     -12.9791
     492    -125.8395      -8.8974
     493    -104.1427      -7.2067
     494    -127.2141      -2.1969
     495    -136.0187      -1.8032
     496    -119.2444       8.3099
     497    -135.8242       7.2677
     498    -139.5251     -29.8635
     499    -129.2695     -10.4686
     500    -120.6170      -7.5480
     501    -137.4834      -7.6813
     502    -127.6352       5.4804
     503    -129.0194       2.9602
     504    -129.3416     -12.6833
     505    -121.7836       1.7522
     506    -138.2625      -2.2011
     507    -123.9173      -8.9448
     508    -130.8688      -3.8681
     509    -128.5941      -4.2331
     510    -112.6181     -14.2089
     511    -119.9592     -12.5164
     512    -142.1244      -5.5389
     513    -125.6746      -9.3342
     514    -139.4149      -4.3874
     515    -142.2242      -2.3341
     516    -120.6812     -24.5660
     517    -123.9722     -15.3534
     518    -143.0873      -0.0066
     519    -119.7667     -23.6702
     520    -134.9098       6.1445
     521    -132.5815      -9.1360
     522    -136.9150      -4.6873
     523    -127.7344     -11.1176
     524    -126.4906       9.7581
     525    -122.3683      -4.5394
     526    -141.3336      -4.4067
     527    -125.2107      12.4258
     528    -124.7650      -0.3624
     529    -133.3369       2.5497
     530    -115.6011     -27.1426
     531    -121.4101     -17.5522
     532    -135.1243      -1.1779
     533    -136.6194       2.5204
     534    -117.8190     -20.9868
     535    -140.3539      -0.8921
     536    -135.7368       6.4989
     537    -133.5031      -3.5770
     538    -109.5978     -14.7824
     539    -128.5301      -7.4745
     540    -135.8830     -14.0027
     541    -118.3622     -18.4407
     542    -144.0206     -12.8163
     543    -122.5679     -24.8566
     544    -143.4557      -5.0096
     545    -131.8873      -8.9269
     546    -112.1500       2.9760
     547    -115.6635      -3.3016
     548    -114.4827     -20.3929
     549    -130.0162       3.9714
     550    -121.1117      -2.9166
     551    -116.8999     -12.8719
     552    -130.4889      -5.5801
     553    -120.1989      -5.2768
     554    -141.5506       4.0368
     555    -109.5283     -12.9948
     556    -147.3109     -17.6344
     557    -115.1843     -18.0553
     558    -138.3037       2.4986
     559    -123.7864     -11.2443
     560    -148.3797      -2.0270
     561    -129.2936     -15.1563
     562    -120.4589      -4.5048
     563    -128.1901      10.6913
     564    -108.1311     -15.0782
     565    -113.2945     -11.3675
     566    -138.2798      -2.8121
     567    -129.3762      -8.1596
     568    -107.6953     -26.3954
     569    -117.9908     -23.0416
     570    -138.6653      -3.9132
     571    -143.0685      14.3178
     572    -139.2149      -5.0287
     573    -126.8105     -14.7991
     574    -137.6448      -5.8556
     575    -124.0872      -0.9345
     576    -125.9455      -2.4398
     577    -149.9937      -8.2529
     578    -116.3187     -16.8584
     579    -126.2119     -16.0905
     580    -120.7623     -13.8698
     581    -117.5712     -18.9943
     582    -116.7464     -11.9853
     583    -126.3267     -13.7953
     584    -104.8723     -18.1113
     585    -115.9498     -18.2707
     586    -128.9924     -20.1798
     587    -141.7674       6.4461
     588    -127.8756      -5.2448
     589    -120.9479      -4.4289
     590    -134.0092      -4.9415
     591    -110.6320     -14.8780
     592    -123.4614     -20.9908
     593    -132.8388       1.6042
     594    -117.1993     -24.6177
     595    -127.0811     -25.5417
     596    -122.3360      15.0142
     597    -124.0757      -0.4761
     598    -121.9023     -22.3303
     599     -98.2835     -16.1839
     600    -128.2963      -2.6632
     601    -110.4422      -0.2800
     602    -121.7680      -3.3989
     603    -130.9869      -7.0832
     604    -127.5037     -11.9926
     605    -127.0108     -12.7991
     606    -123.2109     -25.0741
     607    -133.1483      -3.7501
     608    -122.6467     -25.1063
     609    -140.0309     -11.9007
     610    -113.5141      -8.5137
     611    -120.9826      -8.7907
     612    -103.1840       7.9130
     613    -115.7166     -11.8789
     614    -136.7846      -7.3426
     615    -123.0293      -8.9232
     616    -121.6977      -4.1398
     617    -121.6207     -13.1838
     618    -127.9328     -10.4693
     619    -132.5244      -2.8235
     620    -108.0863     -19.4599
     621    -136.0531      -3.0112
     622    -122.4950     -11.8436
     623    -122.0781       0.6111
     624    -125.7600      -0.0804
     625    -115.9442      -4.9067
     626    -131.1743     -10.7675
     627    -112.0531     -17.1155
     628    -110.5184     -14.0278
     629    -130.3111      -5.3440
     630    -131.0393     -17.6997
     631    -120.7970     -19.4473
     632    -123.1235      -4.4087
     633    -122.0894      -1.7504
     634    -112.2337     -10.6622
     635    -118.8413     -14.2358
     636    -118.0722      -0.7424
     637    -121.5162      -7.6610
     638    -118.6817      -1.6604
     639    -104.7485      -4.2953
     640    -120.2900      -4.2773
     641    -128.0359     -15.2608
     642    -124.6658     -19.0446
     643    -120.8086     -21.6168
     644    -111.0019       3.8494
     645    -133.1805     -22.9674
     646    -135.1490      -3.8746
     647    -123.3864      -2.2131
     648    -129.0559      -9.6258
     649    -116.5052     -29.8168
     650    -126.7629      -1.1077
     651    -129.9888      -9.8001
     652    -126.9013       1.3938
     653    -131.2538       4.7212
     654    -136.4269      10.8984
     655    -145.9988      -9.4995
     656    -123.8166     -27.0952
     657    -137.9769     -12.1886
     658    -126.9214     -15.6027
     659    -111.6779     -26.6597
     660    -140.2026     -53.3926
     661    -139.5005     -10.7431
     662    -127.6032     -19.3581
     663    -131.6035       1.8409
     664    -115.9572     -19.5769
     665    -139.7892      -6.4091
     666    -142.5570     -12.3674
     667    -126.5371      -7.5475
     668    -123.3322      -5.8554
     669    -136.0987     -13.4727
     670    -124.2853      -6.2935
     671    -132.9060      -9.9796
     672    -124.3628       4.1182
     673    -125.4884     -31.1604
     674    -127.9818     -13.4041
     675    -125.0557     -11.4385
     676    -134.9124       0.0692
     677    -123.8632     -31.5396
     678    -141.6113      -6.0875
     679    -123.1747     -30.1505
     680    -122.7059     -16.9945
     681    -130.1670     -22.2374
     682    -134.4071     -24.2343
     683    -121.6388     -25.2155
     684    -124.2319     -18.0077
     685    -140.1889       6.6141
     686    -135.7763      -3.1033
     687    -122.7394     -28.4906
     688    -119.8263     -23.3739
     689    -111.6353      -0.5328
     690    -120.2788     -10.8113
     691    -119.5781      -6.1873
     692    -143.5796     -22.5872
     693    -132.3224     -19.6755
     694    -112.7962     -22.8859
     695    -126.1881     -11.8169
     696    -125.2750       8.9494
     697    -128.8500     -19.0797
     698    -114.9305      -8.9058
     699    -116.2946     -45.4103
     700    -140.1783      -2.6028
     701    -117.8118     -13.8394
     702    -122.4382     -22.7506
     703    -120.9798     -19.1615
     704    -116.9676     -15.5843
     705    -127.6748     -15.2311
     706    -135.0294      -2.7075
     707    -142.5157     -15.8917
     708    -128.8454      -9.0452
     709    -105.4356     -22.9453
     710    -134.5463      -1.3091
     711    -132.4338      -4.2718
     712    -124.8905       2.4273
     713    -118.0955     -21.0480
     714    -120.8447      18.8473
     715    -125.3495     -17.7999
     716    -130.7604     -18.0771
     717    -117.1701      -9.6993
     718    -123.5427      -9.9053
     719    -115.2776     -29.4304
     720    -117.4530     -13.2553
     721    -133.2010     -11.4654
     722    -125.7777      -4.9012
     723    -119.3046     -14.2565
     724    -128.7857      -9.4474
     725    -133.3351       5.8605
     726    -115.6857      -7.8071
     727    -131.9786      -1.0579
     728    -112.6577     -14.8463
     729    -135.8743     -12.8682
     730    -139.3951     -11.2730
     731    -138.0621      -7.2260
     732    -124.3986     -20.8202
     733    -128.0820     -11.6737
     734    -102.2289     -24.5860
     735    -140.2128     -17.7327
     736    -130.3643      11.3536
     737    -119.0355     -10.5276
     738    -129.0248       8.0387
     739    -119.3898      -8.7659
     740    -118.6724     -11.3545
     741    -117.8410     -12.5953
     742    -112.5072     -33.1422
     743    -121.6434     -16.1826
     744    -109.8864     -23.6741
     745    -111.1961     -21.8994
     746    -121.4000     -22.6875
     747    -120.1893     -25.7882
     748    -114.3382     -10.3467
     749    -117.2511       1.7149
     750    -110.5022     -26.5870
     751    -128.7143     -17.5505
     752    -111.7653     -21.8605
     753    -119.6882     -15.8637
     754    -139.0806      -4.3461
     755    -104.4812      -9.8644
     756    -151.3707     -24.6467
     757    -143.7243      -7.7343
     758    -122.2376     -17.3057
     759    -132.1514     -12.7230
     760    -123.9754     -10.9665
     761    -106.6790     -27.7066
     762    -131.4023       5.2139
     763    -133.9763      10.4620
     764    -122.2190      -8.4716
     765    -126.0408     -19.8100
     766    -116.5970     -24.2120
     767    -135.7010      -3.6526
     768    -114.2565     -21.2941
     769    -140.0426      -8.8096
     770    -117.3293     -15.5421
     771    -126.0425      -4.0329
     772    -132.2215     -17.0152
     773    -112.0295     -14.8844
     774    -112.8436     -26.9144
     775    -119.1510     -13.5562
     776    -126.6532      -0.8421
     777    -125.1610       0.4264
     778    -138.2309       7.4346
     779    -124.1128      -6.6142
     780    -130.0526      -5.2341
     781    -129.6979     -13.3597
     782    -117.4347     -14.1480
     783    -134.3420      -5.1777
     784    -138.3097      -4.5707
     785    -146.0011     -14.5549
     786    -131.0329      -3.1725
     787    -116.3290     -15.2098
     788    -135.4307     -13.3610
     789    -135.5453      -9.7270
     790    -144.5671     -14.3679
     791    -120.0626     -24.4227
     792    -127.2867     -21.8909
     793    -120.2533      -9.5147
     794    -140.7521       1.2877
     795    -133.3087     -18.0145
     796    -115.5375     -17.3035
     797    -132.2616       2.1692
     798    -119.3359       1.4060
     799    -155.8468     -11.1137
     800    -131.2435      -3.8070
     801    -136.1840      -9.0887
     802    -125.5972       3.2227
     803    -139.5518      -7.9068
     804    -119.2390     -13.0839
     805    -120.4789      -9.2338
     806    -117.8228     -23.1806
     807    -116.7102     -10.5200
     808    -123.2403     -19.5411
     809    -127.8578      -5.1667
     810    -143.8882     -10.5789
     811    -122.6936      -2.2845
     812    -132.4122      -4.3317
     813    -138.7646     -10.3487
     814    -137.3889      -2.4642
     815    -140.8683     -26.3557
     816    -131.9267     -17.8865
     817    -118.8818      -4.6092
     818    -111.1676     -14.8886
     819    -141.6554      -8.8595
     820    -120.5311      -4.7575
     821    -130.1782     -14.9056
     822    -128.5037     -18.3321
     823    -129.0932     -15.6196
     824    -135.1746      -1.7085
     825    -116.0963     -12.2787
     826    -129.7268     -17.8749
     827    -135.4168     -15.9052
     828    -125.9928      -4.9794
     829    -127.9377     -11.2933
     830    -124.8863     -10.4197
     831    -111.2593       3.8044
     832    -141.7403     -12.6335
     833    -101.8661     -27.7340
     834    -133.7993      -1.2009
     835    -124.3780      11.5277
     836    -139.3789      -0.4108
     837    -129.0171       5.3768
     838    -125.8525     -10.9870
     839    -120.8902      -0.3867
     840    -120.4418     -11.6856
     841    -131.2780     -15.4262
     842    -131.1789     -16.3992
     843    -112.0674      -1.2705
     844    -118.2563      -8.8946
     845    -114.0246     -29.0546
     846    -124.3739     -30.4018
     847    -127.9464     -16.3412
     848    -117.9550     -12.0314
     849    -132.6672      -3.4935
     850    -121.3171     -10.1088
     851    -122.4360      -0.8216
     852    -112.1614      -3.9542
     853    -133.2744      -4.1726
     854    -125.2174     -20.2229
     855    -139.1642      -7.1300
     856    -125.9862      -4.7613
     857    -116.2477       5.2570
     858    -118.8401      -4.9569
     859    -121.1140      -3.5255
     860    -132.4495       4.9330
     861    -132.4553      -6.4330
     862    -138.5631      -3.5804
     863    -125.1906      -8.7432
     864    -131.1562      -8.3046
     865    -132.8656     -13.4435
     866    -110.3782     -22.6556
     867    -114.3369     -12.4076
     868    -136.4668      10.8150
     869    -121.2063     -10.2571
     870    -117.3892     -18.6844
     871    -136.2126       6.2171
     872    -120.9623      11.6282
     873    -121.8881     -14.1872
     874    -111.5852     -15.1442
     875    -132.7948      -7.2011
     876    -144.8874      14.9708
     877    -141.0355      -7.0467
     878    -150.8049      -3.0457
     879    -137.7568     -20.8999
     880    -153.2174      -5.8666
     881    -121.2488       1.5039
     882    -138.5663     -30.2614
     883    -129.3041       2.1988
     884    -113.7795      -1.0249
     885    -133.1524     -18.9378
     886    -115.6833      -3.5334
     887    -121.6230     -20.2969
     888    -119.5829      -7.0305
     889    -147.9245     -14.6945
     890    -130.4217      -3.7487
     891    -134.4271      -2.1926
     892    -137.1930      -6.9246
     893    -111.4097     -15.9994
     894    -125.4645       5.8740
     895    -137.4287      -1.3820
     896    -141.8295      14.6748
     897    -120.0581     -16.1755
     898    -122.1901     -14.9557
     899    -109.4831     -10.2709
     900    -133.5279     -11.3961
     901    -142.2686       6.7884
     902    -142.5051       1.8914
     903    -132.6658     -14.7100
     904    -128.1800       5.6299
     905    -130.0975      -3.6559
     906    -139.9347       4.6740
     907    -110.4607     -16.3596
     908    -117.2317      -3.0749
     909    -120.4726       4.8499
     910    -120.7228     -19.7495
     911    -117.2348      -2.9227
     912    -119.8717     -11.3852
     913    -119.8590     -11.1278
     914    -126.2279     -12.2989
     915    -146.2217      -6.4601
     916    -138.3704      -4.8467
     917    -150.4937     -12.8235
     918    -119.6879      -6.6821
     919    -131.5634      -5.7426
     920    -121.4342       0.6518
     921    -139.2150       7.2046
     922    -123.3773       4.7351
     923    -142.1562      -5.4914
     924    -128.9509      -6.9793
     925    -116.8563      -3.5186
     926    -148.8318      -3.0624
     927    -102.0800      -7.2774
     928    -111.9379     -20.3464
     929    -105.4714     -12.4205
     930    -113.3334      -6.6048
     931    -125.2153     -12.5435
     932    -112.5286      -8.3998
     933    -121.5096       9.4521
     934    -109.3569      -5.8946
     935    -137.8162     -13.1102
     936    -122.7452       0.1912
     937    -137.5723       4.6791
     938    -106.7966     -15.5700
     939    -127.1951      -8.1297
     940    -124.5043      -4.4378
     941    -130.7640     -10.7018
     942    -132.3484      -5.6343
     943    -107.2392     -18.4769
     944    -126.3249       9.0115
     945    -132.9135      -4.1080
     946    -121.7832      -9.5118
     947    -130.8708      11.7091
     948    -137.3697       4.8751
     949    -120.7111       6.2454
     950    -122.6003      -6.2598
     951    -137.1643       2.3399
     952    -113.9376      14.3360
     953    -100.7877      -6.5953
     954    -136.9725     -12.5701
     955    -120.0796     -10.0688
     956    -137.6954      -2.7326
     957    -121.9160     -28.3704
     958    -135.2609      -7.3892
     959    -142.5860     -13.3030
     960    -116.7109      -0.8517
     961    -121.2385     -28.1733
     962    -125.6166       9.3935
     963    -146.1446      13.4951
     964    -124.7888     -15.8011
     965    -125.1536      -7.3704
     966    -138.4011      -4.7020
     967    -114.6654     -16.7583
     968    -141.9569       2.9474
     969    -119.1409       0.6069
     970    -103.0861     -12.1829
     971    -131.6450       0.3237
     972    -115.5320      -4.9039
     973    -123.1634       3.0359
     974    -109.7160     -17.1430
     975    -125.9194      -8.6538
     976    -129.0954     -15.9796
     977    -115.4217      -1.2483
     978    -138.6651      -7.9928
     979    -127.8469      -5.8930
     980    -135.0434     -18.7818
     981    -117.4668     -23.7249
     982    -119.0294     -17.4491
     983    -117.8854     -26.4808
     984    -104.4426      -6.1671
     985    -119.2792      -6.0750
     986    -127.4467      -5.2341
     987    -127.7880      -1.8921
     988    -123.6547     -17.1219
     989    -122.7448       2.3401
     990    -131.0287       8.5996
     991    -113.9908      -9.1061
     992    -108.3174      -4.7139
     993    -123.1734     -19.7746
     994    -120.6945      22.7792
     995    -134.3602      -5.4829
     996    -130.6933      -3.8417
     997    -107.9408     -20.7150
     998    -134.4019      -3.1119
     999    -138.4723      12.9859
    1000    -113.7038       4.7081
