#Frame     NC[native] NC[nonnative]
       1         6087          1269
       2         5834          1298
       3         5851          1338
       4         5851          1281
       5         5883          1321
       6         5829          1284
       7         5886          1357
       8         5756          1440
       9         5751          1522
      10         5673          1514
      11         5723          1456
      12         5685          1480
      13         5747          1443
      14         5613          1446
      15         5587          1403
      16         5658          1417
      17         5726          1378
      18         5661          1438
      19         5698          1497
      20         5739          1568
      21         5686          1613
      22         5738          1504
      23         5706          1554
      24         5732          1488
      25         5689          1427
      26         5563          1505
      27         5709          1491
      28         5774          1571
      29         5539          1596
      30         5586          1434
      31         5589          1454
      32         5663          1520
      33         5694          1579
      34         5686          1448
      35         5657          1473
      36         5681          1501
      37         5634          1609
      38         5620          1578
      39         5576          1584
      40         5651          1521
      41         5712          1548
      42         5600          1589
      43         5707          1478
      44         5472          1535
      45         5532          1525
      46         5527          1569
      47         5545          1636
      48         5629          1513
      49         5602          1504
      50         5579          1525
      51         5557          1585
      52         5575          1588
      53         5593          1650
      54         5643          1555
      55         5579          1489
      56         5621          1540
      57         5579          1527
      58         5655          1562
      59         5683          1535
      60         5618          1675
      61         5561          1593
      62         5585          1626
      63         5697          1524
      64         5635          1589
      65         5741          1435
      66         5715          1525
      67         5652          1535
      68         5616          1526
      69         5678          1486
      70         5691          1583
      71         5721          1623
      72         5646          1589
      73         5635          1617
      74         5722          1570
      75         5733          1560
      76         5692          1574
      77         5694          1522
      78         5722          1594
      79         5619          1635
      80         5626          1559
      81         5654          1554
      82         5646          1578
      83         5600          1585
      84         5596          1611
      85         5646          1549
      86         5648          1720
      87         5624          1553
      88         5565          1581
      89         5662          1506
      90         5611          1515
      91         5604          1632
      92         5645          1485
      93         5550          1543
      94         5580          1684
      95         5543          1609
      96         5500          1532
      97         5538          1699
      98         5558          1510
      99         5700          1483
     100         5708          1635
     101         5698          1468
     102         5615          1525
     103         5662          1526
     104         5638          1626
     105         5721          1569
     106         5755          1437
     107         5696          1514
     108         5721          1598
     109         5727          1569
     110         5735          1591
     111         5714          1509
     112         5747          1511
     113         5671          1587
     114         5627          1568
     115         5681          1609
     116         5616          1594
     117         5719          1458
     118         5741          1495
     119         5686          1471
     120         5742          1461
     121         5678          1511
     122         5561          1566
     123         5539          1668
     124         5542          1587
     125         5701          1587
     126         5703          1586
     127         5647          1587
     128         5641          1531
     129         5709          1635
     130         5603          1539
     131         5682          1576
     132         5681          1496
     133         5663          1434
     134         5583          1561
     135         5680          1482
     136         5668          1453
     137         5573          1566
     138         5625          1557
     139         5645          1561
     140         5615          1703
     141         5618          1711
     142         5614          1575
     143         5666          1546
     144         5546          1531
     145         5586          1572
     146         5647          1517
     147         5763          1595
     148         5597          1471
     149         5584          1516
     150         5658          1612
     151         5531          1743
     152         5549          1661
     153         5632          1531
     154         5580          1627
     155         5615          1458
     156         5677          1502
     157         5648          1518
     158         5556          1527
     159         5654          1478
     160         5607          1622
     161         5641          1444
     162         5646          1564
     163         5642          1608
     164         5603          1490
     165         5509          1498
     166         5681          1396
     167         5646          1470
     168         5667          1585
     169         5572          1550
     170         5629          1540
     171         5675          1536
     172         5587          1528
     173         5645          1456
     174         5635          1481
     175         5627          1430
     176         5611          1495
     177         5564          1620
     178         5662          1521
     179         5688          1469
     180         5669          1447
     181         5651          1525
     182         5737          1496
     183         5711          1543
     184         5688          1648
     185         5634          1619
     186         5627          1675
     187         5663          1575
     188         5620          1609
     189         5721          1488
     190         5622          1466
     191         5585          1665
     192         5643          1571
     193         5608          1528
     194         5581          1520
     195         5681          1480
     196         5660          1602
     197         5766          1598
     198         5703          1526
     199         5639          1480
     200         5622          1584
     201         5486          1652
     202         5526          1702
     203         5544          1640
     204         5509          1499
     205         5520          1610
     206         5519          1696
     207         5541          1595
     208         5598          1622
     209         5593          1578
     210         5584          1477
     211         5510          1484
     212         5476          1536
     213         5555          1419
     214         5556          1536
     215         5554          1603
     216         5422          1660
     217         5527          1602
     218         5490          1601
     219         5376          1702
     220         5498          1611
     221         5381          1590
     222         5428          1751
     223         5460          1606
     224         5521          1550
     225         5442          1613
     226         5443          1808
     227         5414          1671
     228         5374          1671
     229         5484          1682
     230         5458          1682
     231         5414          1640
     232         5443          1599
     233         5455          1647
     234         5447          1554
     235         5424          1751
     236         5484          1590
     237         5517          1724
     238         5541          1537
     239         5462          1738
     240         5637          1571
     241         5492          1531
     242         5582          1531
     243         5533          1729
     244         5555          1723
     245         5594          1651
     246         5490          1572
     247         5451          1622
     248         5452          1671
     249         5447          1599
     250         5488          1656
     251         5518          1662
     252         5559          1688
     253         5585          1597
     254         5378          1665
     255         5455          1604
     256         5488          1581
     257         5397          1645
     258         5440          1623
     259         5452          1739
     260         5444          1588
     261         5454          1911
     262         5491          1659
     263         5411          1726
     264         5505          1756
     265         5681          1605
     266         5565          1628
     267         5567          1685
     268         5507          1673
     269         5558          1626
     270         5470          1593
     271         5593          1607
     272         5562          1645
     273         5545          1656
     274         5479          1690
     275         5466          1768
     276         5546          1776
     277         5536          1680
     278         5594          1582
     279         5577          1603
     280         5508          1663
     281         5632          1705
     282         5490          1765
     283         5666          1714
     284         5439          1710
     285         5579          1656
     286         5463          1638
     287         5539          1569
     288         5484          1719
     289         5646          1625
     290         5601          1610
     291         5515          1601
     292         5538          1600
     293         5558          1557
     294         5488          1651
     295         5513          1687
     296         5638          1662
     297         5460          1626
     298         5584          1535
     299         5580          1662
     300         5618          1562
     301         5598          1662
     302         5451          1660
     303         5514          1616
     304         5423          1611
     305         5470          1574
     306         5508          1639
     307         5542          1622
     308         5423          1678
     309         5516          1650
     310         5618          1528
     311         5606          1528
     312         5551          1642
     313         5619          1543
     314         5484          1635
     315         5572          1495
     316         5574          1469
     317         5507          1513
     318         5489          1719
     319         5564          1678
     320         5657          1611
     321         5582          1727
     322         5628          1629
     323         5577          1728
     324         5569          1677
     325         5664          1750
     326         5517          1795
     327         5616          1772
     328         5623          1616
     329         5645          1663
     330         5542          1641
     331         5570          1755
     332         5644          1660
     333         5625          1595
     334         5689          1596
     335         5689          1723
     336         5614          1733
     337         5606          1677
     338         5637          1670
     339         5651          1615
     340         5632          1670
     341         5493          1686
     342         5605          1745
     343         5455          1725
     344         5557          1576
     345         5605          1717
     346         5558          1711
     347         5521          1647
     348         5638          1747
     349         5602          1626
     350         5584          1725
     351         5653          1662
     352         5717          1648
     353         5528          1628
     354         5657          1586
     355         5645          1582
     356         5678          1701
     357         5579          1629
     358         5590          1584
     359         5703          1681
     360         5585          1734
     361         5553          1575
     362         5510          1661
     363         5534          1779
     364         5534          1535
     365         5562          1546
     366         5535          1624
     367         5490          1704
     368         5499          1741
     369         5523          1544
     370         5471          1709
     371         5444          1666
     372         5517          1535
     373         5425          1554
     374         5500          1574
     375         5530          1542
     376         5486          1598
     377         5527          1646
     378         5592          1701
     379         5551          1772
     380         5511          1706
     381         5494          1745
     382         5603          1718
     383         5451          1651
     384         5491          1564
     385         5468          1651
     386         5493          1783
     387         5468          1734
     388         5441          1755
     389         5420          1747
     390         5510          1755
     391         5501          1774
     392         5425          1761
     393         5442          1789
     394         5557          1702
     395         5501          1848
     396         5456          1843
     397         5341          1738
     398         5429          1793
     399         5492          1848
     400         5430          1764
     401         5408          1656
     402         5410          1905
     403         5502          1677
     404         5524          1742
     405         5410          1777
     406         5458          1764
     407         5469          1846
     408         5368          1797
     409         5373          1850
     410         5486          1794
     411         5397          1722
     412         5423          1700
     413         5460          1738
     414         5359          1681
     415         5336          1764
     416         5352          1842
     417         5339          1814
     418         5369          1755
     419         5449          1661
     420         5453          1794
     421         5445          1728
     422         5456          1759
     423         5524          1802
     424         5482          1757
     425         5373          1762
     426         5481          1801
     427         5435          1804
     428         5481          1734
     429         5419          1661
     430         5376          1755
     431         5448          1741
     432         5508          1759
     433         5422          1631
     434         5372          1721
     435         5457          1644
     436         5607          1687
     437         5505          1626
     438         5492          1894
     439         5522          1743
     440         5455          1773
     441         5507          1699
     442         5493          1763
     443         5513          1709
     444         5546          1755
     445         5460          1794
     446         5490          1756
     447         5443          1665
     448         5469          1680
     449         5491          1852
     450         5408          1884
     451         5427          1799
     452         5434          1850
     453         5462          1766
     454         5419          1829
     455         5360          1847
     456         5314          1776
     457         5471          1865
     458         5491          1729
     459         5371          1815
     460         5349          1869
     461         5430          1791
     462         5391          1742
     463         5448          1651
     464         5320          1735
     465         5429          1722
     466         5388          1755
     467         5396          1831
     468         5387          1833
     469         5407          1826
     470         5440          1831
     471         5407          1766
     472         5387          1807
     473         5437          1762
     474         5484          1832
     475         5346          1829
     476         5413          1828
     477         5454          1821
     478         5375          1761
     479         5384          1739
     480         5470          1766
     481         5412          1718
     482         5430          1684
     483         5447          1847
     484         5323          1751
     485         5427          1799
     486         5453          1845
     487         5382          1823
     488         5481          1773
     489         5427          1793
     490         5353          1705
     491         5413          1724
     492         5420          1691
     493         5326          1758
     494         5307          1771
     495         5280          1737
     496         5325          1760
     497         5350          1749
     498         5340          1731
     499         5346          1802
     500         5309          1819
     501         5428          1829
     502         5365          1767
     503         5360          1796
     504         5395          1843
     505         5257          1786
     506         5230          1867
     507         5330          1826
     508         5349          1822
     509         5371          1880
     510         5415          1748
     511         5427          1810
     512         5445          1816
     513         5383          1815
     514         5431          1844
     515         5434          1777
     516         5408          1715
     517         5397          1718
     518         5427          1772
     519         5338          1771
     520         5369          1787
     521         5448          1762
     522         5383          1753
     523         5390          1798
     524         5427          1771
     525         5385          1735
     526         5433          1736
     527         5423          1781
     528         5394          1703
     529         5464          1713
     530         5352          1724
     531         5361          1842
     532         5384          1666
     533         5260          1755
     534         5430          1749
     535         5421          1844
     536         5276          1966
     537         5383          1718
     538         5463          1741
     539         5439          1880
     540         5371          1851
     541         5334          1820
     542         5319          1903
     543         5348          1751
     544         5370          1692
     545         5470          1884
     546         5439          1888
     547         5408          1865
     548         5401          1822
     549         5416          1812
     550         5346          2026
     551         5403          1674
     552         5374          1711
     553         5391          1826
     554         5405          1795
     555         5355          1745
     556         5367          1868
     557         5403          1946
     558         5343          1922
     559         5398          1846
     560         5315          1788
     561         5443          1821
     562         5423          1797
     563         5304          1617
     564         5454          1699
     565         5425          1800
     566         5396          1839
     567         5440          1781
     568         5304          1930
     569         5322          1870
     570         5427          1676
     571         5408          1785
     572         5288          1718
     573         5415          1743
     574         5435          1854
     575         5445          1755
     576         5389          1849
     577         5464          1675
     578         5476          1751
     579         5445          1731
     580         5427          1717
     581         5411          1694
     582         5437          1863
     583         5348          1762
     584         5452          1917
     585         5415          1901
     586         5341          1737
     587         5436          1837
     588         5436          1820
     589         5288          1820
     590         5376          1836
     591         5338          1865
     592         5419          1739
     593         5385          1881
     594         5494          1822
     595         5454          1705
     596         5449          1765
     597         5286          1992
     598         5386          1830
     599         5366          1814
     600         5418          1782
     601         5355          1625
     602         5326          1747
     603         5344          1937
     604         5344          1863
     605         5371          1865
     606         5442          1893
     607         5468          1768
     608         5397          1810
     609         5402          1832
     610         5348          1737
     611         5390          1782
     612         5406          1732
     613         5354          1788
     614         5315          1754
     615         5423          1780
     616         5380          1868
     617         5298          1818
     618         5425          1730
     619         5388          1806
     620         5368          1743
     621         5454          1764
     622         5337          1762
     623         5455          1876
     624         5387          1770
     625         5476          1775
     626         5330          1843
     627         5417          1833
     628         5441          1922
     629         5320          1843
     630         5356          1836
     631         5286          1824
     632         5429          1867
     633         5436          1772
     634         5372          1714
     635         5337          1829
     636         5373          1935
     637         5292          1797
     638         5432          1784
     639         5314          1826
     640         5334          1795
     641         5402          1776
     642         5375          1875
     643         5334          1809
     644         5306          1991
     645         5424          1734
     646         5401          1872
     647         5451          1821
     648         5444          1746
     649         5419          1793
     650         5481          1786
     651         5440          1787
     652         5365          1781
     653         5452          1702
     654         5425          1715
     655         5439          1651
     656         5329          1761
     657         5475          1743
     658         5445          1618
     659         5454          1725
     660         5362          1830
     661         5411          1693
     662         5425          1670
     663         5466          1764
     664         5456          1609
     665         5412          1734
     666         5434          1669
     667         5456          1736
     668         5405          1682
     669         5500          1744
     670         5464          1658
     671         5467          1760
     672         5522          1711
     673         5487          1708
     674         5547          1687
     675         5540          1730
     676         5487          1623
     677         5494          1851
     678         5552          1714
     679         5525          1673
     680         5556          1661
     681         5497          1601
     682         5332          1776
     683         5423          1697
     684         5447          1761
     685         5511          1694
     686         5524          1657
     687         5455          1748
     688         5507          1676
     689         5487          1706
     690         5410          1645
     691         5420          1806
     692         5426          1663
     693         5465          1630
     694         5389          1769
     695         5362          1751
     696         5472          1661
     697         5428          1617
     698         5406          1653
     699         5396          1684
     700         5482          1750
     701         5531          1733
     702         5442          1689
     703         5457          1660
     704         5519          1664
     705         5430          1744
     706         5361          1725
     707         5374          1712
     708         5464          1709
     709         5451          1676
     710         5422          1757
     711         5481          1814
     712         5482          1797
     713         5442          1857
     714         5447          1656
     715         5384          1798
     716         5443          1800
     717         5561          1766
     718         5451          1730
     719         5515          1769
     720         5504          1798
     721         5476          1734
     722         5434          1759
     723         5527          1769
     724         5515          1675
     725         5499          1788
     726         5550          1751
     727         5526          1803
     728         5493          1746
     729         5502          1670
     730         5518          1731
     731         5433          1721
     732         5518          1728
     733         5597          1693
     734         5485          1753
     735         5467          1744
     736         5563          1694
     737         5500          1625
     738         5608          1701
     739         5419          1682
     740         5546          1657
     741         5513          1618
     742         5481          1669
     743         5543          1663
     744         5475          1618
     745         5460          1739
     746         5473          1692
     747         5519          1617
     748         5525          1680
     749         5559          1605
     750         5525          1678
     751         5599          1630
     752         5561          1712
     753         5578          1784
     754         5465          1625
     755         5443          1768
     756         5463          1701
     757         5601          1732
     758         5564          1803
     759         5547          1710
     760         5448          1710
     761         5424          1660
     762         5435          1714
     763         5515          1733
     764         5426          1734
     765         5492          1710
     766         5429          1726
     767         5396          1860
     768         5395          1808
     769         5417          1868
     770         5444          1748
     771         5504          1748
     772         5432          1902
     773         5457          1732
     774         5410          1691
     775         5449          1886
     776         5394          1802
     777         5378          1808
     778         5412          1813
     779         5429          1877
     780         5375          1896
     781         5464          1707
     782         5405          1873
     783         5535          1820
     784         5453          1822
     785         5455          1846
     786         5487          1726
     787         5469          1814
     788         5537          1739
     789         5409          1826
     790         5478          1662
     791         5479          1827
     792         5481          1788
     793         5477          1727
     794         5453          1803
     795         5428          1645
     796         5495          1738
     797         5459          1783
     798         5473          1738
     799         5447          1858
     800         5527          1681
     801         5446          1783
     802         5471          1731
     803         5397          1820
     804         5434          1761
     805         5452          1639
     806         5442          1816
     807         5473          1780
     808         5512          1712
     809         5561          1653
     810         5417          1696
     811         5383          1729
     812         5529          1771
     813         5443          1734
     814         5481          1636
     815         5495          1652
     816         5453          1722
     817         5468          1752
     818         5490          1763
     819         5481          1736
     820         5477          1837
     821         5522          1777
     822         5446          1836
     823         5513          1694
     824         5574          1760
     825         5446          1696
     826         5483          1649
     827         5439          1619
     828         5510          1706
     829         5508          1850
     830         5442          1761
     831         5401          1605
     832         5437          1763
     833         5487          1867
     834         5393          1612
     835         5387          1753
     836         5432          1723
     837         5392          1799
     838         5578          1724
     839         5451          1814
     840         5566          1701
     841         5517          1665
     842         5545          1651
     843         5516          1779
     844         5511          1913
     845         5535          1828
     846         5460          1788
     847         5480          1668
     848         5436          1662
     849         5552          1699
     850         5481          1689
     851         5571          1660
     852         5421          1721
     853         5451          1742
     854         5570          1816
     855         5498          1700
     856         5562          1729
     857         5557          1916
     858         5573          1822
     859         5516          1736
     860         5494          1847
     861         5437          1752
     862         5561          1729
     863         5435          1802
     864         5497          1835
     865         5571          1780
     866         5467          1865
     867         5393          1832
     868         5411          1894
     869         5489          1953
     870         5403          1823
     871         5460          1771
     872         5537          1736
     873         5484          1707
     874         5470          1839
     875         5450          1745
     876         5491          1778
     877         5529          1814
     878         5510          1781
     879         5435          1818
     880         5421          1664
     881         5521          1680
     882         5477          1866
     883         5517          1819
     884         5490          1760
     885         5518          1723
     886         5527          1755
     887         5400          1808
     888         5437          1871
     889         5388          1830
     890         5315          1826
     891         5314          1891
     892         5328          1893
     893         5385          1864
     894         5388          1862
     895         5416          1924
     896         5369          1807
     897         5287          1830
     898         5272          1966
     899         5350          1869
     900         5422          1883
     901         5429          1981
     902         5341          1836
     903         5259          1874
     904         5400          1908
     905         5407          1885
     906         5376          1767
     907         5363          1723
     908         5347          1765
     909         5365          1915
     910         5305          1861
     911         5320          1801
     912         5398          1694
     913         5348          1892
     914         5347          1746
     915         5458          1842
     916         5494          1791
     917         5359          1767
     918         5364          1815
     919         5443          1735
     920         5405          1784
     921         5408          1739
     922         5384          1773
     923         5429          1800
     924         5338          1830
     925         5372          1867
     926         5384          1872
     927         5397          1690
     928         5429          1695
     929         5444          1854
     930         5390          1763
     931         5436          1773
     932         5477          1858
     933         5350          1753
     934         5303          1735
     935         5389          1732
     936         5484          1743
     937         5377          1755
     938         5445          1790
     939         5386          1750
     940         5423          1850
     941         5369          1919
     942         5424          1909
     943         5459          1748
     944         5357          1793
     945         5451          1794
     946         5424          1855
     947         5361          1719
     948         5359          1824
     949         5406          1720
     950         5363          1819
     951         5388          1903
     952         5371          1906
     953         5373          1785
     954         5299          1697
     955         5369          1897
     956         5361          1844
     957         5417          1825
     958         5353          1793
     959         5332          1983
     960         5407          1780
     961         5369          1750
     962         5416          1877
     963         5294          1798
     964         5426          1792
     965         5312          1760
     966         5450          1739
     967         5501          1736
     968         5467          1747
     969         5427          1746
     970         5510          1826
     971         5508          1773
     972         5470          1731
     973         5398          1728
     974         5399          1715
     975         5438          1847
     976         5470          1694
     977         5575          1560
     978         5514          1640
     979         5493          1728
     980         5505          1634
     981         5504          1693
     982         5455          1741
     983         5493          1682
     984         5473          1786
     985         5521          1789
     986         5516          1707
     987         5486          1771
     988         5438          1733
     989         5451          1760
     990         5510          1734
     991         5456          1659
     992         5527          1675
     993         5460          1644
     994         5321          1765
     995         5382          1769
     996         5453          1790
     997         5442          1580
     998         5600          1642
     999         5425          1591
    1000         5501          1607
