#Frame        phi:121      psi:121
       1    -107.8911      -1.2487
       2    -117.7228     -13.1955
       3    -111.9929      -3.1796
       4    -103.6386      -9.7193
       5     -86.1058      -9.1297
       6    -122.8794       2.2497
       7    -118.1460     -29.4970
       8    -117.7349      -6.0152
       9    -100.0098       7.4217
      10    -109.6186     -15.5316
      11    -117.5775      -6.4822
      12    -127.1102      -5.2808
      13    -106.7534       6.5323
      14    -103.0940     -17.8006
      15    -115.8825     -10.6622
      16    -122.9030       1.0060
      17    -117.2855     -14.3138
      18     -98.5060      -2.1917
      19    -109.4358      -8.5898
      20    -121.0738     -16.7011
      21     -98.3279      -8.1239
      22    -113.9628     -11.6954
      23    -110.5615     -19.8042
      24     -98.5732     -15.8516
      25     -92.0554      -6.8858
      26    -115.8804     -20.8101
      27    -115.5688     -26.0911
      28    -111.0231      -9.3696
      29    -115.0328      -8.8398
      30    -118.3506       0.1824
      31    -103.8346      -8.7277
      32    -102.0481     -14.6125
      33    -108.9612     -10.8766
      34     -99.8233      -7.6757
      35    -119.1348     -22.2973
      36    -118.8435       6.0355
      37    -102.5909     -30.5029
      38    -122.7276      -7.9681
      39    -101.1825     -18.5807
      40    -118.5619     -13.4947
      41    -115.0155     -17.5253
      42     -91.0163       2.4970
      43    -112.9687      -7.7173
      44    -115.6971     -16.6271
      45     -96.6782     -46.2884
      46    -103.6523      -3.2534
      47    -101.6998      -5.1603
      48    -105.6221     -14.7617
      49    -119.7092       4.7371
      50    -105.7550     -21.0102
      51    -123.2354     -16.1933
      52    -111.4557       5.2009
      53    -117.4589     -20.5397
      54    -123.5787      -8.8375
      55    -120.4650     -28.1700
      56    -114.6198     -22.1550
      57    -102.5094      -9.6329
      58     -92.3207     -23.0727
      59     -83.2567     -29.1940
      60    -132.1896     -23.1290
      61     -99.4282      -5.5927
      62    -100.7007     -15.8209
      63    -106.1557      -7.5407
      64    -105.8144     -19.6147
      65     -99.5948      -4.6898
      66     -91.5933     -14.9375
      67    -104.0975     -19.7170
      68    -110.9867     -14.0168
      69     -97.2667     -27.8343
      70     -90.4300     -15.1229
      71    -109.0372       2.8740
      72    -109.4856     -21.2167
      73    -123.7725     -16.9764
      74    -104.5112     -19.0312
      75    -100.3903     -17.0309
      76    -107.7123     -22.6349
      77    -107.1710      -3.7448
      78    -110.0038       0.7661
      79     -98.9629     -23.9250
      80    -103.9875     -28.0173
      81     -91.2955     -12.7469
      82    -109.5508     -11.3188
      83     -90.0540     -19.4217
      84    -122.1713     -11.0767
      85    -114.9890     -16.0435
      86    -106.2169     -15.5226
      87     -96.2913     -18.6569
      88    -118.5654       1.7952
      89    -104.3875     -31.4410
      90     -92.9432     -27.4940
      91    -102.5450     -22.8093
      92    -102.6250     -20.8100
      93    -108.4484     -16.2888
      94     -93.4627     -33.7207
      95     -88.2600     -11.9612
      96    -107.6925     -21.3795
      97    -104.3748     -10.5665
      98    -100.1040      -5.2954
      99    -111.4354      -6.1587
     100    -122.9075       5.2508
     101    -104.7775     -10.4737
     102    -132.6784      12.7217
     103     -95.6551     -22.4154
     104     -94.1786      -5.9134
     105     -95.3924     -34.8639
     106     -92.4131       4.5168
     107    -105.4430     -26.4194
     108     -91.5059     -21.3956
     109    -101.5967     -16.3473
     110    -109.7269     -18.6699
     111    -118.1918     -14.7223
     112    -114.5554      -0.5945
     113    -113.2051       3.3656
     114    -115.5675     -10.8946
     115    -123.1757       5.7278
     116    -108.7096     -18.1806
     117    -117.2387      -2.2598
     118    -107.2358     -14.3474
     119    -104.7097     -10.2740
     120    -105.1066     -22.0862
     121    -103.5111     -13.9086
     122    -100.5159      -5.2301
     123     -96.5262     -21.6316
     124    -106.0891     -20.2432
     125    -104.7734     -18.0381
     126     -79.5409     -29.3029
     127     -90.2246     -35.3518
     128     -89.2559     -18.2334
     129    -128.3000     -16.5248
     130    -103.9554     -19.3692
     131     -93.2980     -33.4711
     132    -123.3132       0.2967
     133    -110.9259     -14.3826
     134    -118.6712     -12.9098
     135     -99.2871     -25.2641
     136    -113.8613     -16.2113
     137    -126.4958     -12.4543
     138    -110.3532      -8.5302
     139    -117.3993     -11.9169
     140     -95.6916     -24.5237
     141     -99.1990     -24.8975
     142    -119.9676      -4.1695
     143    -111.4169     -17.8554
     144    -133.7200      -9.7607
     145     -96.4366     -26.0193
     146    -104.2956     -21.4932
     147    -107.2531     -21.7612
     148    -108.2837     -15.3985
     149    -112.7493     -27.8905
     150    -111.9912     -35.7266
     151    -109.6794     -15.8147
     152     -94.0665     -25.9140
     153     -92.8633     -17.2533
     154     -93.7069      -0.5348
     155    -110.6217     -27.8991
     156     -94.9928      -8.0033
     157    -120.7367     -10.4305
     158    -115.1548      -4.7269
     159    -101.0078     -21.3962
     160     -98.7067     -20.8019
     161     -88.1242     -15.7391
     162    -100.8914     -10.8337
     163    -107.6368     -24.3978
     164     -95.2954     -22.0349
     165    -114.8780     -18.8130
     166    -108.8874     -12.9327
     167    -102.5260     -18.0510
     168    -107.8467      -4.1665
     169     -89.3748     -29.4412
     170     -98.0824     -24.9547
     171    -108.8399     -10.1746
     172     -98.3018     -38.5769
     173    -106.3283     -13.5768
     174    -110.0103     -18.0333
     175     -95.9227     -25.9836
     176    -104.6346     -10.5344
     177    -101.7974     -13.4983
     178    -118.6064     -11.7698
     179    -112.9233     -22.6833
     180     -98.5774     -21.3807
     181     -96.0482     -22.8525
     182     -91.8348     -18.6426
     183     -97.4163     -18.7695
     184     -96.9308     -35.5925
     185    -101.4700     -23.5604
     186     -87.8706     -21.2208
     187    -102.9367     -10.0189
     188    -103.0303     -29.7336
     189    -111.7137     -14.6706
     190    -101.3969      -1.8276
     191    -105.3018     -20.8000
     192     -90.9495     -20.6596
     193    -110.5279     -15.4236
     194    -118.2499     -17.6627
     195     -92.7683     -16.9050
     196    -105.6488     -10.5810
     197    -104.5146     -18.3832
     198    -132.2388      -3.2825
     199    -129.5588     -20.8650
     200    -103.2895     -15.6353
     201     -93.0679     -21.4411
     202     -97.0334     -19.9003
     203     -99.5386      -5.9236
     204     -93.6645     -23.5884
     205    -115.4979     -18.4662
     206    -114.0779      -6.2994
     207    -116.4409     -32.3438
     208     -93.0144     -23.8777
     209    -104.5658     -13.8382
     210    -116.4792     -24.8173
     211    -108.6734      -7.3135
     212    -108.4281      -2.7834
     213    -114.3213      -7.1260
     214    -101.8159     -19.4671
     215    -110.2235      -1.2794
     216    -108.6676      -7.2965
     217    -117.9766     -11.4977
     218     -78.7453     -47.7277
     219    -107.0934     -14.0107
     220    -121.1273      -9.7454
     221    -113.1978      -1.3777
     222    -106.6873     -16.7259
     223    -101.7697     -45.2085
     224    -104.2042     -19.0000
     225    -108.0894     -23.0688
     226    -104.7388     -20.7746
     227     -96.7217     -36.3182
     228    -103.7644     -23.6958
     229    -113.6060     -14.4804
     230     -95.6255       2.8086
     231    -115.8245     -22.4961
     232    -113.9191     -18.7296
     233    -100.8173      -9.3027
     234    -111.4526      -7.3336
     235    -101.8830     -14.0416
     236    -130.4991     -18.5714
     237     -89.4351     -18.5005
     238    -101.5477      -2.8152
     239     -94.0553       3.5608
     240     -76.6757     -20.0924
     241    -107.7043     -14.6817
     242    -124.4232     -19.4502
     243    -111.8796     -13.3465
     244    -103.6268      -4.4108
     245    -104.1568     -15.8461
     246    -106.4357      -0.9508
     247    -108.3781     -25.4899
     248     -99.1646     -24.4043
     249    -127.7957     -11.3337
     250    -101.4440     -16.3124
     251    -103.1892     -37.8435
     252    -106.8798      -9.8728
     253    -110.8864     -34.4218
     254    -106.1639      -3.1478
     255    -115.2307       8.5042
     256    -111.8487     -21.7608
     257    -105.4631      -8.2576
     258    -114.0917      -0.6297
     259    -115.6916      -7.7078
     260    -121.7054     -18.4089
     261     -90.7988     -19.5112
     262    -120.4493     -39.5010
     263    -122.9729     -13.0117
     264    -110.5450      -1.1878
     265    -113.9072      -2.0909
     266    -111.8646      -4.5834
     267     -99.4834     -22.4820
     268    -105.7009      -0.4343
     269     -94.3099     -19.7989
     270    -101.2864     -24.8887
     271     -91.8911     -31.0770
     272    -112.4496     -21.2781
     273    -108.3934     -17.9183
     274    -107.8877     -34.5022
     275    -116.7757      -4.6448
     276     -89.9130     -24.9777
     277    -108.7127     -19.5351
     278    -107.6546     -11.8985
     279    -124.4831     -10.6332
     280    -102.6606     -12.5927
     281     -95.1284     -16.7553
     282     -95.9332     -17.8450
     283    -105.4977     -18.9978
     284    -128.5908       4.3736
     285    -125.8725      -5.4461
     286    -105.9614      -6.9478
     287    -102.6614     -32.3295
     288    -101.7268      -7.8266
     289    -116.2507      -1.1099
     290    -112.0458      -1.3879
     291    -122.9386     -21.0860
     292    -114.4443     -17.4700
     293    -115.1989      -7.4474
     294     -96.7932      -8.4012
     295    -107.9703     -19.9721
     296    -114.3363      -9.1624
     297    -124.3827     -16.9755
     298     -90.8238      -7.5827
     299    -111.3002     -14.2831
     300    -110.6117     -10.0681
     301     -97.2259      -0.4025
     302     -95.1484     -17.8802
     303    -107.1456     -13.5414
     304    -105.0152     -16.1458
     305    -109.9529     -32.8924
     306     -97.2735     -17.4625
     307     -93.3532     -14.4755
     308    -102.3074       2.6106
     309    -113.6826      -7.6119
     310    -120.9038     -21.6899
     311    -110.0577     -11.5470
     312    -115.9657       0.2011
     313     -96.9824     -18.2651
     314    -114.5645     -26.9595
     315    -108.2345     -12.6289
     316    -114.2463     -11.6616
     317    -109.8639     -21.9505
     318    -120.9903      -5.2667
     319    -109.5015     -17.5538
     320     -95.8661     -11.7958
     321    -117.0808     -17.5095
     322     -95.0796      -1.7966
     323    -113.0827     -29.2987
     324     -97.3151      -9.4453
     325     -94.6773     -18.1148
     326     -99.6685     -16.3330
     327     -97.8162     -18.3473
     328    -110.0526     -12.5886
     329    -108.8042     -16.3034
     330    -109.0081     -10.5232
     331    -100.1472      -8.4357
     332    -105.7586     -17.4277
     333    -110.9156     -14.1412
     334    -107.5173     -17.6440
     335    -107.5047      -1.1763
     336    -100.9597     -35.1709
     337    -107.1040      -3.1578
     338    -106.7871     -21.4791
     339    -100.1407     -23.6263
     340     -87.4162     -23.0536
     341    -102.9508     -13.7099
     342    -113.9266     -23.0787
     343     -99.1972     -20.0393
     344    -122.6559     -17.4379
     345     -84.0181     -19.1020
     346    -100.8896     -16.2208
     347    -105.4436     -36.1143
     348    -110.8053     -11.8518
     349     -97.8208     -26.8119
     350    -108.0435     -13.6093
     351     -90.4233     -15.9936
     352    -114.1450     -12.5499
     353    -109.7950      -3.7879
     354     -89.9127     -17.7076
     355    -104.5123     -26.3356
     356    -103.8283     -27.1394
     357     -99.0772     -21.3904
     358     -96.0581     -23.4631
     359    -111.3193     -17.3350
     360    -127.9393     -13.0779
     361    -107.7642      -2.1983
     362    -103.8475     -10.6678
     363     -94.1816     -22.9351
     364     -98.8258     -18.0398
     365    -101.2612      -5.7883
     366    -108.1492     -21.6017
     367    -119.6641       0.9119
     368    -115.6870     -18.5012
     369    -100.6597     -25.6111
     370     -99.7924     -23.3898
     371     -95.1255     -20.5657
     372    -122.8668      -2.4813
     373     -97.5068     -17.9977
     374    -106.6606     -11.9960
     375     -95.5288     -10.8856
     376    -123.0011      -7.8665
     377     -97.5473     -33.1272
     378    -111.6149     -13.2923
     379    -105.1775      -4.4869
     380    -115.5426     -16.6878
     381     -95.6845     -18.7313
     382    -125.5476     -27.5285
     383    -115.1911     -19.5326
     384    -109.2001     -18.5429
     385    -104.7284     -14.6331
     386     -94.1415     -15.0769
     387    -104.4968      -3.8459
     388    -106.6662     -13.4968
     389    -101.6034     -27.4141
     390    -108.8351     -19.6986
     391    -108.5309     -23.0893
     392    -127.2326     -13.0033
     393    -104.7677      -4.9461
     394    -107.7745     -16.2327
     395    -100.5305     -32.6291
     396    -106.5034     -13.8198
     397     -95.8333      -7.4680
     398    -122.8672     -14.7375
     399    -103.4110     -10.6405
     400    -110.5193     -20.7794
     401    -105.9780      -3.8033
     402    -116.5586     -16.5946
     403    -103.3880     -10.8003
     404    -105.1329     -15.6384
     405    -106.9666      -8.7786
     406    -106.1687     -19.6679
     407    -106.3581     -14.8309
     408    -118.6441      -0.4045
     409    -104.1823     -10.0875
     410     -97.1931     -14.4688
     411    -105.5601      -8.9965
     412    -104.1500      -2.8741
     413    -124.6917      -8.6366
     414    -111.4046     -26.6351
     415    -109.7346      -6.4945
     416    -102.2503     -24.9904
     417    -112.1069     -27.3499
     418    -104.3088     -21.9361
     419    -100.7878      -2.0883
     420    -106.3108     -19.6830
     421    -108.2980      -3.6467
     422     -89.2676     -15.8577
     423    -114.2420       0.8854
     424    -109.0439      -4.3674
     425     -94.7948      -9.8862
     426    -123.5176      -9.2248
     427    -111.1811     -11.7715
     428    -100.6813     -26.4756
     429    -118.2510      -4.3359
     430    -102.6093     -17.6133
     431    -111.6306      -4.4648
     432    -117.9356     -23.6726
     433    -104.0458     -13.3497
     434     -78.3317     -23.3990
     435    -109.1769     -13.4247
     436     -93.4230      -7.3015
     437    -112.7822     -41.5609
     438     -97.0441     -20.3418
     439    -103.4355     -12.6195
     440    -110.1102     -23.9045
     441    -105.8400     -34.0300
     442     -98.0761     -34.4256
     443    -114.2703       0.9401
     444     -98.3668     -17.0814
     445    -121.1794     -11.2617
     446     -89.7068     -25.1016
     447    -103.6074     -18.3930
     448    -113.0267      -9.1965
     449     -88.1314     -24.8185
     450    -108.0941     -13.7462
     451    -109.9464     -12.0071
     452    -100.9256     -43.3495
     453    -109.1771     -21.2689
     454    -104.7442     -16.9986
     455    -119.0083     -10.3183
     456     -93.5342     -34.4656
     457    -103.9812     -19.2003
     458    -111.6731     -19.2203
     459    -106.7751      -2.4393
     460    -110.5821      -1.9621
     461     -92.5541     -27.4680
     462     -98.8618     -27.1642
     463    -112.1358     -18.9086
     464    -109.9599     -23.7448
     465     -86.1149     -35.1361
     466     -97.5326     -23.7077
     467     -99.1405     -32.7349
     468    -100.3087     -37.4662
     469    -112.6326     -15.1107
     470     -85.4070     -19.3192
     471    -107.1610     -22.8819
     472    -112.9325     -20.0738
     473    -118.7242      -8.7296
     474    -110.6616      -0.7034
     475     -99.2407     -41.9847
     476    -125.0147       6.8372
     477     -96.8942     -27.6762
     478    -105.8257     -31.7092
     479    -100.3810     -36.2605
     480    -121.2145     -26.6337
     481    -116.9197     -22.9262
     482    -115.6832     -23.3956
     483    -112.5337     -12.9263
     484    -122.3377     -32.2001
     485    -107.2307     -12.5305
     486     -98.9087     -27.4986
     487    -106.1259     -25.5599
     488     -98.7243     -27.1961
     489     -98.0432      -4.9975
     490    -101.3405     -22.8801
     491     -96.2430      -7.8407
     492     -76.9467     -19.8959
     493    -106.9860      -2.1342
     494    -114.3491     -13.4770
     495    -101.7531     -11.4577
     496    -112.5138      -4.3244
     497     -95.1934     -34.4504
     498     -97.3808     -33.2522
     499     -96.7725      -8.5496
     500     -93.8841     -18.5655
     501    -108.3503     -28.8995
     502    -110.8257      -3.3921
     503    -111.7682     -15.5272
     504    -100.5621     -15.3413
     505    -108.5788     -11.9473
     506     -99.2928     -17.5848
     507    -104.2029     -36.2833
     508    -125.2872      -6.2281
     509    -103.1798     -17.4069
     510    -115.7617     -19.6063
     511    -108.4099     -14.4406
     512    -106.7834     -14.3550
     513    -108.2955     -15.4709
     514    -121.8638     -19.3321
     515    -104.3980     -16.6969
     516     -94.4813     -20.4756
     517    -113.5631      -8.2947
     518    -114.0355     -10.3975
     519     -91.9686     -16.5913
     520    -121.2512     -18.5669
     521    -104.5007     -13.1646
     522    -119.8468     -15.2521
     523    -111.3308       4.0830
     524    -125.2894     -13.5954
     525    -102.9835     -14.7106
     526    -121.0956      -2.1890
     527    -120.2607     -19.3841
     528    -107.2307     -20.2518
     529    -113.1017     -10.4365
     530    -107.0705      -0.0959
     531    -118.6747     -18.4582
     532    -118.6536     -20.3283
     533    -105.4189     -19.2140
     534    -100.6917     -15.8058
     535    -102.6754     -10.8252
     536    -114.2662     -22.8285
     537    -109.6057     -15.1413
     538     -95.6550     -36.1688
     539    -113.1908     -28.4606
     540    -120.5454     -24.6190
     541    -121.9162     -15.0960
     542    -133.8268       6.1067
     543     -99.8325     -22.0005
     544    -101.8369     -28.4280
     545    -127.7869     -19.4915
     546    -119.6525     -14.5847
     547    -109.8031     -18.4843
     548    -112.4140     -21.2507
     549    -120.3406     -23.2735
     550    -105.0898      -8.2378
     551    -104.7920     -12.5101
     552    -118.6095     -26.8575
     553    -120.4396      -7.1163
     554    -106.2561     -20.5248
     555    -103.1765     -28.4674
     556    -108.4155     -30.9179
     557    -118.6231      -8.4092
     558     -94.7794     -15.4945
     559    -107.9028     -28.3948
     560    -115.4119     -26.1415
     561    -103.1170      -7.6394
     562     -93.8590     -29.4824
     563    -113.0579     -21.9012
     564    -103.1577     -20.3107
     565    -111.9739     -31.9422
     566    -111.1795     -19.2847
     567    -117.4804     -13.2737
     568    -113.2601     -13.4164
     569    -110.3072     -18.8927
     570    -123.0043     -16.3954
     571    -124.3638     -19.3300
     572     -91.3888     -18.9021
     573    -111.5414     -16.8520
     574    -102.4998      -5.9431
     575     -87.1213     -25.6633
     576    -111.2431     -17.7137
     577    -109.5321      -4.4956
     578    -100.2206     -16.7788
     579    -113.2949     -12.2935
     580    -104.8194     -16.9264
     581    -123.8314     -18.0967
     582    -109.0820     -10.1711
     583    -102.9017      -9.9206
     584    -123.9186       0.4114
     585    -133.0130     -16.1113
     586    -109.0817      -1.2745
     587     -99.3157     -24.3156
     588    -100.8100     -17.1411
     589    -100.3296     -16.3040
     590     -90.9197     -18.8273
     591     -97.1659     -25.0813
     592    -102.0937     -15.6564
     593    -111.9045     -19.5394
     594    -108.2466      -8.0124
     595    -100.6829     -10.3864
     596     -94.7850     -14.8027
     597    -113.2519     -12.2690
     598    -130.2371      -3.9210
     599     -88.3337     -16.6853
     600     -91.7350      -8.0603
     601     -96.7499     -34.9063
     602    -113.1704     -11.4382
     603    -111.3327       0.0177
     604    -123.5917     -19.3265
     605     -96.0594     -21.1617
     606    -112.5149      -4.1884
     607    -110.9572     -22.0980
     608    -129.2176      -2.0440
     609    -106.1793     -34.7090
     610     -89.7780     -13.9465
     611    -110.0387     -20.9309
     612    -108.9909     -22.1199
     613     -96.1046      -3.3227
     614    -109.0415     -17.5787
     615    -109.2044     -18.8740
     616    -122.3117       4.7119
     617    -114.0366     -13.8431
     618    -103.4250      -5.4599
     619    -106.0962     -17.5470
     620    -106.8181     -13.9575
     621    -104.3403     -24.7450
     622    -119.1607      -4.2782
     623    -104.7941      -9.7271
     624    -122.1316     -25.7893
     625    -112.0782      -9.9068
     626    -100.4159     -14.4995
     627    -101.2688     -25.7786
     628     -84.9314     -37.9800
     629    -111.2642      -0.6134
     630     -91.0598     -14.6878
     631     -92.3350     -16.0070
     632    -111.2031     -11.0527
     633     -98.3307     -29.3104
     634    -120.1240     -34.8296
     635    -121.1971      -5.5813
     636    -127.8339      -6.0645
     637    -100.6664     -21.3739
     638    -101.6278     -19.2838
     639    -101.1238     -11.7499
     640     -95.2871     -12.2474
     641    -112.0893     -17.9722
     642     -96.8690     -25.4079
     643    -105.6566       0.3561
     644     -92.3912     -12.3722
     645    -104.4691     -30.0291
     646    -123.1564     -13.0704
     647    -132.2143      -4.5469
     648    -102.4036      -6.5718
     649    -109.5541     -24.7682
     650    -100.3529      -6.6488
     651    -104.3462      -4.2035
     652    -103.3862     -25.6735
     653    -106.5349       1.0198
     654     -93.5205     -10.8594
     655    -119.9569       2.8486
     656    -120.3918     -19.7788
     657    -122.9568      -5.7523
     658    -110.5147      -4.2933
     659    -102.3305     -13.0845
     660     -97.2877     -15.7459
     661    -120.5031       5.1945
     662    -109.5859       9.0051
     663    -102.7653     -16.7727
     664     -96.8873     -22.4961
     665     -94.1505       0.9087
     666    -110.6307     -34.4853
     667    -109.0022     -13.7689
     668     -97.5579     -19.3427
     669    -105.1539       1.8606
     670    -100.6053     -15.4252
     671    -109.2377       0.5779
     672    -111.9870     -10.3515
     673    -102.5163     -13.9811
     674    -114.0191     -19.6636
     675     -90.8605      -4.5408
     676    -128.8630     -16.1127
     677    -119.3213     -23.0316
     678    -103.4442     -34.4669
     679    -100.8468     -22.0020
     680     -97.3653      -9.6377
     681    -103.5360     -15.5373
     682    -110.5253     -10.4509
     683    -116.7238       1.3379
     684     -94.2287     -20.1488
     685    -119.8897     -19.6188
     686    -102.3785      -0.4454
     687    -110.3239      -5.5486
     688    -116.3119      -7.5615
     689    -105.0514     -31.9624
     690     -84.2574     -29.3716
     691     -94.9097     -30.7348
     692    -109.0757     -19.7951
     693    -104.5237     -13.9977
     694     -94.2014     -24.5220
     695    -107.2542     -31.6875
     696     -94.0840     -25.9428
     697    -120.7483     -13.5728
     698    -107.6898     -36.3364
     699    -111.8771     -10.0558
     700     -83.9765       2.7464
     701     -87.2548     -10.9213
     702    -102.8673      -9.4463
     703    -109.5744     -16.6636
     704    -112.9885     -32.5447
     705    -110.1402     -21.7891
     706     -86.0969     -17.1113
     707    -124.7441      -6.9367
     708    -102.4281     -21.7123
     709    -100.2388      -5.7867
     710    -115.5836     -24.2312
     711    -114.0688     -13.7804
     712    -115.5930       5.7526
     713     -95.1701     -14.4693
     714    -129.8465      -9.5755
     715    -116.2896     -22.4531
     716     -90.1155     -29.3604
     717     -93.7947     -20.6537
     718    -123.8124     -21.2803
     719    -105.3164     -27.3217
     720    -117.0910     -36.3879
     721     -99.9991     -24.1154
     722     -91.9694     -22.1540
     723     -94.6763     -22.9145
     724     -90.5389     -26.9983
     725    -119.2413     -20.6040
     726     -87.2731     -22.4033
     727    -108.6013     -21.6650
     728    -101.2485     -20.0599
     729    -121.2560       3.0513
     730    -121.8344     -16.8708
     731    -110.6736       0.2157
     732    -115.5561     -14.3718
     733    -100.2867     -12.4455
     734    -110.8596     -14.0858
     735     -88.5901     -15.4203
     736    -103.7749     -22.8543
     737    -105.7034     -20.7646
     738    -107.7705      -0.5878
     739    -106.6440     -19.1875
     740    -113.1586       1.4665
     741    -108.9952      -8.3607
     742    -115.1246     -27.6750
     743    -103.3820     -20.3855
     744    -103.6382     -19.7627
     745    -125.8860       0.5528
     746    -101.0936     -19.2524
     747    -108.1599     -20.8845
     748    -105.4751     -10.1739
     749    -121.4230       9.2464
     750     -98.9532     -14.9656
     751    -113.7868      -8.7954
     752     -98.4778     -24.8904
     753    -108.5051      -1.0457
     754    -113.0684     -26.5176
     755     -98.2853      -5.3273
     756    -101.2220     -16.8456
     757     -98.6605     -15.2094
     758    -114.4076      -4.0979
     759    -105.2284     -16.0451
     760    -113.8682      -2.1135
     761    -108.7986      -7.6520
     762    -119.4591     -19.2817
     763    -111.1288      -7.3997
     764     -99.0927     -12.4818
     765    -100.0820     -23.1352
     766     -89.4551     -24.8563
     767     -89.4118     -16.9775
     768    -124.5136       8.0248
     769    -101.1165     -20.3197
     770     -97.2336     -18.0284
     771    -106.5439      -9.0877
     772     -77.4074     -15.6827
     773    -111.1507     -17.9016
     774     -91.5842     -12.5194
     775    -108.0606     -27.5491
     776     -95.1906      -2.5553
     777    -124.3772     -30.2653
     778    -105.9236     -14.7770
     779    -120.5301     -10.2408
     780    -115.4865     -31.9914
     781    -103.2975      -7.9151
     782    -109.1982     -14.7425
     783    -114.5437     -29.8696
     784    -112.6650     -17.7793
     785    -116.0616       1.4471
     786    -114.8019     -16.4972
     787     -90.6544      -6.6457
     788     -98.6253      -6.8338
     789     -92.7297     -26.2271
     790    -109.3734     -25.9219
     791    -101.4652     -22.0802
     792    -114.8361      -3.2722
     793    -109.6986      -6.3920
     794    -106.8764      -0.8135
     795    -106.7380      -1.4969
     796     -98.9121       5.6497
     797    -117.1181      -9.1982
     798    -111.2052     -15.1952
     799     -97.0555     -12.3709
     800     -99.7862     -17.7991
     801     -98.4755      -5.2225
     802    -110.8057     -24.3248
     803    -120.2207     -20.1484
     804    -100.0065     -14.1403
     805    -109.3417     -13.5431
     806     -99.4277       0.8589
     807    -109.9699      -2.4177
     808    -108.1340      -4.4012
     809    -110.1213     -13.0026
     810     -91.6879     -28.0987
     811    -100.2022     -24.6850
     812    -120.9203      -3.4517
     813    -107.8989     -11.1283
     814     -95.0432      -2.7096
     815    -109.5380       5.4597
     816    -137.1497     -14.5482
     817    -108.9485     -17.4365
     818    -125.9074     -15.0712
     819    -104.1290     -16.6163
     820    -106.9513     -21.4964
     821    -101.1601       7.8656
     822    -110.1360      -3.1331
     823    -115.4179      -9.1269
     824    -106.2944     -18.7766
     825     -94.1417     -10.0619
     826    -108.5252      -2.0596
     827    -120.7837     -12.9895
     828    -111.2050       3.3000
     829    -105.1119     -17.0633
     830    -123.6190      12.8970
     831    -112.8257     -12.6677
     832     -97.8765     -19.9616
     833    -113.9588      10.0315
     834    -109.7739      -0.2500
     835    -113.1274     -23.3341
     836    -118.2703     -12.7236
     837    -131.4011       0.9331
     838     -97.2599      -6.7216
     839    -110.8371     -13.6113
     840    -113.5203     -12.9992
     841    -116.9717      -9.5406
     842    -104.6744       1.3178
     843     -95.3146     -14.6748
     844    -124.2713      -9.3145
     845    -110.6692      -2.0207
     846    -116.8452      -1.5373
     847    -109.9793      -5.5791
     848    -117.9608     -17.9138
     849    -118.0109     -19.0408
     850    -113.8635      -3.9866
     851    -106.4612     -11.2266
     852    -111.3076     -20.7893
     853     -98.8313     -21.0966
     854    -112.4912     -16.5007
     855    -115.5666     -12.0329
     856    -120.2611       7.1662
     857    -112.9568      -3.2286
     858    -108.7706      -6.4530
     859    -120.6318       8.0176
     860    -103.3698     -16.5586
     861    -103.7112     -18.7590
     862    -104.1421     -20.5465
     863     -98.2449      -7.3511
     864    -111.8275      12.8398
     865     -99.3056     -15.7203
     866    -118.8508       5.5032
     867     -94.9998     -13.7060
     868    -116.2409       4.3205
     869    -108.7766     -28.3485
     870    -117.6008     -11.5298
     871    -114.8895       0.9833
     872    -108.7843     -21.2535
     873    -109.2510      -7.3283
     874    -120.1782       1.0615
     875     -97.1140     -19.7740
     876    -106.6061      -6.1046
     877    -117.8458     -12.3727
     878    -129.5228       7.6920
     879    -112.7307     -23.2844
     880    -105.6558       0.8233
     881    -110.6370     -17.5108
     882    -115.5372     -13.3521
     883    -102.1215     -24.6264
     884    -109.5486       3.4545
     885    -116.0698     -11.0172
     886    -103.8339     -20.9974
     887    -101.3847     -24.1264
     888    -118.6793      -4.8105
     889    -123.1480     -10.0556
     890    -114.5554     -27.5464
     891    -115.4678      -9.8301
     892    -112.2715      -3.0665
     893    -113.1202     -11.1419
     894    -107.7785     -19.6493
     895    -111.5238     -10.2551
     896     -96.1880     -21.9381
     897    -128.4941      -1.5865
     898    -112.3344      -0.9564
     899    -114.8150       1.1198
     900    -110.0387      -6.6788
     901    -103.3681     -18.8276
     902    -101.8417     -24.7071
     903    -110.9775     -19.8663
     904     -95.8537     -10.2787
     905    -124.6723      -0.2183
     906    -100.5786     -15.6411
     907    -111.1226       6.3556
     908     -99.6264     -21.2159
     909     -90.4344     -26.6072
     910    -102.1732      -2.9925
     911    -141.6350      -7.9697
     912    -133.9397      -0.2316
     913     -80.4120      -8.3725
     914    -100.3642     -26.2599
     915    -111.4520     -13.5605
     916     -88.6951     -17.4790
     917    -104.8676     -20.0878
     918     -98.0112     -13.9434
     919     -99.9267     -10.3383
     920    -126.5036     -15.4045
     921    -111.4880      -8.0851
     922    -120.4426     -17.8040
     923    -106.2609     -35.6004
     924     -89.2211     -12.1250
     925    -104.2434     -14.7007
     926    -118.5605     -12.2675
     927     -97.6708     -13.5743
     928    -100.9971      -3.7249
     929    -102.2402     -20.6923
     930     -98.9954     -16.2867
     931     -96.6463     -12.6896
     932    -103.0161     -34.1560
     933     -95.5570     -16.1498
     934    -112.1911     -12.2126
     935    -125.2475     -14.3297
     936    -113.2605     -10.2864
     937     -96.2272      -3.5630
     938    -117.4018      -2.2062
     939    -108.1678     -14.1321
     940    -105.9363     -14.2080
     941    -119.6590     -23.3515
     942    -108.0026       0.3901
     943    -126.2823      -8.7555
     944     -98.7900     -13.3251
     945     -97.4541     -17.4917
     946    -120.7940     -16.6192
     947    -104.5864      -4.7716
     948     -94.5286     -12.6010
     949    -106.0736       0.8598
     950    -113.4560      -6.0793
     951    -135.5480      -6.4209
     952     -86.6120     -19.5626
     953    -124.7974      -4.9835
     954    -103.1928     -14.4306
     955    -117.5347     -17.4817
     956    -115.5891      -1.0216
     957    -105.9479      -0.8212
     958    -101.4367      -7.0510
     959    -106.9144      -7.7950
     960    -137.0521     -24.0344
     961    -109.6793       4.1455
     962    -120.0960     -17.9149
     963     -88.2727     -13.8188
     964     -90.0364     -21.5844
     965     -90.2018     -15.1031
     966    -108.8144       0.9634
     967    -120.6415       6.0284
     968    -111.1742     -16.7905
     969    -103.0022       4.7663
     970    -104.9826       2.3528
     971     -90.4441      -0.7033
     972    -110.3345     -17.8650
     973    -100.7076      -5.2708
     974    -109.8591     -12.4227
     975    -105.2119     -18.5989
     976     -94.3163     -19.3857
     977    -106.3933     -14.5274
     978     -98.4239     -19.1125
     979    -112.3338     -10.4278
     980    -115.7606       5.2749
     981    -110.9501      -1.3557
     982     -95.9985     -26.9113
     983    -102.2193     -10.1583
     984    -111.2273     -11.6425
     985    -104.8286       3.6765
     986    -100.1147       1.0452
     987    -106.8815      -7.5829
     988    -103.7366       2.0714
     989     -85.9736     -10.5007
     990     -96.0711      -8.8483
     991    -114.2965      -3.4782
     992    -118.2441     -19.7750
     993    -104.3081       3.4359
     994    -116.5767      -4.9203
     995    -114.4696       4.8653
     996     -96.7037      -4.0915
     997    -103.9373      -2.0344
     998     -98.8292     -11.2773
     999    -101.6315     -10.3850
    1000    -131.3303     -17.2757
