#Frame        o_angle
       1      23.7858
       2      23.5791
       3      22.3255
       4      21.6828
       5      20.3164
       6      21.9050
       7      22.0985
       8      19.2889
       9      15.8359
      10      14.1180
      11      17.2588
      12      17.8147
      13      16.3044
      14      14.8512
      15      18.2818
      16      19.5924
      17      16.9008
      18      20.7299
      19      17.6660
      20      18.9973
      21      15.3588
      22      18.8224
      23      19.2498
      24      18.5538
      25      21.9186
      26      20.0826
      27      16.7861
      28      20.9164
      29      15.1586
      30      17.7000
      31      18.0126
      32      19.1441
      33      16.8728
      34      17.4459
      35      17.8437
      36      20.0604
      37      16.2174
      38      16.3525
      39      18.0173
      40      14.1772
      41      17.0048
      42      16.3674
      43      15.5764
      44      12.0448
      45      16.8267
      46      14.8440
      47      16.9877
      48      14.2249
      49      11.6597
      50      11.5024
      51      12.8861
      52      11.0394
      53      11.0421
      54      13.4953
      55      11.9467
      56      14.1531
      57      12.6759
      58      11.6027
      59      12.8692
      60      11.1849
      61      11.2291
      62      11.3168
      63      12.9591
      64      11.6975
      65      12.7573
      66      12.4845
      67      12.9468
      68      13.1800
      69      10.7935
      70      12.0488
      71      11.4352
      72       9.9984
      73      10.7787
      74      10.5670
      75      10.4537
      76       8.8119
      77       9.0829
      78       9.9385
      79      11.9017
      80      10.9491
      81      10.9764
      82      12.6410
      83      10.6788
      84      10.8486
      85      10.0938
      86      11.5026
      87      11.4998
      88      10.0650
      89       9.6167
      90      13.1200
      91      11.8999
      92      10.5715
      93      14.6510
      94      12.9824
      95      15.5386
      96       9.9583
      97      15.1222
      98       9.6246
      99      15.8486
     100      12.6234
     101      12.3701
     102      10.7268
     103      10.7040
     104      12.0271
     105       9.6603
     106      10.6132
     107       8.3112
     108       9.7407
     109      10.5092
     110      10.4528
     111       8.5248
     112      12.8970
     113      12.0999
     114      11.8323
     115      11.8379
     116      10.3098
     117      12.1710
     118      11.0502
     119      10.7526
     120      10.1621
     121      10.4546
     122      11.9278
     123      13.4013
     124       9.0907
     125      15.3306
     126      11.9407
     127      14.1824
     128      16.1338
     129      15.2599
     130      16.2448
     131      16.3431
     132      17.3378
     133      14.4210
     134      15.1088
     135      15.5048
     136       9.7707
     137      13.9854
     138      10.2405
     139      14.3928
     140      12.9530
     141      11.6926
     142      12.3521
     143      11.6700
     144      12.3842
     145      13.5085
     146      11.9111
     147      12.7393
     148      12.5203
     149      12.4531
     150      12.9847
     151      11.7868
     152      14.1616
     153      12.5875
     154      10.6954
     155      12.6441
     156      13.5658
     157      12.6248
     158      10.9001
     159      11.6010
     160       8.9952
     161      14.2525
     162      10.0009
     163      10.8619
     164      13.2158
     165      12.2547
     166      13.2547
     167      12.2868
     168      13.3398
     169      10.8884
     170      11.0845
     171      11.3147
     172      11.1976
     173      11.7889
     174      10.8275
     175       8.7838
     176       9.6087
     177      11.0289
     178      12.5738
     179      12.0995
     180      11.1635
     181      10.6464
     182      12.2945
     183      10.9730
     184      10.6460
     185      12.2955
     186      12.7625
     187      10.2697
     188      10.6390
     189      11.2198
     190      13.0407
     191      11.4691
     192      13.9125
     193      10.9668
     194      10.0783
     195       9.2612
     196      11.4384
     197      11.3663
     198      10.9966
     199      12.0832
     200      11.8175
     201      12.7782
     202      13.3739
     203      11.9635
     204      10.8941
     205      13.2652
     206      15.7345
     207      12.6604
     208      18.0143
     209      16.1030
     210      14.5117
     211      11.0611
     212       9.5743
     213      12.0604
     214      10.7362
     215      11.1640
     216      12.0462
     217      10.3095
     218      12.6609
     219      12.8438
     220       9.2170
     221       8.5142
     222      10.6889
     223      10.8644
     224       7.4936
     225      10.2289
     226      12.4578
     227       9.3727
     228      11.6288
     229      10.4931
     230      10.5959
     231      10.6810
     232      10.6767
     233      10.5048
     234      12.4351
     235      11.0012
     236      12.1686
     237       8.1932
     238      11.8937
     239      14.5725
     240      10.3108
     241      11.6485
     242      14.5824
     243      11.7813
     244      12.0182
     245      10.6761
     246      11.4553
     247      10.9806
     248      11.3602
     249      11.7260
     250      12.9859
     251      10.9836
     252      14.8325
     253       9.8175
     254      12.7492
     255      12.8274
     256      11.3194
     257      12.6496
     258      11.6926
     259      13.0376
     260      12.9548
     261      13.9154
     262      15.2078
     263      16.1827
     264      16.0546
     265      17.0874
     266      15.0404
     267      16.9310
     268      16.8555
     269      17.8320
     270      18.6324
     271      18.1909
     272      18.9619
     273      14.8530
     274      17.4752
     275      13.8886
     276      14.6563
     277      14.6383
     278      17.8814
     279      17.2079
     280      13.9968
     281      15.9926
     282      14.5475
     283      12.4703
     284      14.6189
     285       9.9790
     286       9.7964
     287      13.8048
     288      14.8224
     289      13.6997
     290      11.6347
     291      14.1149
     292      22.3260
     293      17.9499
     294      19.2301
     295      20.9968
     296      18.3549
     297      19.9152
     298      19.1616
     299      18.8944
     300      18.1748
     301      20.8194
     302      19.2479
     303      21.2911
     304      20.8450
     305      19.5745
     306      18.3151
     307      20.0397
     308      17.7197
     309      19.3745
     310      17.9641
     311      22.9703
     312      18.4326
     313      20.8601
     314      17.1248
     315      21.6711
     316      18.9213
     317      23.1241
     318      20.8141
     319      18.2912
     320      18.7983
     321      18.7948
     322      17.0245
     323      16.9431
     324      17.3106
     325      18.6706
     326      21.3150
     327      19.4105
     328      23.1717
     329      18.4484
     330      20.9304
     331      16.6488
     332      17.0103
     333      20.1215
     334      20.4410
     335      17.2406
     336      13.6496
     337      19.2780
     338      17.7828
     339      20.2968
     340      19.0317
     341      17.7603
     342      21.0851
     343      20.8549
     344      24.9701
     345      22.0741
     346      26.6310
     347      24.7931
     348      21.0052
     349      17.3154
     350      19.7812
     351      19.8134
     352      21.0716
     353      18.6610
     354      19.6666
     355      20.2748
     356      20.9029
     357      17.9197
     358      20.9409
     359      20.9065
     360      21.9743
     361      19.4126
     362      20.2234
     363      19.9583
     364      21.0619
     365      19.0945
     366      20.9327
     367      20.8418
     368      19.0303
     369      20.5951
     370      22.1492
     371      22.2643
     372      21.9690
     373      21.9610
     374      21.8753
     375      23.9456
     376      23.1813
     377      21.7474
     378      24.7090
     379      23.0480
     380      22.4907
     381      20.3404
     382      20.0249
     383      19.4997
     384      18.7199
     385      17.3051
     386      21.0935
     387      21.8855
     388      23.1464
     389      19.1942
     390      16.5324
     391      17.4181
     392      15.1576
     393      19.8475
     394      20.0318
     395      21.2310
     396      18.3439
     397      18.7419
     398      18.0748
     399      21.3564
     400      19.9744
     401      19.0883
     402      17.7511
     403      17.0587
     404      18.2128
     405      15.8981
     406      16.9196
     407      15.0123
     408      15.7487
     409      21.5980
     410      18.2697
     411      15.3688
     412      17.4948
     413      20.6236
     414      17.6252
     415      19.7248
     416      17.1637
     417      17.4161
     418      18.4431
     419      16.0594
     420      16.2468
     421      16.1538
     422      17.2261
     423      15.0977
     424      17.7436
     425      20.0349
     426      18.2364
     427      15.5384
     428      16.8535
     429      23.2650
     430      18.4322
     431      20.2710
     432      17.8562
     433      19.2269
     434      20.8644
     435      19.8032
     436      19.0642
     437      19.1248
     438      18.5944
     439      21.8410
     440      17.8768
     441      18.4631
     442      19.0892
     443      22.0073
     444      19.9580
     445      19.6577
     446      20.0626
     447      19.3630
     448      20.8864
     449      15.9477
     450      19.1021
     451      19.7294
     452      18.5472
     453      21.9791
     454      18.0615
     455      19.5060
     456      23.5857
     457      19.9472
     458      19.8801
     459      19.6432
     460      21.7238
     461      21.3524
     462      21.7242
     463      23.0688
     464      19.9678
     465      20.4913
     466      21.3038
     467      22.2036
     468      21.5406
     469      17.1612
     470      20.9262
     471      20.3628
     472      19.5541
     473      18.9953
     474      18.2533
     475      18.6068
     476      17.9434
     477      19.1465
     478      22.0704
     479      21.6617
     480      23.3940
     481      24.4541
     482      22.7954
     483      21.9723
     484      24.2204
     485      21.3939
     486      24.4079
     487      20.7401
     488      22.8879
     489      17.0148
     490      20.8916
     491      20.4662
     492      21.8960
     493      22.2854
     494      24.4893
     495      23.8333
     496      24.0069
     497      23.7105
     498      21.7164
     499      22.2047
     500      23.0353
     501      25.1983
     502      21.4995
     503      18.8485
     504      21.9519
     505      19.5408
     506      17.9410
     507      21.3563
     508      22.2546
     509      20.1380
     510      19.7852
     511      19.8726
     512      25.1455
     513      20.2078
     514      24.7957
     515      19.3345
     516      20.0284
     517      18.7232
     518      21.1289
     519      21.5437
     520      21.1299
     521      20.7691
     522      19.9632
     523      18.1430
     524      22.7112
     525      21.4442
     526      21.0667
     527      20.4534
     528      20.4907
     529      21.7521
     530      19.2886
     531      21.8862
     532      21.0077
     533      19.6385
     534      20.1951
     535      21.5594
     536      19.7320
     537      18.0859
     538      15.6450
     539      15.6165
     540      19.3251
     541      21.0151
     542      18.6421
     543      18.2537
     544      17.7406
     545      20.2309
     546      17.9982
     547      22.7116
     548      20.9017
     549      22.1416
     550      24.8463
     551      23.8334
     552      21.3793
     553      24.1350
     554      20.4460
     555      20.3159
     556      20.7592
     557      22.0296
     558      22.6243
     559      20.9147
     560      25.5354
     561      23.4299
     562      22.9744
     563      23.2067
     564      22.6400
     565      24.0849
     566      21.4752
     567      22.8004
     568      24.6919
     569      24.1583
     570      24.2438
     571      22.3564
     572      25.5830
     573      25.9160
     574      26.4053
     575      24.8144
     576      22.8405
     577      26.0458
     578      22.0302
     579      25.5325
     580      23.9201
     581      23.7757
     582      22.9160
     583      22.5627
     584      25.2762
     585      23.7610
     586      20.3948
     587      23.6480
     588      21.3727
     589      23.7001
     590      22.7037
     591      22.7110
     592      22.7304
     593      23.8452
     594      23.1281
     595      23.2260
     596      22.0250
     597      21.8912
     598      19.1910
     599      24.6024
     600      25.9047
     601      25.4949
     602      25.3421
     603      25.8826
     604      24.5522
     605      25.5979
     606      26.1021
     607      26.0702
     608      24.7075
     609      22.1491
     610      21.4977
     611      25.6468
     612      22.7504
     613      24.0613
     614      24.8356
     615      26.0218
     616      25.0935
     617      25.1416
     618      25.6404
     619      23.6056
     620      23.8875
     621      23.0464
     622      23.7501
     623      23.5715
     624      25.3217
     625      22.5721
     626      23.5992
     627      26.5686
     628      25.3513
     629      25.5035
     630      21.6965
     631      25.5487
     632      26.0168
     633      23.6568
     634      28.2196
     635      23.6998
     636      22.7298
     637      26.0158
     638      24.3085
     639      27.7490
     640      25.4043
     641      22.1805
     642      19.6726
     643      25.8803
     644      20.9187
     645      24.3702
     646      18.7568
     647      25.4992
     648      26.3353
     649      24.7962
     650      22.1017
     651      21.8379
     652      24.5884
     653      21.9047
     654      23.3959
     655      23.7547
     656      21.2343
     657      19.9816
     658      24.2468
     659      23.1890
     660      26.2277
     661      24.0667
     662      22.8317
     663      24.2203
     664      22.0422
     665      19.7915
     666      24.5126
     667      22.4877
     668      24.4530
     669      21.7720
     670      19.9424
     671      22.1355
     672      19.8359
     673      20.4061
     674      19.3820
     675      19.3119
     676      22.9498
     677      20.6686
     678      23.6084
     679      21.2088
     680      22.6032
     681      24.5820
     682      24.2556
     683      23.3588
     684      21.8229
     685      24.3129
     686      22.6123
     687      27.0928
     688      22.3004
     689      26.2567
     690      24.1896
     691      22.6570
     692      23.6635
     693      23.2942
     694      21.0435
     695      22.1035
     696      24.5417
     697      25.3302
     698      22.5142
     699      21.4156
     700      20.3753
     701      20.4713
     702      22.7830
     703      20.3295
     704      21.5760
     705      22.9565
     706      20.4176
     707      22.9084
     708      23.6709
     709      22.7811
     710      22.7320
     711      20.0879
     712      22.9269
     713      24.7965
     714      23.3689
     715      27.0027
     716      23.5820
     717      24.7935
     718      24.6491
     719      24.0130
     720      20.9675
     721      23.3745
     722      25.4985
     723      23.3030
     724      22.6163
     725      22.7214
     726      24.2819
     727      20.3793
     728      24.1099
     729      21.6355
     730      24.2673
     731      23.2635
     732      25.1204
     733      21.5496
     734      22.9339
     735      22.9492
     736      24.4281
     737      23.0295
     738      23.5079
     739      22.9959
     740      21.5866
     741      21.1813
     742      23.4486
     743      24.6470
     744      22.8349
     745      21.4520
     746      23.9240
     747      24.7821
     748      22.7910
     749      22.9303
     750      22.0301
     751      23.3155
     752      21.8412
     753      23.7072
     754      26.2713
     755      22.5212
     756      19.4607
     757      21.3985
     758      20.1656
     759      25.5658
     760      19.7656
     761      21.2229
     762      21.0084
     763      20.3465
     764      22.8904
     765      22.9349
     766      21.8334
     767      23.9564
     768      22.0898
     769      24.7273
     770      23.1247
     771      23.3524
     772      22.2956
     773      24.4927
     774      28.0839
     775      24.4179
     776      23.5355
     777      22.3716
     778      24.0445
     779      25.5132
     780      25.8592
     781      24.7006
     782      21.0272
     783      24.9634
     784      24.8098
     785      22.3871
     786      26.6176
     787      22.7991
     788      25.0162
     789      23.8059
     790      20.2509
     791      25.6632
     792      21.1587
     793      26.4543
     794      25.1596
     795      23.7382
     796      20.9357
     797      25.2245
     798      23.1619
     799      23.9313
     800      22.8653
     801      24.8912
     802      20.1989
     803      26.6541
     804      22.7028
     805      22.2618
     806      23.3414
     807      25.4827
     808      23.1656
     809      24.0735
     810      24.9250
     811      21.8226
     812      21.4826
     813      23.1325
     814      24.0423
     815      24.6174
     816      23.0107
     817      24.3370
     818      23.1660
     819      21.8325
     820      22.3693
     821      23.3629
     822      23.7781
     823      23.6118
     824      24.0178
     825      23.4067
     826      24.4960
     827      20.4714
     828      23.9902
     829      21.7632
     830      24.6264
     831      25.1349
     832      23.0039
     833      25.5306
     834      20.3521
     835      22.3275
     836      22.4878
     837      22.7983
     838      25.6762
     839      25.6744
     840      25.8780
     841      27.6716
     842      22.2876
     843      23.3751
     844      22.9569
     845      22.5597
     846      22.5111
     847      24.7527
     848      21.3517
     849      26.4295
     850      27.1315
     851      25.8006
     852      27.1336
     853      24.7441
     854      24.0929
     855      24.8473
     856      25.4302
     857      24.1706
     858      26.0105
     859      22.9317
     860      24.7697
     861      24.2595
     862      22.9933
     863      23.4970
     864      22.8993
     865      22.5025
     866      24.1758
     867      25.5554
     868      23.0513
     869      22.1848
     870      20.8488
     871      22.6767
     872      21.2741
     873      22.4175
     874      22.6179
     875      22.8507
     876      23.9556
     877      22.4037
     878      21.0391
     879      20.9684
     880      23.3562
     881      22.8494
     882      21.7777
     883      25.9765
     884      25.4597
     885      25.8139
     886      25.2341
     887      21.3521
     888      24.1615
     889      22.8273
     890      26.8581
     891      25.8366
     892      20.5863
     893      18.3534
     894      23.3733
     895      21.4674
     896      24.5932
     897      21.3068
     898      23.3919
     899      22.6322
     900      19.9895
     901      19.8194
     902      22.4240
     903      22.1911
     904      21.4453
     905      18.5235
     906      22.7137
     907      24.0434
     908      23.7699
     909      21.3526
     910      25.3237
     911      20.7671
     912      20.5287
     913      20.7845
     914      18.3042
     915      19.0700
     916      18.8191
     917      18.1097
     918      22.0758
     919      22.3823
     920      23.1570
     921      20.4783
     922      20.9104
     923      20.9357
     924      22.7223
     925      22.0082
     926      22.1716
     927      22.4360
     928      19.4752
     929      21.9763
     930      24.8363
     931      22.3643
     932      24.1049
     933      22.9302
     934      21.7541
     935      24.9065
     936      24.3752
     937      21.3669
     938      21.6149
     939      20.4186
     940      22.3292
     941      24.0432
     942      21.6884
     943      19.7107
     944      20.8642
     945      23.3845
     946      22.5344
     947      23.3328
     948      24.8725
     949      20.1424
     950      21.7061
     951      22.9830
     952      19.3622
     953      22.4527
     954      23.5916
     955      21.5823
     956      23.0485
     957      24.3032
     958      22.8792
     959      24.2124
     960      26.5290
     961      23.4531
     962      25.5548
     963      23.4705
     964      21.9934
     965      24.8154
     966      24.1102
     967      17.9790
     968      26.5810
     969      22.7425
     970      26.2837
     971      23.3926
     972      20.0222
     973      20.6910
     974      20.7571
     975      20.9750
     976      22.8391
     977      21.5159
     978      21.3442
     979      21.5295
     980      19.9380
     981      20.1993
     982      24.7278
     983      22.2721
     984      23.0027
     985      20.8637
     986      22.6030
     987      23.1572
     988      20.8528
     989      24.5116
     990      21.2610
     991      22.1427
     992      21.9007
     993      23.6097
     994      23.1786
     995      24.2526
     996      23.8762
     997      24.1582
     998      24.9415
     999      24.6857
    1000      22.8963
