#Frame        phi:121      psi:121
       1    -101.4732      -9.9807
       2    -111.1404       1.5133
       3    -134.8368       2.9860
       4     -95.9677      -4.0313
       5     -98.6734     -17.0928
       6    -119.7764     -30.2773
       7     -78.8666     -17.6515
       8    -112.1981     -29.2919
       9    -117.9292       6.5477
      10    -105.8481      -5.2228
      11    -117.7365       0.5544
      12    -112.7930     -11.0121
      13    -109.8175      -7.8288
      14    -105.1927       1.4787
      15     -85.2582     -19.2948
      16    -121.4097     -15.4448
      17    -118.2791     -14.3334
      18     -98.2480     -14.1326
      19    -112.9502     -16.1792
      20    -113.0198      -3.1360
      21    -105.5108     -15.5807
      22    -102.7251     -12.9301
      23     -99.7376     -28.0133
      24    -102.3351      -1.1270
      25    -108.3839     -18.2503
      26     -97.8064      -9.1983
      27     -92.6368     -25.0001
      28    -114.4554      -6.3169
      29    -117.4463     -18.0434
      30     -86.6581      -9.5600
      31     -89.5023     -10.9015
      32    -121.0507     -32.8400
      33    -101.2918     -13.2859
      34    -131.3121     -10.5572
      35    -124.4773      -4.7947
      36     -92.9601      -1.2396
      37    -104.4459     -12.4784
      38    -100.2109     -12.9357
      39     -96.8520     -11.5405
      40     -90.4399       3.3395
      41    -119.2621     -24.8978
      42     -90.4262     -17.9221
      43    -103.2388      -8.6385
      44     -92.6387     -22.4084
      45    -102.8284       9.5966
      46     -98.2475      -4.6217
      47     -98.1164     -11.9307
      48     -89.5181     -24.3855
      49    -126.2236      -8.9359
      50    -102.1167     -21.3645
      51     -99.4162      -0.5688
      52    -110.0590      -3.8344
      53    -100.1682      -5.4737
      54    -121.5184     -25.6090
      55    -114.0569      -7.4821
      56    -122.8883      -2.9815
      57     -73.5810      -4.6330
      58    -102.6236     -13.5786
      59    -113.0504       5.8342
      60    -125.0472     -34.3719
      61    -118.1780     -25.6553
      62    -109.2348     -12.1421
      63    -124.9712     -23.7979
      64    -110.5521     -13.2684
      65    -117.3725      -9.4203
      66    -108.4354     -18.4350
      67    -105.8425     -23.2828
      68    -104.9181     -48.8894
      69    -121.1295      -0.5268
      70     -97.7710     -13.6162
      71     -92.1908     -14.6645
      72    -100.3193     -11.8436
      73     -99.3961      -5.7791
      74    -104.7939     -10.0162
      75    -103.1471     -25.5822
      76    -117.2047      -2.0898
      77    -113.6222     -14.7728
      78    -110.4899     -19.9800
      79    -103.4618     -20.5948
      80    -113.6567     -15.9443
      81     -98.9911     -27.5176
      82    -120.4966      -9.8857
      83    -107.6746     -26.6962
      84    -123.4259     -12.6275
      85    -122.0444     -12.5237
      86    -113.9473     -28.7637
      87    -119.2835      -8.9059
      88    -114.7895      -3.1649
      89    -113.7542     -17.7442
      90    -117.6439     -30.5976
      91    -116.8683      -9.4478
      92    -111.1752      -1.5122
      93     -77.7380     -23.0087
      94    -118.8941     -12.4061
      95    -101.9818     -13.9074
      96    -108.4337     -15.8064
      97    -100.0381     -30.7897
      98    -110.7136     -17.6062
      99    -120.4770      -4.3814
     100    -120.2603     -27.1489
     101     -82.1477     -23.7583
     102    -102.8084     -22.7165
     103    -107.7231     -33.1649
     104    -107.6785     -14.8538
     105     -82.6801     -15.1077
     106    -111.1538     -30.9198
     107    -108.3999      -1.3859
     108    -118.1631     -28.9299
     109    -102.3774      -5.5235
     110     -93.4850     -17.5132
     111    -100.8020     -23.9967
     112    -116.4400     -20.7360
     113     -84.5020     -39.9119
     114    -109.1484     -17.3718
     115     -91.9709     -21.2894
     116    -108.2695      -8.1797
     117    -105.6842       2.9399
     118     -75.5385     -15.2268
     119     -65.5299     -22.0734
     120     -97.3708     -22.6423
     121     -98.2022      -9.3733
     122     -99.9179      -5.1005
     123    -122.6042      -6.6707
     124     -84.1565     -21.6509
     125    -106.5123     -22.2235
     126     -94.9881      -6.9881
     127    -101.0962     -10.8234
     128    -111.7001      -9.2049
     129    -103.9077     -10.7460
     130    -111.3971     -17.2135
     131     -87.3661     -21.6993
     132     -99.6343      -8.8421
     133    -112.5402     -12.6241
     134     -78.6363     -14.6847
     135    -113.2409      -6.8821
     136    -105.0200     -18.9114
     137    -102.7898     -19.0012
     138    -102.8078     -29.6867
     139    -109.0991     -20.5100
     140     -93.5700      -6.4664
     141    -107.4911     -19.0200
     142    -104.7375     -28.4633
     143    -112.8081     -12.9279
     144    -102.0295      -8.6296
     145     -97.9988     -10.6227
     146    -124.6372     -22.5237
     147     -98.5287     -20.5651
     148     -99.4917     -19.0834
     149     -87.2992     -32.3375
     150     -98.5007     -13.8287
     151     -96.5398     -16.7456
     152    -110.1517     -24.9539
     153    -132.1281     -37.3022
     154     -94.2420     -42.8789
     155    -100.5635       0.0338
     156     -98.7936     -22.8520
     157    -105.6754     -14.1210
     158    -105.2703     -35.8887
     159    -115.8880     -19.5140
     160    -106.8153     -17.7533
     161    -110.9672     -10.0585
     162    -126.5750     -21.6298
     163    -121.2476     -10.7473
     164    -121.2855     -15.9412
     165    -100.9305     -22.2783
     166    -105.6521     -19.6973
     167    -113.3581      -8.9747
     168     -98.8999     -25.4003
     169    -100.0292     -33.1729
     170    -106.9430      -4.4909
     171    -115.8186       4.5437
     172    -123.1612     -16.7156
     173     -92.5061     -24.0504
     174     -89.4204     -13.5465
     175    -112.5907     -11.4680
     176    -131.4718     -21.0090
     177    -117.2429       3.7063
     178    -125.7989     -13.4013
     179    -117.8881     -14.3032
     180     -99.7506     -31.7010
     181    -124.5485     -26.8684
     182    -113.2538     -20.4294
     183     -93.1140     -19.8477
     184     -97.3269     -28.9827
     185    -104.8311     -24.7609
     186    -109.8162     -15.7726
     187     -81.0614     -18.8587
     188    -101.2508     -19.0609
     189    -117.8128     -23.3942
     190    -104.8783     -17.9217
     191    -105.2331      -9.1601
     192    -108.4210       1.7807
     193    -122.6298     -20.8315
     194    -103.4612     -15.6437
     195     -91.6719     -17.7578
     196    -105.0711      -5.4488
     197    -105.0486     -22.8658
     198    -108.1527      -4.9066
     199    -118.3514     -10.1665
     200     -94.6104     -16.2484
     201    -110.1555     -27.2144
     202    -107.5189     -11.4334
     203    -107.4780     -16.0617
     204    -124.6108       6.2726
     205    -116.7968     -18.7602
     206    -111.9585     -15.8126
     207    -103.0516     -12.2945
     208    -119.3593     -23.9872
     209    -117.2411     -20.6823
     210     -99.6310     -17.9641
     211    -122.0235     -19.2617
     212    -101.3050     -20.2002
     213    -104.2346     -14.3946
     214     -86.5537     -12.4709
     215    -109.8459     -29.0566
     216    -125.0836     -10.3233
     217    -115.4853     -13.5045
     218    -119.4058     -15.1336
     219    -124.3923     -24.1025
     220    -101.2397     -12.7293
     221    -121.2156     -10.1969
     222    -105.1530     -30.4852
     223    -120.4889       5.9060
     224     -97.6102     -24.4074
     225    -106.5668      -7.2061
     226    -103.2996      -8.2538
     227    -103.9362     -27.9985
     228     -80.1628     -18.6249
     229    -106.8196     -12.5484
     230    -126.7917     -12.2081
     231     -93.2951     -20.4017
     232    -112.0433      -3.0020
     233    -109.8516     -15.4906
     234     -94.5575     -20.6766
     235    -114.0201       6.8940
     236     -90.5873     -12.0481
     237     -95.2219     -12.9199
     238     -88.1291     -24.2227
     239    -108.6745     -15.6101
     240     -94.6659     -15.4790
     241    -123.2387     -15.9630
     242     -87.6436      -8.1388
     243    -104.3683      -9.9114
     244    -105.7082     -17.3863
     245     -96.7765     -14.0927
     246    -114.0055      -9.7296
     247    -100.7824     -36.5213
     248     -93.6520      -3.1125
     249     -85.7924     -21.5406
     250     -94.6784     -14.4559
     251    -102.8408     -25.4554
     252     -73.0200     -14.6395
     253     -95.8853     -26.3901
     254    -106.6948      -2.4599
     255    -109.0639     -13.6290
     256    -107.8101     -10.8199
     257     -97.1854     -13.2690
     258     -97.7438     -24.4297
     259     -98.4403      -7.3207
     260    -102.7194      -7.8720
     261     -85.3796     -16.4658
     262    -102.6498     -32.3048
     263     -82.6528     -21.2658
     264    -103.2330     -14.3490
     265    -112.3780     -11.9517
     266    -108.7232     -10.5033
     267    -115.7591      -7.8777
     268    -102.7084      -3.2477
     269    -117.2645      -3.9657
     270     -97.4743      -2.5187
     271    -107.4888       3.9032
     272     -92.2924     -11.4805
     273     -85.9981      -9.4379
     274    -112.6917     -16.2223
     275    -129.6191     -24.8424
     276    -117.3300      -2.1812
     277    -104.9152      -6.5803
     278    -102.4641     -33.3154
     279    -115.6406     -13.4245
     280    -102.4830     -18.5838
     281     -93.8372     -17.6877
     282     -95.8466     -19.9372
     283    -105.7034     -25.4556
     284     -79.7615     -25.6667
     285     -96.1896     -21.4137
     286     -96.3329     -27.0011
     287     -92.5781     -10.8261
     288    -117.1088      -7.1038
     289    -103.7786     -10.5087
     290     -71.4580     -21.2344
     291    -123.2534     -12.5692
     292     -87.0452     -21.3538
     293     -93.7345      -5.7722
     294    -107.3903     -15.7110
     295    -100.2080     -20.9992
     296    -108.0527     -22.9342
     297     -94.0040       1.4449
     298    -104.6052     -51.6341
     299    -115.4541     -20.2664
     300    -111.4210     -16.0971
     301     -95.2208     -11.7410
     302     -99.8815     -16.2415
     303    -115.8400      -7.2426
     304     -91.9278      -8.6780
     305    -103.2278     -25.6599
     306     -95.4145      -3.7825
     307     -83.7082     -18.8023
     308    -102.4912     -12.1359
     309     -82.5266     -28.3518
     310    -110.4659     -21.1890
     311     -92.7622     -21.4632
     312    -104.5953     -15.4288
     313    -111.2309     -15.5996
     314     -89.6073     -24.4810
     315    -101.6587     -24.6192
     316    -120.1274     -16.6532
     317     -98.9107     -22.8919
     318    -111.4296     -21.6352
     319    -100.1821     -25.7119
     320     -95.3524     -26.6815
     321     -98.4948     -15.0552
     322    -109.2270     -14.1413
     323    -110.8512       0.9218
     324     -99.8866     -22.5378
     325    -115.1231      -7.8805
     326    -132.2715     -13.1324
     327    -119.3626      -2.2514
     328    -106.6999      -8.3945
     329    -116.2385     -22.3184
     330     -92.9796     -11.8237
     331    -105.3779     -22.6635
     332    -114.4794      -8.3121
     333     -97.4108      -8.5105
     334     -88.0974       0.3135
     335    -119.7981     -23.4714
     336    -108.0854     -29.4994
     337    -100.9918     -26.5151
     338     -87.7022      -6.6542
     339    -106.0903     -12.5826
     340    -111.7137     -11.7893
     341    -105.3046      -6.5328
     342    -105.4208     -28.6544
     343     -89.7744     -17.0282
     344    -107.1987      -8.1740
     345    -103.1107      -6.9075
     346    -119.5192     -13.0724
     347    -112.6713     -26.3278
     348    -118.5121     -13.9068
     349    -104.8189     -16.1042
     350     -98.5767     -12.9671
     351    -107.7642     -29.8759
     352    -102.1552      -0.3682
     353     -85.6550     -17.7672
     354     -90.5581     -17.3876
     355    -109.5178      -7.5086
     356     -92.8434     -22.2638
     357    -120.3215     -12.1276
     358     -99.8346     -15.6351
     359    -109.3370       2.5123
     360    -102.9891     -13.5626
     361     -82.9654     -25.3371
     362    -105.4388     -13.2484
     363    -101.0906      -2.3820
     364    -110.7999     -12.2707
     365    -102.0512     -11.9146
     366     -95.1918     -24.5373
     367     -95.3370     -11.2805
     368    -112.8135     -29.8539
     369     -86.4581     -20.9702
     370    -106.6839     -11.4678
     371     -93.1303     -19.9304
     372     -96.8689     -21.9114
     373    -117.6886      -1.3666
     374     -98.9965       5.6431
     375    -112.5541     -12.0149
     376    -120.2065     -25.7412
     377    -109.0469     -10.4924
     378    -102.9602      -9.2856
     379    -101.7740     -11.4438
     380    -102.6321     -20.6244
     381    -111.2959       1.7975
     382    -104.5118     -28.3272
     383    -111.8018     -30.7342
     384    -109.6347      -4.7481
     385     -89.7501     -18.2858
     386     -94.1772     -27.4494
     387    -114.6994      -8.5476
     388     -98.8188     -25.7851
     389    -117.5695     -31.7855
     390    -104.3359     -30.7304
     391    -121.6924      -2.3344
     392    -107.9208      -3.2518
     393    -115.5516      -7.9556
     394    -112.9173     -10.7372
     395    -103.6293      -8.4072
     396    -116.8701      -5.2699
     397    -133.2261     -10.7184
     398    -106.5435     -27.3949
     399    -116.4357      -2.2631
     400    -100.2759     -15.7898
     401     -97.8163      -9.4740
     402    -107.5164     -16.3005
     403    -110.7660     -15.2590
     404    -115.1231      -1.6368
     405     -94.8789     -18.7424
     406     -98.5113     -22.5580
     407    -107.7262     -31.0535
     408    -128.1976     -19.3510
     409    -101.7243      -2.2430
     410    -114.4305       3.2625
     411     -81.8117     -27.1598
     412    -101.6661      -8.8203
     413    -112.6249     -14.0299
     414    -115.0531       3.9895
     415    -137.9644     -21.0868
     416    -110.3857      -3.3910
     417     -89.8890     -18.0510
     418    -118.4358     -19.1419
     419    -117.0121     -19.9414
     420    -113.8867     -15.3424
     421    -105.2089     -26.7970
     422    -128.2516     -13.9319
     423    -102.4957     -20.1520
     424    -111.0021     -20.5396
     425     -98.4975     -27.9052
     426     -98.3247     -18.1062
     427     -95.3192     -26.8698
     428     -99.7388     -26.1330
     429    -115.6047     -14.1178
     430     -89.0657     -13.5006
     431    -105.8089     -17.9225
     432     -92.5863     -12.0188
     433     -96.7827      -6.9664
     434     -84.5152      -6.9775
     435    -116.8009     -14.9094
     436    -102.2490      -2.6905
     437    -112.9229     -15.0310
     438    -100.6261     -16.6928
     439    -107.9366     -12.8178
     440    -102.6664     -18.4885
     441    -102.4183     -12.7134
     442     -97.9214      -5.9379
     443    -110.6759      -1.0459
     444    -125.3530     -14.9805
     445    -115.6468     -14.4818
     446    -115.3676     -17.4077
     447    -112.6524      -2.9587
     448    -125.0810      -6.3699
     449     -98.7653      -1.3713
     450    -114.0184      -9.1157
     451    -109.0754      -9.7386
     452    -108.9116     -16.5170
     453    -114.7078     -26.8556
     454    -109.2642     -12.5002
     455     -87.2921     -21.2942
     456     -97.3843     -30.4963
     457    -100.2591     -10.3089
     458    -114.9604     -10.0255
     459     -86.9248     -16.7566
     460    -100.2092     -20.9688
     461     -95.0242     -15.6564
     462    -108.7910       2.0150
     463    -107.1896     -16.0023
     464     -98.4903     -29.7509
     465     -89.8329      -3.1554
     466    -111.2401      -8.6459
     467     -93.9523     -24.1488
     468     -99.8885     -15.9181
     469    -111.3585     -25.2490
     470    -112.4894     -15.2761
     471    -102.4527      -7.6920
     472    -137.8108     -13.7798
     473     -93.7681     -14.3706
     474    -113.6405      -1.2904
     475    -110.7301     -10.4722
     476     -99.7876     -12.3228
     477    -107.1650     -12.2677
     478    -101.3290      -5.1595
     479     -93.3908      -5.0056
     480    -124.8165     -25.3791
     481    -106.4715     -14.3196
     482    -117.5687     -14.7062
     483    -106.1207     -18.3625
     484    -101.8236     -14.6648
     485    -102.8680     -16.7995
     486    -105.6405     -21.1297
     487    -133.9994     -13.3971
     488    -112.6208     -18.6646
     489    -107.3899     -11.3192
     490    -110.5152     -13.2221
     491    -105.5730      -1.1874
     492    -106.6146      -1.3956
     493    -102.3424      -2.7276
     494    -112.9288      -6.4845
     495    -107.8439     -51.9687
     496     -95.5289      -8.2821
     497    -111.6218      -9.1869
     498    -112.9537       1.4817
     499    -100.1381      -8.2451
     500    -101.0445      -6.3032
     501    -110.5986     -20.4313
     502     -86.7715       3.3440
     503     -97.0339      -3.6607
     504     -77.8683     -15.4417
     505    -119.0401     -11.0577
     506    -106.9458       0.1999
     507    -104.8993     -25.5241
     508     -99.5716       1.6022
     509     -98.0704      -3.6061
     510    -104.2763      -0.4863
     511    -106.7203      -3.2598
     512     -90.3190     -12.7729
     513    -123.9289     -15.4592
     514    -103.3772     -17.9501
     515    -108.6502      -1.6780
     516    -106.8758       3.6264
     517    -104.8120       7.4124
     518     -95.9799      -0.4863
     519    -115.7148      -4.7553
     520     -98.4998     -18.4569
     521     -95.3598      -9.8555
     522     -93.5552      -9.7987
     523     -85.1201     -13.4842
     524     -96.6101       0.1042
     525     -92.7424     -15.3348
     526     -84.3318     -17.1389
     527     -80.8512     -28.8072
     528    -105.3689      -4.1139
     529    -114.7534     -23.8470
     530    -110.2519     -11.1433
     531     -85.6406     -34.3558
     532     -95.2959     -27.6767
     533     -90.8248      -2.0116
     534    -115.1119     -20.9488
     535    -102.8213      -3.7664
     536     -83.1777     -34.8950
     537     -85.4496     -22.6412
     538     -95.7747     -19.8409
     539    -102.6653     -18.9499
     540    -113.9732     -15.6664
     541    -106.3146     -21.2847
     542    -102.2168     -13.6374
     543    -105.2282     -28.1650
     544    -105.7864     -22.9096
     545     -96.8193      -8.8663
     546    -111.3225     -18.7053
     547     -96.3096      -5.6602
     548    -119.5275      -8.4837
     549     -93.6993     -11.6130
     550     -99.0947     -13.8199
     551     -93.9495     -14.9745
     552    -125.6546     -24.3595
     553    -104.6994      -5.7938
     554    -120.8788     -13.7571
     555    -122.0970     -15.7834
     556     -98.4724     -28.4813
     557    -122.5157      -7.8769
     558    -128.3978      -6.9879
     559    -125.1238     -30.1057
     560    -111.9517     -34.4358
     561    -103.6581     -28.8411
     562    -106.3339     -14.9206
     563     -95.7440     -24.1670
     564    -115.2289     -16.0833
     565     -97.7386     -10.6474
     566     -95.7282     -23.2020
     567    -103.5481      -9.1388
     568    -109.3572     -14.8294
     569    -105.4517      -7.1881
     570    -128.5565      -5.4719
     571    -122.2656     -23.8772
     572    -106.4671     -12.2903
     573     -86.4066     -20.7962
     574    -108.1696       3.9020
     575     -88.3897     -24.7487
     576    -107.5599     -13.8517
     577    -122.1425      -9.5700
     578     -89.1236     -11.9042
     579    -105.2280     -19.3269
     580    -117.4439     -12.2988
     581    -107.7405     -19.1892
     582    -113.4801     -15.2056
     583    -114.3653     -20.8070
     584    -116.1597      -4.6376
     585    -108.3100     -18.3027
     586    -109.2156      -6.4104
     587     -95.3343     -13.2783
     588    -116.0461       1.6444
     589    -113.2940     -22.6866
     590    -110.6793       0.6755
     591     -97.3745     -13.7715
     592     -98.3413     -24.2084
     593    -105.3255      -4.6690
     594    -117.9444      -4.7930
     595    -101.3901       3.9216
     596    -109.8983     -28.4836
     597    -119.0604     -14.8449
     598    -120.7105     -30.9805
     599    -117.4416     -26.9832
     600     -92.7117     -16.9259
     601    -121.2495      -9.8179
     602     -84.4331      -4.6153
     603    -108.2546     -13.0581
     604     -92.5001     -40.7910
     605    -116.2410     -12.3443
     606     -84.1888     -14.7923
     607     -98.8152     -21.8831
     608    -108.8146     -36.1603
     609    -106.3993     -23.3692
     610    -116.6631     -13.2291
     611     -96.5204     -13.4984
     612     -86.9450      -9.1281
     613    -121.0259     -18.1999
     614     -94.7128       4.6948
     615    -106.8719     -10.2804
     616     -90.6054     -23.8270
     617    -118.6146     -12.1926
     618    -108.1531       1.1897
     619    -104.2973     -17.5716
     620    -113.8346      -6.4963
     621    -106.7126     -11.5219
     622    -107.5399      -6.4371
     623    -103.3377     -17.1038
     624    -112.0661      -5.7227
     625     -97.7518     -37.7578
     626    -110.1492       1.9632
     627    -110.4128      -4.5465
     628    -112.0631      -4.1532
     629    -124.5800      -5.9438
     630    -108.6513     -16.1197
     631    -121.0676      -2.8224
     632     -96.5586       4.1400
     633    -118.9680     -21.7672
     634    -103.2803      -2.9915
     635     -92.0038      -5.3095
     636     -91.0740     -22.3166
     637    -103.3321     -12.2825
     638    -106.6609      -0.2587
     639     -91.8191      -9.0436
     640    -106.0549     -17.7157
     641     -94.4294     -14.4714
     642    -111.3657     -12.8554
     643    -125.9502     -10.1839
     644    -110.9715     -15.3096
     645    -100.7990     -15.5308
     646    -109.8697      -5.0320
     647    -116.2488     -20.9424
     648    -104.0128     -12.6294
     649    -111.0180     -24.5830
     650    -115.3797     -21.6459
     651    -113.4480     -18.6902
     652     -99.6902     -28.5486
     653    -100.4994     -32.9655
     654    -103.2299     -28.4105
     655    -106.9076     -40.4246
     656     -92.1422     -19.8582
     657     -83.7526     -19.5698
     658     -93.4209     -11.6138
     659    -111.5572     -12.0018
     660    -102.1008     -18.5449
     661    -106.4686      -5.7551
     662    -108.4893     -11.4921
     663    -103.3992     -28.3495
     664    -107.9706     -18.0693
     665     -98.8662     -17.4230
     666    -112.4816     -11.3560
     667    -112.3146     -13.6651
     668    -106.2862      -8.4252
     669    -113.3335     -14.2395
     670    -100.0555     -22.6753
     671    -113.7387     -14.7191
     672    -129.8233     -16.5556
     673    -116.1944     -24.0195
     674    -112.7671      -7.2352
     675    -107.0190     -14.9026
     676    -117.1355     -17.5079
     677     -91.1876     -25.9675
     678    -101.6151     -13.2897
     679    -106.3098      -6.7783
     680     -93.7444     -29.6808
     681    -106.3048     -21.3858
     682    -111.5810     -19.8451
     683     -97.7722     -18.6813
     684    -126.6111     -18.8643
     685     -96.9850     -12.2883
     686     -90.5805     -14.0218
     687     -94.9202      -9.9488
     688    -105.3651      -5.4477
     689     -95.2165     -23.9833
     690     -98.2794      -6.1484
     691    -105.3145      -9.7999
     692    -112.6089     -10.7908
     693    -109.8153     -10.4756
     694    -127.9348      -0.8855
     695    -104.3497     -15.7585
     696    -106.7906      -9.9589
     697    -109.3960     -21.9168
     698     -90.3466     -13.3688
     699    -123.0063     -27.2387
     700     -99.5101     -35.6837
     701    -105.2267     -27.7000
     702     -97.2668      -1.9067
     703    -119.8964     -14.2695
     704    -107.4803     -27.1625
     705     -94.0884     -18.6779
     706     -97.1108     -16.7359
     707    -104.0441     -23.2170
     708    -111.4228      -4.2429
     709    -107.6540     -11.2070
     710    -100.7208      -4.3618
     711    -124.0324     -15.4883
     712    -116.3884     -17.5354
     713    -104.0388     -25.2481
     714    -119.5491     -24.8951
     715    -110.5462      -3.3623
     716    -113.3274      -6.7766
     717    -107.2621     -16.9578
     718    -102.0174     -39.9430
     719    -115.6547     -11.2078
     720     -96.6873     -10.7889
     721    -103.4478      -7.6204
     722     -89.8596     -10.5307
     723     -88.5462      -8.2854
     724    -106.7230      -4.6059
     725    -106.3365      -2.3386
     726    -113.3981     -14.2153
     727     -92.4520      -4.6154
     728     -94.2214      -4.6028
     729    -108.1777     -13.7684
     730    -108.3179     -20.9714
     731    -109.2043      -1.0912
     732    -106.1465     -12.1853
     733    -104.1313      -9.6065
     734     -88.0497     -20.0177
     735    -113.2381       4.2473
     736    -109.8818     -12.1814
     737    -128.0597      -8.6930
     738    -129.2232      -4.3894
     739    -102.0872     -15.2978
     740     -99.0479      -7.1101
     741    -110.9036      -6.5767
     742     -94.7975     -23.5175
     743    -128.6717     -13.8061
     744    -115.0605     -23.6187
     745    -102.9636     -28.7404
     746     -88.3113     -14.7133
     747    -111.3730       0.0754
     748    -120.4754       0.0228
     749    -103.3811     -33.3142
     750    -111.1698     -14.3274
     751     -90.6015     -19.5901
     752    -117.8954      -1.3575
     753     -98.8988     -17.4558
     754    -113.6698     -16.6507
     755    -100.2118      -1.2083
     756    -122.2141      -7.8948
     757    -120.5449     -17.8758
     758    -102.8776     -40.3090
     759    -116.8958     -12.4652
     760    -100.6190      -3.9852
     761    -102.8371     -14.6708
     762     -93.5889     -23.6959
     763    -109.1257     -28.2800
     764     -95.2346     -21.2848
     765    -112.7119     -19.6063
     766     -89.2303     -27.4582
     767    -118.9150      -4.6109
     768    -104.9932     -22.0347
     769    -104.7748     -21.9213
     770    -104.2013     -15.9143
     771     -92.5447      -5.2407
     772    -110.2736      -7.6439
     773    -105.8685      -3.5604
     774    -118.8990     -10.1085
     775    -120.5626      -5.1786
     776    -100.1105      -7.0547
     777    -116.6360      -9.4069
     778    -103.6041      -6.7573
     779    -115.0758      -8.9346
     780    -112.4871      -0.7825
     781    -113.9234     -12.0941
     782     -96.8434     -18.8037
     783     -99.0830     -20.0550
     784    -111.4579       5.0795
     785     -76.3491     -13.2181
     786    -112.3857     -23.3584
     787     -92.1537      -6.3693
     788    -112.7287       4.0177
     789     -88.7965     -16.0474
     790    -108.4215      -1.1539
     791    -105.4888      -0.4961
     792    -109.3123     -15.6301
     793    -107.6203       4.8047
     794     -98.1272       2.8787
     795     -94.0117      -0.0646
     796    -116.1640     -13.0648
     797     -95.3650      -2.8825
     798    -105.1408       2.4737
     799     -90.0557      -8.6633
     800    -115.9386     -30.2863
     801     -97.2643     -12.9187
     802     -89.3637     -15.5838
     803    -116.1288      -4.5026
     804    -109.7208      -7.8842
     805     -94.2911       1.5762
     806    -106.2038       5.6028
     807     -74.5653      -6.9569
     808    -107.8346     -18.7393
     809    -121.7211      -6.6714
     810     -96.9693      -1.6566
     811    -119.9340      -0.3919
     812     -96.6225       0.1992
     813    -109.9744      -2.5522
     814     -96.4237      -8.5500
     815     -95.3525       2.7726
     816    -113.2208     -10.8781
     817    -109.8966      18.4007
     818    -128.7859       5.9335
     819    -105.3183     -16.5344
     820    -127.1915       7.3415
     821    -106.3259       2.1830
     822     -91.8524       2.1418
     823     -83.3338      -1.2719
     824    -113.7151      -0.5694
     825     -84.4747     -17.8493
     826     -87.9472      -0.3059
     827     -97.9604     -24.9865
     828    -109.5589      -7.8383
     829    -103.4973      -2.8285
     830     -98.2407      -1.8504
     831     -95.7713      -1.7937
     832    -118.8915      -5.3152
     833    -107.5461     -20.6893
     834     -94.0918      -5.5959
     835     -95.4173     -18.8419
     836    -127.3516      -5.1223
     837    -104.2594       2.4086
     838    -133.0573     -10.3017
     839     -96.7580     -17.4289
     840     -97.2944      -1.0103
     841    -100.2320      -2.8744
     842     -99.5526      11.6494
     843    -106.2913      -0.7433
     844    -119.8925       1.2987
     845    -100.5219      -4.4494
     846     -92.5348      -5.6679
     847    -107.5638      -0.7131
     848     -89.9522     -12.6570
     849     -93.3313       1.3521
     850    -114.3551       5.1639
     851     -94.8489     -13.3314
     852    -121.5540       5.0629
     853    -105.3552     -18.6234
     854    -100.6000       7.3735
     855    -108.4927      -0.1049
     856    -131.6219       1.5167
     857     -93.2088      -7.4990
     858     -82.4938       6.1034
     859     -84.2260     -12.6975
     860    -115.8509      -2.4155
     861    -103.2737      -8.1169
     862    -100.8761      -1.6837
     863    -116.2195     -16.2103
     864    -114.5400     -27.4404
     865    -115.1924      -1.0763
     866    -108.9460     -32.4971
     867     -90.8071     -11.7259
     868    -105.2319      -8.3207
     869    -111.7324       3.1380
     870     -88.9832     -33.7481
     871    -113.0919     -18.2751
     872    -128.4485     -21.2776
     873    -112.4695     -16.7357
     874    -113.1208     -16.3615
     875    -101.7778     -16.1557
     876    -101.9781     -13.8855
     877    -102.7025      -2.5756
     878     -84.3638      -6.4866
     879    -109.6537       1.5698
     880    -109.2843      10.1843
     881    -120.1147     -10.7781
     882    -116.6637      -7.2808
     883     -86.6040      -0.4274
     884     -84.4038      -4.8140
     885     -84.6246      -5.6670
     886     -84.2527     -16.1046
     887     -83.6483      -8.1373
     888    -113.5954     -11.0595
     889    -102.0893     -11.9816
     890     -87.3180      -3.9127
     891    -109.2508     -10.5399
     892     -89.0814     -12.4769
     893    -100.5226     -18.6028
     894    -112.4360      11.9127
     895    -100.6176     -20.4581
     896    -111.1241      -3.8102
     897    -104.4519       7.6964
     898     -87.4761      -6.3887
     899    -108.1779      -2.7620
     900    -116.9459      -6.9758
     901    -106.1975      -5.7189
     902    -101.9380      -6.8054
     903     -92.1255     -14.0396
     904     -93.8676      -3.0034
     905     -98.3697      -5.3737
     906    -103.5973       0.6313
     907    -113.3074     -25.7181
     908    -120.7636      -4.0397
     909    -115.6464       0.3374
     910    -105.9664     -15.1632
     911     -92.5368     -19.8175
     912    -102.7110     -17.1213
     913    -105.2320     -12.2301
     914    -102.4516     -11.6427
     915    -103.0954       0.9114
     916     -99.1507     -14.3557
     917     -84.3621      -5.1625
     918    -104.8386       1.1491
     919     -77.3984      -0.1804
     920     -99.5811      -3.4481
     921    -105.8145      -2.7584
     922     -83.7341      -8.2292
     923    -106.0104      -0.6406
     924     -97.6618       7.7709
     925     -90.6186      -3.0623
     926     -96.7030     -18.6509
     927     -86.2615     -13.3209
     928    -114.5456      -7.8600
     929    -100.4650      10.4560
     930    -104.8528     -30.1286
     931     -90.4110     -12.1046
     932     -90.8797     -15.6139
     933    -120.6438      -5.2683
     934     -92.4797      -3.2509
     935     -94.9173      -1.2123
     936     -96.3195      -3.3734
     937    -119.6777      11.5484
     938    -102.7992      -6.0678
     939     -97.7009       8.3405
     940    -103.4161      -4.4979
     941    -142.4623      -2.0942
     942    -108.7875       9.3038
     943    -103.3428      -2.9212
     944     -82.2766     -30.3946
     945    -102.5506      -3.3076
     946     -91.7689      -6.5940
     947    -109.9221       5.8877
     948    -100.0735      -3.6440
     949    -101.2080       5.1098
     950    -105.5956     -11.3221
     951    -104.0212       1.5110
     952    -115.0846     -22.5226
     953    -124.3507       6.2220
     954     -97.6661     -18.9564
     955    -112.3345     -21.0315
     956    -109.5655     -20.5298
     957     -71.0815     -22.1469
     958    -110.7879      -1.4636
     959    -100.5416     -23.8764
     960    -114.9311     -11.7204
     961    -112.4180     -21.0604
     962    -127.9370      -0.8600
     963    -138.9583     -24.7007
     964    -110.4713     -19.3253
     965    -120.8463      -7.3545
     966    -117.9037     -27.0312
     967    -139.2217     -15.5564
     968    -114.7793     -11.4189
     969    -105.1585     -17.5814
     970    -130.4502     -12.8136
     971    -108.8335     -15.4589
     972    -109.5280     -22.1573
     973    -116.4035     -17.2550
     974    -107.6837       9.4581
     975    -104.6729     -10.1606
     976     -94.6075     -29.0530
     977    -108.5154      -5.3823
     978    -116.8786     -20.7669
     979     -92.0603     -10.7901
     980    -104.9765      -0.5376
     981    -107.4640      -2.8989
     982    -107.3951      -9.0642
     983    -106.3691     -11.5886
     984    -116.0324      -9.8538
     985    -109.3293      -9.3751
     986    -109.9728      -4.5421
     987    -130.6996       3.4751
     988    -100.2239     -19.9551
     989    -119.1868      -6.7136
     990    -102.3918      -9.6857
     991    -124.9069       1.9442
     992    -112.0330     -20.3452
     993     -81.5282     -15.1448
     994     -99.6804     -16.5941
     995    -113.4447     -26.0172
     996    -122.2828     -17.7741
     997    -114.5909      -7.7125
     998     -94.9448     -25.9873
     999    -115.2180     -10.4573
    1000    -105.0171       3.2328
