#Frame        phi:121      psi:121
       1    -129.5574      -3.3370
       2    -100.8188     -13.3216
       3    -109.9566      -5.3768
       4    -106.7441      -6.1731
       5    -100.2276     -15.2672
       6    -118.0507     -11.9745
       7     -87.5561      -3.0846
       8     -83.6349     -27.3429
       9     -96.6227     -17.1643
      10    -110.9869      -8.4244
      11     -97.5474     -16.6218
      12    -113.1309      -9.5161
      13    -116.8125     -22.7021
      14    -106.1855      -9.0585
      15     -95.2949      -9.9593
      16     -95.7154      -4.5450
      17    -107.9726      -9.2039
      18     -96.8755     -17.0778
      19    -117.9873      -8.7381
      20    -110.9416     -11.5989
      21    -104.7192      -7.5911
      22    -112.1727      -6.6223
      23     -80.1317       0.0049
      24    -124.0559       4.5880
      25    -111.0197      -9.7741
      26    -120.3995       9.1526
      27    -112.9553      -7.8004
      28    -121.7744      -3.5549
      29    -111.3833      -1.1715
      30    -113.5868       1.7296
      31    -104.4861      -2.3764
      32    -101.4149      -8.1537
      33     -83.3476     -20.7177
      34     -91.3135       0.1481
      35     -94.4768     -12.7930
      36     -98.4140      -5.9209
      37    -105.9412     -15.5636
      38    -100.5236       4.5285
      39    -124.2693      -2.9092
      40     -96.9636     -22.8915
      41     -94.1945      -0.5756
      42    -107.6546      -7.0207
      43    -114.6299      -4.8258
      44    -104.9723      -2.1772
      45    -116.0442       1.4446
      46    -114.2949      -5.0025
      47    -103.1135       7.1761
      48    -121.7554      15.2163
      49    -107.9419      -9.0542
      50    -101.0291     -12.0065
      51    -110.1649      -3.3741
      52     -86.6384      -5.0416
      53     -87.6069      -5.8938
      54    -108.1643     -14.0875
      55    -112.3018       0.1131
      56    -108.9672       6.4759
      57     -83.3115       2.1663
      58    -102.6449       6.4593
      59    -106.4081     -14.5013
      60    -117.9890       1.4621
      61    -104.9829     -16.1270
      62    -101.1467     -16.3103
      63     -96.2150       2.9904
      64    -108.7834     -12.1419
      65     -96.4298      -8.4259
      66    -117.8810      -1.2671
      67     -85.3848     -10.9522
      68    -107.0345      -5.5729
      69     -92.9088       2.0555
      70    -111.2266      -9.6767
      71    -119.0754      -5.6284
      72     -95.7701     -12.6081
      73    -109.5227      -5.7938
      74    -112.0604       1.1188
      75    -105.0306      -4.0987
      76    -115.0776      -3.7393
      77    -106.8520      -1.2972
      78    -104.6261     -23.2633
      79     -97.1328      -5.2058
      80    -115.7713      -3.1352
      81    -107.1404       4.5964
      82     -95.1318      -9.7378
      83     -91.2962     -30.4265
      84    -110.7129       1.1509
      85     -87.4449       0.7575
      86    -108.2983       0.9948
      87    -122.3689      -6.8523
      88    -121.9886      -5.2010
      89    -104.5883      -7.8633
      90    -121.4672      -5.6188
      91    -123.2024      -2.0380
      92     -96.4583     -17.0677
      93    -102.0849     -19.9020
      94     -91.5350     -27.5010
      95    -103.1958     -17.7503
      96    -112.6427      -0.9219
      97    -114.1466      -7.6035
      98     -99.9279     -26.7381
      99     -97.4912      -3.5183
     100    -105.8691     -30.4422
     101    -102.6122      -9.6035
     102    -110.1876     -20.3902
     103    -108.3939      -2.1709
     104     -95.9295     -29.6347
     105    -122.3222     -11.6588
     106    -115.3210     -22.2808
     107    -101.8707      -9.9641
     108    -120.1006     -16.4862
     109    -117.0704     -23.1522
     110    -108.4507     -12.7114
     111    -103.4278     -28.0444
     112     -95.5236     -23.0795
     113    -130.1106     -25.1494
     114    -101.7719     -17.1754
     115    -117.5262     -15.9764
     116     -95.8314     -42.9794
     117    -124.8544     -12.1842
     118    -105.0204     -19.9173
     119     -97.9107      -8.5667
     120    -132.6153      -4.8380
     121    -132.3675       3.3418
     122    -107.2604     -32.4587
     123    -112.7542     -31.8487
     124    -112.7043      -7.7040
     125    -112.5139      -4.6156
     126    -101.0778     -26.5039
     127    -117.0093     -15.5591
     128     -92.0100     -18.4923
     129    -113.8191     -14.6179
     130     -93.0792     -29.1176
     131     -91.4781     -44.1276
     132    -101.3004     -16.6635
     133    -107.9129     -12.2059
     134    -124.1129      -4.1905
     135    -101.8219     -13.8837
     136    -108.2962     -16.9327
     137    -120.5190      -9.3402
     138    -101.3688     -21.6542
     139     -90.4635     -24.7295
     140    -127.0131      -8.3593
     141    -109.3598     -20.9073
     142    -100.3883     -11.4093
     143     -91.9783     -12.6874
     144    -123.0359      -7.0419
     145    -110.1444     -15.1825
     146    -120.9174       0.7065
     147    -108.2801       1.3992
     148    -110.4405      -6.9969
     149    -121.6482       0.5991
     150    -108.7735     -11.0956
     151     -97.5069     -20.6157
     152    -120.9185      -7.6214
     153     -84.7590     -27.0569
     154    -109.3298       8.7031
     155    -134.6786       8.2227
     156    -133.9394      10.8644
     157    -112.2037     -14.9402
     158    -129.1057     -11.8777
     159    -128.2583      11.1052
     160    -128.0490      -7.3415
     161    -119.4501     -20.9886
     162    -114.0956     -21.2448
     163    -107.6805     -17.7061
     164    -105.1176       0.3798
     165    -121.0448      -5.4519
     166    -140.9307      -3.2697
     167    -102.1868     -21.2116
     168     -96.4257     -16.8806
     169     -99.2136     -18.9042
     170    -124.0560     -15.5066
     171    -127.0010     -11.8540
     172    -109.5068      -7.8556
     173    -112.8396     -39.2283
     174    -111.0877      -6.4420
     175    -100.1116      -4.7635
     176    -103.2824     -16.9237
     177    -113.5147       0.8867
     178    -106.6594      -7.9490
     179    -103.9879     -12.5049
     180    -110.3519       0.0044
     181    -121.8848      -8.1705
     182    -125.4815      -7.5609
     183    -111.7321     -19.2763
     184    -100.7547      -9.8268
     185    -106.9758     -13.7800
     186    -117.3270     -18.2711
     187    -106.8104     -11.6218
     188     -84.9935     -24.1926
     189    -108.7287      -6.4268
     190    -119.8610     -10.0521
     191    -104.4377     -12.5206
     192    -103.0356     -22.4161
     193    -102.9326     -25.3541
     194    -133.3702       2.1467
     195    -141.2126      -5.8066
     196     -95.1366      -8.7744
     197    -110.0145       3.1781
     198    -116.1831       3.0837
     199    -101.1375     -13.5919
     200    -109.8648     -15.8625
     201    -105.3972     -24.2483
     202    -105.1854      -4.9499
     203    -113.0093      -2.1321
     204     -98.8708     -14.5367
     205     -98.1205      -8.0566
     206    -107.0735     -35.7855
     207    -109.4383     -17.9414
     208    -131.9098     -19.2507
     209    -111.0988     -23.1110
     210     -97.9989     -25.8378
     211    -112.2804      -3.9360
     212    -114.3757      -1.8032
     213    -128.4726      -9.2062
     214    -106.7314     -12.0892
     215    -106.3564     -11.9131
     216    -111.5998     -10.3574
     217    -103.4723     -15.4075
     218     -98.4252     -16.4572
     219    -120.2658       3.1766
     220    -110.1384     -19.6620
     221    -100.8100     -23.7172
     222     -94.3338      -8.9015
     223    -108.7092      -8.3394
     224    -111.8406      -1.0340
     225    -107.3146      -8.2179
     226    -135.5622       7.5577
     227     -97.3182     -23.8506
     228    -110.8034     -16.8465
     229    -120.6830     -11.8467
     230    -113.2471      -4.5292
     231    -128.7907     -20.1571
     232     -98.2115     -11.5053
     233     -97.7899     -21.5569
     234    -116.0096     -23.5147
     235    -104.4036     -15.3861
     236    -116.8320     -10.6135
     237    -100.2991      -6.2793
     238    -116.5384     -21.4787
     239    -104.3140     -18.0425
     240     -99.7631     -30.8817
     241    -110.6383     -17.8518
     242    -107.2355     -18.7831
     243    -110.0343     -14.3752
     244    -109.0181     -11.6849
     245     -94.9785      -8.1690
     246    -115.5744     -15.5195
     247     -98.0019     -16.3899
     248    -122.5313     -13.0291
     249    -107.6538     -10.8357
     250    -107.1215     -17.5001
     251     -97.6436      -6.4566
     252    -107.1890      -1.3160
     253    -122.1914      -7.3192
     254     -96.1910     -16.9141
     255     -86.4970     -20.4391
     256    -113.2363      -7.2539
     257    -119.3951      -7.9222
     258    -104.0857     -13.1581
     259    -110.8361     -11.0355
     260    -103.9510     -12.2379
     261     -87.0233     -18.0901
     262    -113.6656      -8.6747
     263     -94.0529       2.3624
     264    -110.5148     -23.4460
     265     -97.2338      -3.2437
     266    -104.5976     -27.9659
     267    -110.8495     -20.1746
     268     -89.1163     -14.4804
     269    -105.1789     -15.9660
     270     -95.3580     -24.7010
     271    -107.5348      -5.8219
     272    -109.3206     -20.5029
     273     -97.3546     -13.4032
     274    -109.3584      10.1684
     275    -112.9474     -12.3746
     276    -101.3154     -26.7116
     277    -128.2620     -18.3340
     278    -115.0416     -12.3737
     279     -98.9194     -16.9780
     280    -104.4969     -17.0547
     281     -97.6865     -31.2818
     282    -105.0572     -32.3827
     283    -119.4214     -11.3294
     284    -107.5548     -30.1755
     285    -100.6223     -10.5532
     286    -106.9911     -21.2736
     287    -110.6152      -9.6638
     288     -96.4785     -17.3103
     289    -111.9253     -18.3667
     290    -104.4130      -1.9691
     291    -108.8060     -17.4863
     292    -115.8797     -12.0740
     293    -124.7205       4.0791
     294    -131.6342     -24.6881
     295     -94.8588      -9.7052
     296    -103.5516     -15.1425
     297    -109.8273       6.6429
     298    -119.5333     -16.3628
     299    -101.8088      -0.5494
     300     -92.3793     -14.5622
     301    -113.9280       5.9309
     302    -103.6723      -4.6362
     303     -87.6847     -13.5130
     304    -120.0967     -38.4423
     305    -104.3551     -20.2005
     306    -123.7659      -7.5512
     307    -119.6071     -21.0923
     308    -101.5138     -12.8846
     309    -114.0428      -7.3743
     310    -108.3304      -2.2290
     311     -99.2060     -14.3744
     312     -98.4264     -15.2182
     313    -132.6154     -10.3122
     314    -103.0160      -0.7449
     315    -103.8618     -34.7884
     316     -97.7178     -13.1166
     317    -113.6230     -22.1676
     318    -103.0777     -13.3346
     319    -106.2153      -8.6681
     320    -121.7413     -15.4085
     321    -109.9457      -8.7317
     322    -104.9567     -12.4208
     323    -114.3837      -9.2289
     324    -101.8761     -12.0110
     325    -105.6287     -12.0523
     326    -102.3656     -10.2822
     327    -109.1460      -8.6019
     328    -109.0665     -17.8723
     329     -98.7004     -30.2724
     330     -98.2920     -19.9603
     331     -95.1578     -14.7500
     332    -119.0816      -4.7179
     333    -109.7955     -23.2599
     334    -130.1588     -12.2199
     335    -112.2737     -16.0513
     336    -114.2532      -4.8024
     337     -99.9731       1.6890
     338    -101.2397     -15.2538
     339    -103.5591      -9.5085
     340    -103.6602      -9.5501
     341    -119.3696     -12.9566
     342    -117.2773     -24.6199
     343    -105.4544     -17.6735
     344    -116.1221      -5.8995
     345    -100.1995      -6.7591
     346     -93.7274       2.2651
     347    -105.9291      -0.4236
     348    -113.8534     -13.7409
     349    -107.7377     -25.7268
     350    -107.9415     -26.2422
     351    -119.6878     -13.3052
     352    -113.5413     -24.4956
     353    -117.6886      -2.8423
     354     -92.5094     -18.8599
     355    -112.1583      -3.1388
     356     -97.5340     -18.8537
     357    -117.3570      -3.0200
     358    -119.0035     -20.3018
     359    -103.0106       0.2396
     360    -111.3811     -16.6480
     361    -109.9758      -5.0715
     362    -103.9992     -13.0935
     363    -108.9926     -13.5240
     364    -113.5400     -26.4681
     365    -100.7797     -16.7318
     366    -111.3696     -18.8451
     367    -100.1482      -7.1024
     368    -130.0646      -7.3551
     369     -97.2631     -18.5839
     370    -113.5411     -31.2730
     371    -110.6389     -10.6107
     372    -105.9644     -27.6189
     373    -120.0836      -5.3742
     374    -115.9957     -19.2625
     375    -123.8466     -15.4100
     376     -99.1634      -9.0069
     377     -94.8626     -21.4505
     378    -100.4473     -29.5347
     379    -111.9070     -12.9319
     380    -116.8517       6.0932
     381    -103.0547     -19.4371
     382    -115.4759     -20.2208
     383    -100.5974     -23.1444
     384    -116.4268     -10.3791
     385    -116.4939       8.8345
     386    -105.5808     -19.5065
     387    -122.7801     -13.6468
     388    -115.9709     -11.6700
     389    -106.0699      -1.2391
     390    -100.3344     -18.0556
     391    -123.9367     -13.4707
     392    -106.2623      -7.0271
     393     -99.2800       1.5786
     394    -102.4686       2.3921
     395    -119.6274     -16.4167
     396    -120.5872       2.5340
     397    -117.1778      -2.6684
     398    -111.0375      -8.3089
     399    -116.2098      -8.7500
     400    -126.3097      -7.4132
     401    -104.0872     -23.0590
     402     -98.2342     -18.8892
     403    -115.2659     -10.5102
     404    -116.0540     -11.5896
     405     -96.8116     -10.9971
     406    -106.0573      -9.9523
     407    -112.7888      -1.5541
     408    -106.5706      -5.8673
     409    -108.8820       2.2671
     410     -96.2325      -2.6408
     411    -108.9842      -8.2832
     412    -113.5288     -15.2378
     413    -121.7548      -9.9093
     414    -105.2415       2.2960
     415    -107.4781      -2.6491
     416     -94.7396     -20.3299
     417    -100.5688     -11.4958
     418    -116.3434     -15.3955
     419    -111.1942     -19.5286
     420    -123.4205      -5.5595
     421     -99.1752       0.0154
     422    -106.7136     -17.5958
     423    -100.0917     -17.9137
     424     -94.7881     -18.8466
     425    -118.9601     -17.1253
     426     -88.6327      -6.7288
     427    -107.9738      -1.9775
     428    -129.5958      -1.8659
     429    -117.0556     -15.1467
     430    -125.5386     -11.2043
     431    -102.7115     -15.1658
     432     -92.3879      -9.5139
     433    -125.8850       8.8290
     434     -96.3088      -9.2369
     435    -103.5307     -23.6477
     436    -113.5426     -25.0479
     437    -102.9671     -13.6845
     438    -104.3285      -6.6130
     439     -98.1131      -6.9662
     440    -102.4040      -5.0531
     441    -130.4357      -1.8192
     442    -112.6831     -21.2086
     443    -100.9369     -19.2060
     444     -86.9678     -20.5174
     445    -109.0259     -15.2007
     446    -108.9803      -1.6980
     447     -94.5970      -7.6490
     448    -111.8297      -8.6504
     449    -125.7113      -6.9872
     450     -84.5109     -15.8993
     451    -104.3144     -18.0811
     452    -123.5119     -15.6953
     453     -87.8094     -20.7067
     454    -134.8365       2.3080
     455     -97.8130     -24.7826
     456    -117.8535     -17.0468
     457     -99.5625     -27.4890
     458    -127.7068      -6.6542
     459    -100.9635      -5.5830
     460    -112.6386     -22.8843
     461    -119.2773     -27.2063
     462    -109.6715     -12.5100
     463    -108.8655     -11.2640
     464     -90.7435      -2.1308
     465    -106.1427      -7.6798
     466     -99.4722      -4.4244
     467    -104.3798     -20.6399
     468     -96.9358     -21.0890
     469    -111.7240     -11.7541
     470     -99.5142     -14.9522
     471    -111.1961     -18.4216
     472     -99.7944     -12.7091
     473    -102.7727     -12.8364
     474    -105.0714     -16.1656
     475     -98.2126     -10.4782
     476     -88.6636     -18.4740
     477    -103.0924     -11.0371
     478    -104.9717      -8.3018
     479     -95.2246     -15.9236
     480     -97.3671     -12.7502
     481    -103.1809     -17.4500
     482    -102.6670     -10.6242
     483    -110.2484      -3.5194
     484    -101.3713     -10.1525
     485     -99.9183     -11.5289
     486     -98.9328     -17.0880
     487     -96.8445     -15.4516
     488    -120.7091      -7.7416
     489    -123.9506      -8.0238
     490    -102.7148     -19.8031
     491    -102.6171     -34.9006
     492    -115.7860     -27.8418
     493    -101.0465     -14.2848
     494    -107.3832     -17.0974
     495     -98.6369     -10.3577
     496    -102.0984      -9.9954
     497     -94.7095     -14.6628
     498     -90.6002     -29.5217
     499    -116.2258     -26.8299
     500    -113.6892      -5.2716
     501    -116.2747      -0.9084
     502    -126.8510     -14.2435
     503     -97.0207      -6.7783
     504     -84.3315     -12.4458
     505    -100.9146     -14.1696
     506    -108.2869     -14.7874
     507     -97.0751      -9.9065
     508    -104.3768     -20.1489
     509    -113.6611     -23.5642
     510    -108.2617     -32.5946
     511    -110.0246     -12.5797
     512    -108.1959      -3.4623
     513    -107.8392     -20.6182
     514    -110.5627     -14.4790
     515    -109.0124     -26.0823
     516    -100.0877      -7.8842
     517     -96.5518     -20.6844
     518    -122.0069     -17.8819
     519    -114.5327     -15.4354
     520    -111.2078     -23.0129
     521     -99.9010      -7.0667
     522    -110.7610     -18.5788
     523     -98.4352     -13.8498
     524    -111.5192     -17.7992
     525    -115.5851       5.6056
     526    -118.4213     -12.9053
     527     -90.7226      -9.3892
     528    -101.2483     -18.3814
     529    -108.3609     -25.2084
     530     -96.2353     -22.0843
     531     -93.2710     -30.5251
     532    -111.9684     -16.5712
     533    -107.9886      -4.6542
     534     -99.1215     -26.9684
     535    -113.9058     -19.5669
     536    -105.2970     -21.2153
     537     -89.9456     -31.9235
     538    -101.1452      -9.4190
     539    -105.3398     -23.2947
     540     -90.3788      -7.1307
     541    -112.7710      -5.6876
     542     -89.5762     -14.3474
     543     -97.1886     -19.9642
     544     -96.8583     -27.6161
     545    -100.0867     -18.7675
     546    -106.7670      -6.5835
     547    -126.9010       2.3881
     548    -100.1905     -25.1623
     549    -118.2791     -15.4629
     550    -105.5024     -15.3698
     551    -110.0348     -20.2842
     552    -102.5965     -15.9089
     553    -114.7678     -25.0605
     554     -91.9326     -20.6470
     555    -115.4565     -10.9219
     556    -130.8006       0.6052
     557    -130.0275      -4.0209
     558    -104.0539     -13.2043
     559    -115.1741     -20.3255
     560    -108.4322     -21.0472
     561    -105.1896     -12.3693
     562    -118.8757     -19.5638
     563    -104.9678     -13.0685
     564     -97.6435     -29.1547
     565    -110.2564     -21.0212
     566    -103.7326     -19.9931
     567    -114.6105      -8.5789
     568    -124.9697     -12.1448
     569     -97.1838     -20.6486
     570    -101.8188     -29.9069
     571    -101.9875     -21.0110
     572    -144.1985       2.0265
     573    -106.4328     -28.3832
     574    -122.6695      -0.8136
     575    -106.0816     -15.6745
     576     -94.9135     -25.7774
     577    -102.0113      -6.6959
     578    -116.7729      -7.2240
     579    -116.9329     -15.3454
     580    -115.2479     -14.6833
     581    -117.7639      -0.3827
     582     -98.9960     -11.1071
     583    -114.6632     -20.8177
     584    -120.8985     -20.3464
     585    -110.0479      -2.6362
     586    -112.2631     -12.7692
     587    -109.9373     -22.3490
     588    -102.3656     -28.7630
     589    -107.9744     -19.1745
     590    -101.8858     -28.4257
     591    -120.8046       7.3605
     592    -105.5323     -21.0068
     593    -110.6558     -15.9689
     594    -100.6854      -8.4185
     595    -115.7033     -19.8942
     596    -101.2347     -16.7656
     597    -113.6591     -16.4985
     598     -94.0144     -21.3680
     599    -107.4149     -11.7351
     600    -114.4266     -30.0842
     601    -136.4119      -9.1300
     602    -109.5310     -20.3845
     603    -111.3054     -14.1475
     604    -112.3835      -4.0787
     605    -122.1288     -14.3060
     606    -109.9690     -10.6572
     607     -94.5453      -8.9815
     608    -120.0839      -7.6179
     609    -100.5257     -35.4475
     610    -102.8856     -13.4443
     611    -110.8237      -8.6254
     612    -106.3386       0.4422
     613    -120.8949       3.9865
     614    -115.8775     -10.7211
     615    -111.1217       3.8771
     616     -98.6066     -25.4097
     617    -106.8222     -32.5181
     618    -117.2339     -35.6894
     619     -96.6438     -19.6585
     620    -103.3825     -33.0535
     621    -117.3087     -18.2645
     622     -96.3529     -22.0079
     623    -113.9205      -6.2574
     624    -108.7116       2.6230
     625     -90.9593      -7.1597
     626    -104.5548     -25.3672
     627    -113.1064      -8.3531
     628     -89.8642     -25.5452
     629    -119.1641      -5.4851
     630    -109.8837      -0.5857
     631     -98.9428      -9.1131
     632    -102.8930      -8.6501
     633    -118.0713       5.5576
     634    -116.9333      -3.4360
     635    -111.1204     -14.3954
     636    -121.6772       0.7241
     637     -99.8644     -26.1106
     638    -114.0222     -19.7262
     639    -100.6481     -33.3524
     640    -118.2943      -9.3414
     641    -105.4808       6.8636
     642    -105.2593     -12.0593
     643     -95.7890     -18.0147
     644     -85.3942      -2.0392
     645    -111.7524     -23.4909
     646     -89.0083     -34.3340
     647     -98.4415     -28.0337
     648    -113.5102     -12.8761
     649    -126.9224     -27.7098
     650    -106.3605      -4.9094
     651    -104.1392     -27.0526
     652    -103.2483     -19.8526
     653    -114.9159     -19.1057
     654     -88.7140     -28.7882
     655    -111.4571     -29.5616
     656     -97.6753      -8.4612
     657    -112.5456      -9.7492
     658    -111.4655      -0.7282
     659     -95.5807      -9.4036
     660    -112.2595       1.5747
     661    -108.9554     -13.8095
     662    -110.2054      -4.8382
     663    -117.2402     -14.7231
     664    -111.1802       1.0340
     665    -115.1662      -1.1682
     666    -103.8782      -8.1595
     667    -100.5452     -20.2804
     668    -108.0121     -11.6721
     669     -97.3697      -1.5020
     670    -100.7430      -9.9287
     671    -109.1245     -13.8525
     672    -106.4693     -16.9683
     673    -124.9354      -0.2517
     674    -122.6072     -12.8697
     675    -128.1044     -16.2882
     676     -89.1234     -10.8584
     677    -114.7949      -5.2900
     678    -106.7643     -15.3856
     679    -109.4660     -16.2207
     680    -121.6261     -13.3414
     681    -100.9154     -21.4215
     682     -95.9146      -4.7106
     683    -119.7179      -8.8131
     684    -110.3314      -7.9585
     685     -95.2656     -12.5845
     686     -99.6479     -33.0582
     687    -103.2833     -23.1997
     688     -97.5477     -19.6248
     689    -101.6295     -10.5573
     690    -114.1641     -10.3678
     691    -109.0846      -3.4000
     692    -106.8583     -15.1261
     693    -121.6093       3.5151
     694    -101.2720      -9.4374
     695    -107.2404     -18.6591
     696    -110.8659     -17.1105
     697    -116.0836      -6.2010
     698    -121.5991      -6.5742
     699    -107.1636      -5.8499
     700    -113.6404     -31.7580
     701    -110.7157      -8.0461
     702    -102.4808     -26.7068
     703    -117.1437     -22.4390
     704    -117.5102     -27.0332
     705    -101.2848     -14.2628
     706    -109.6336     -16.7858
     707    -105.2896     -26.8583
     708     -97.6248     -13.3121
     709    -104.7976     -23.3210
     710    -116.6966      -4.7018
     711    -108.0763     -27.6539
     712     -94.3654     -29.9593
     713    -119.8837      -9.4418
     714    -104.5659     -17.0455
     715     -92.8422     -16.8106
     716    -113.7872     -13.2349
     717    -115.0442     -17.1651
     718    -109.6183      -3.6344
     719    -113.9757      -5.5524
     720    -103.9996      -1.0266
     721     -85.3937     -33.7801
     722    -121.0639     -23.9921
     723    -123.7190      -8.1660
     724    -110.8933       2.5418
     725    -115.7196     -21.5422
     726    -104.1755     -32.5356
     727    -121.8842      -4.0971
     728    -116.3663     -14.8121
     729    -100.1119     -29.1013
     730     -95.9234     -22.1178
     731    -118.2439     -12.0035
     732    -116.7810     -13.3534
     733     -93.5500     -28.2129
     734    -101.9164     -24.2534
     735    -108.1715     -17.9784
     736    -110.3242     -20.1415
     737    -111.0590     -10.3312
     738    -119.7953      -3.6900
     739     -99.8500     -35.7141
     740    -117.8199      -4.8374
     741    -106.0047     -34.0229
     742    -105.9205      -5.6848
     743    -101.8548     -28.0396
     744    -116.4717     -22.0673
     745    -108.0309     -12.6280
     746    -102.6041      -3.7121
     747    -115.8515     -12.3760
     748    -110.7617     -31.4334
     749    -121.8005     -10.4818
     750    -117.6779     -13.6601
     751    -110.2539     -28.0850
     752    -121.5788     -18.1951
     753    -118.4245     -10.5496
     754    -108.2916     -10.4340
     755    -109.2785      -7.3988
     756    -114.9547     -33.2322
     757    -131.2006       4.7693
     758     -99.0117     -19.0453
     759    -114.1875     -10.4833
     760     -97.7696     -39.3243
     761    -108.7248       1.6454
     762    -103.8277     -27.4451
     763    -107.5168     -21.3484
     764    -115.8211      -8.3047
     765    -122.3745     -28.2113
     766    -110.5743     -12.2813
     767    -119.8790     -25.3144
     768    -107.2643     -15.6938
     769    -103.2810     -22.9990
     770     -99.0582     -20.2399
     771    -106.6345     -11.4133
     772     -86.5254     -11.1011
     773    -109.4649     -25.5833
     774    -103.7178     -18.1250
     775     -95.3575     -12.7204
     776     -98.3193     -19.0825
     777    -117.8371      -6.0119
     778    -116.3234     -20.2968
     779    -103.8966     -20.1740
     780    -112.3010     -20.2803
     781     -98.4793     -25.9217
     782     -97.3794     -31.1365
     783    -107.6564     -37.5291
     784    -103.2759     -14.8406
     785    -128.1486     -12.5924
     786     -99.3133     -17.9752
     787    -100.8974     -16.7087
     788    -110.8041     -16.9290
     789    -100.0416     -20.0778
     790    -102.2367     -10.4747
     791    -122.7750     -17.9426
     792     -99.4819     -15.4826
     793    -118.2328     -20.4014
     794     -90.9153     -16.2160
     795     -97.8565      -7.1344
     796    -109.1722     -20.2702
     797     -94.8346     -31.0192
     798    -106.4495      -8.1295
     799    -104.6555     -18.1799
     800     -96.7431     -15.7822
     801    -118.8734      -3.2114
     802    -102.3735     -17.9654
     803     -98.8823     -32.2874
     804    -102.7994       6.6888
     805    -112.7331      -6.5883
     806    -108.9673     -17.0864
     807    -112.5450     -19.6082
     808    -114.7230     -21.2683
     809     -98.3916     -15.5201
     810    -101.0974     -31.3954
     811    -104.9385      -9.7723
     812    -102.4358     -17.4019
     813    -101.2109      -4.3277
     814     -98.6145     -20.8737
     815    -108.4786     -15.9812
     816    -103.4913     -32.4221
     817    -105.1008     -20.9976
     818    -110.1278     -22.8025
     819    -101.7336     -31.2482
     820    -116.1659     -21.0347
     821    -113.0597     -19.7572
     822    -123.6333     -11.6027
     823     -92.0498     -41.3928
     824    -112.7562     -27.4845
     825    -109.0164     -14.8224
     826    -114.8830      -1.9696
     827    -125.4418      -5.4498
     828    -110.7054     -15.6437
     829    -108.6061     -15.4709
     830    -112.4134     -26.0169
     831    -104.5254     -19.1843
     832    -103.5400     -18.9967
     833    -119.6227      -9.7955
     834    -111.4749       5.9574
     835     -96.9494     -21.4497
     836     -95.0609      -4.7956
     837    -115.0309       8.1010
     838    -101.9508     -16.2190
     839    -103.0112      -3.4020
     840    -114.2253       5.5109
     841     -97.0445     -10.7077
     842     -99.9148     -31.6674
     843    -102.1513     -15.2767
     844     -93.6715      -3.0474
     845     -86.6921     -19.5428
     846    -104.0272      -7.1750
     847     -94.3388      -1.4874
     848    -103.1029     -14.6583
     849    -101.0067     -20.0342
     850    -100.3009     -20.9964
     851    -100.0959     -14.9118
     852    -105.7381     -21.7241
     853    -100.6034     -17.5534
     854    -108.9342     -23.3994
     855     -90.1105     -16.4675
     856    -104.7366     -22.9496
     857    -104.9210     -15.1860
     858    -101.5235      -8.4469
     859    -105.6229     -18.3877
     860     -98.1556      -4.7697
     861    -118.0532     -17.1218
     862    -105.4094      -6.1077
     863    -105.0908     -12.2124
     864     -98.6452     -21.6519
     865     -81.4240     -37.8515
     866    -114.1211       6.6854
     867    -113.3015       6.0791
     868    -124.3858     -35.9299
     869    -125.6259     -14.3021
     870     -89.2643      -4.7602
     871    -106.3025       5.6637
     872    -110.4366     -32.8943
     873    -105.0536     -12.0172
     874     -97.9938     -14.3692
     875    -112.5911     -23.1196
     876    -128.8617     -30.5398
     877     -94.8136      -4.8887
     878     -95.6960     -28.5803
     879     -88.8150     -31.4589
     880    -117.8146      -4.9998
     881     -88.8628     -15.2864
     882    -115.2811     -12.1069
     883     -99.5926     -19.8759
     884    -108.4029     -17.0588
     885     -94.1872     -28.2997
     886    -118.4865     -10.4101
     887     -87.1576     -23.0743
     888     -97.0820     -19.5240
     889     -93.6650     -30.7471
     890    -101.7786      -5.1687
     891     -90.8925     -19.4443
     892     -97.6071     -20.5255
     893    -106.2217     -20.2240
     894    -111.4818     -21.6128
     895    -118.8863     -34.1262
     896    -107.1323     -16.5159
     897     -97.8944     -25.9846
     898    -100.1856     -29.1587
     899    -135.6768     -32.8426
     900    -109.4964     -33.0329
     901    -107.1219     -34.1891
     902    -113.6719     -19.5349
     903    -105.9298     -13.6340
     904    -111.9474     -21.7951
     905     -91.4560     -19.1187
     906    -103.6803     -10.0763
     907    -108.2068     -20.4106
     908    -101.0232     -20.7138
     909     -90.8709     -10.7997
     910    -111.2401       8.3184
     911    -131.1375       0.7139
     912     -85.4799     -29.5478
     913    -111.2416      -5.3078
     914    -101.7171      -0.8236
     915    -127.2349     -13.2465
     916    -101.7331       0.7814
     917    -108.4916     -14.1601
     918    -117.1552     -13.0096
     919    -122.3846     -15.4761
     920    -107.8959     -23.0937
     921    -114.0981     -18.6916
     922     -97.9675     -25.1406
     923     -98.0737      -7.4503
     924     -98.2933     -11.9752
     925     -91.4119     -23.5581
     926    -102.6458     -26.8796
     927    -120.6250     -18.0649
     928    -101.6568     -32.6646
     929    -101.1292     -20.1804
     930     -82.4751     -21.8681
     931    -123.8473     -17.7413
     932     -95.0972     -30.8500
     933    -112.7961      -4.1720
     934     -97.1201     -17.7138
     935    -113.9516      -9.4629
     936     -95.5582      -8.2836
     937     -95.8834     -11.6012
     938    -100.5721      -4.1527
     939     -97.7932     -27.7339
     940    -115.0444      -8.5244
     941    -115.6298      14.4414
     942    -105.7317      -9.0363
     943    -109.5115     -12.2635
     944    -121.0337     -11.7979
     945    -102.2952     -38.3036
     946    -117.5984     -25.3665
     947    -101.6958     -19.7770
     948     -92.3372     -23.8539
     949    -108.7736     -11.7951
     950     -96.0940     -20.3259
     951    -111.6052     -18.8423
     952     -97.8890     -23.5001
     953    -114.4762       5.5169
     954    -108.6755       1.6644
     955     -95.7420     -22.7992
     956    -103.5729     -13.9190
     957     -95.5756     -22.8646
     958    -111.7529     -17.4075
     959    -112.8376      -6.8147
     960     -93.7776     -31.6557
     961    -101.0173      -2.4973
     962     -99.5262      -4.4964
     963    -110.3159      -5.9091
     964    -117.9553     -17.4064
     965     -93.6348     -38.0251
     966     -94.7705     -19.8149
     967    -103.3794     -26.0630
     968    -100.1014     -26.6128
     969    -116.7006     -30.0422
     970     -98.7549     -37.3061
     971     -93.3367      -6.0357
     972    -106.7478     -16.9197
     973     -96.9827     -13.8386
     974     -98.4819     -15.1214
     975     -88.5103     -12.1417
     976    -107.2397     -12.4959
     977     -98.9786      -1.3193
     978    -117.7086     -12.6032
     979    -106.1354     -22.6355
     980    -111.5925     -29.3934
     981    -101.9592     -13.5358
     982    -117.6705     -14.8428
     983    -106.8773      -5.4523
     984    -107.1121     -21.5516
     985     -89.2516     -28.5824
     986    -109.9204     -32.3770
     987    -110.6228     -21.0066
     988     -91.3241     -14.3424
     989    -101.9955     -31.0947
     990    -104.4958     -17.6145
     991     -85.8657     -30.7805
     992    -120.5502     -22.9282
     993     -96.6788     -26.3947
     994     -92.4365     -21.5964
     995    -107.6947     -22.3671
     996    -110.5245     -12.1035
     997     -96.2551     -17.1193
     998     -97.2585     -16.4037
     999    -113.2949     -10.5324
    1000    -109.5013     -10.1140
