#Frame      RoG_00004 RoG_00004[Max]
       1      16.8642        30.9058
       2      16.8527        29.2991
       3      17.0816        31.1699
       4      17.0515        29.5618
       5      17.0214        31.3228
       6      16.8468        29.8812
       7      16.7074        29.4637
       8      16.7390        31.5439
       9      16.8404        31.7974
      10      16.7191        29.5880
      11      17.0422        29.9830
      12      16.8333        30.5069
      13      16.5889        29.0986
      14      16.7949        30.4325
      15      16.6977        29.6819
      16      17.0635        29.6104
      17      16.9149        33.1765
      18      17.0069        32.4007
      19      17.1885        31.7822
      20      16.8748        29.6672
      21      17.0219        30.8463
      22      17.1992        31.1010
      23      17.1412        29.5154
      24      17.1856        31.5485
      25      16.8112        29.8015
      26      16.9398        29.4770
      27      17.1292        29.5963
      28      17.0040        29.2954
      29      17.0514        29.5588
      30      17.0783        30.2942
      31      16.9571        29.9146
      32      16.9886        31.2524
      33      17.0230        32.0996
      34      17.0256        31.3611
      35      16.9799        30.1602
      36      16.7972        30.2109
      37      16.9734        29.3539
      38      16.7837        28.4408
      39      16.7105        29.0352
      40      16.8488        28.8657
      41      16.8683        29.5155
      42      16.7466        29.0497
      43      16.9037        28.9067
      44      16.9865        29.4504
      45      16.9624        29.5283
      46      17.0684        30.5915
      47      17.0770        29.4759
      48      16.9113        30.2926
      49      17.1202        30.0252
      50      17.0381        32.0446
      51      17.0696        29.8739
      52      17.1684        30.8002
      53      17.0040        29.9994
      54      17.0995        31.5857
      55      17.0836        29.7200
      56      17.0778        30.0783
      57      17.0107        29.6562
      58      16.9173        31.2578
      59      17.1432        31.3638
      60      17.0737        31.1415
      61      17.0431        30.3998
      62      17.0662        30.1721
      63      16.9774        29.7009
      64      16.9406        30.8463
      65      16.9944        30.6487
      66      16.9432        30.5703
      67      16.9480        29.6580
      68      16.8077        29.9051
      69      16.9926        30.4393
      70      17.1493        30.5424
      71      17.0015        30.4801
      72      16.9025        30.8693
      73      16.9525        31.7438
      74      17.0562        29.9325
      75      17.1058        29.4886
      76      17.0817        29.9985
      77      17.0992        30.8322
      78      17.0944        30.1037
      79      17.2463        31.4769
      80      17.1633        30.6148
      81      17.2896        30.7361
      82      16.9895        30.3757
      83      17.1706        29.4868
      84      17.0852        31.2504
      85      17.0647        29.9906
      86      17.1616        30.0148
      87      16.9649        29.2740
      88      17.0398        29.8112
      89      17.0865        31.5700
      90      17.0334        31.5140
      91      17.1046        29.3915
      92      16.9493        30.4644
      93      17.0770        30.1146
      94      17.1632        31.1505
      95      17.2011        30.5210
      96      17.1384        30.1997
      97      17.0919        29.7701
      98      17.0582        30.7702
      99      17.0633        30.0401
     100      17.1846        31.1104
     101      17.2045        31.0653
     102      17.1445        29.7689
     103      17.0100        30.1835
     104      17.1591        30.8477
     105      17.1022        30.8464
     106      17.0844        29.5620
     107      17.1048        30.8977
     108      17.0458        30.7243
     109      17.1735        30.6448
     110      17.1725        30.6694
     111      17.0643        29.4999
     112      17.1391        30.5482
     113      17.0480        31.0533
     114      17.0954        31.0131
     115      16.9937        30.2783
     116      17.1525        29.9815
     117      16.9315        30.0249
     118      17.1646        31.0920
     119      16.8739        30.2734
     120      17.0346        29.7131
     121      16.9176        29.4839
     122      16.8943        29.4503
     123      16.9906        29.2930
     124      17.0393        29.6496
     125      17.0464        30.2064
     126      17.1235        30.5465
     127      16.8998        29.6114
     128      17.0766        30.5060
     129      17.0881        31.0625
     130      17.0782        30.8618
     131      16.9748        30.1413
     132      17.0443        30.7342
     133      17.0136        29.2378
     134      16.9586        31.1360
     135      17.0897        30.9675
     136      17.2820        30.8877
     137      16.8503        30.1402
     138      17.1152        30.1349
     139      17.1546        30.2788
     140      17.3099        31.3974
     141      17.2285        32.3560
     142      16.9018        29.6641
     143      16.9473        29.3720
     144      17.0495        30.2017
     145      17.0423        30.4449
     146      16.9052        31.2049
     147      17.1246        29.7694
     148      17.0276        29.7349
     149      17.0207        29.2808
     150      17.0281        29.7295
     151      17.0601        30.3366
     152      17.0265        31.6598
     153      16.7808        29.8532
     154      17.0120        31.8902
     155      17.0167        29.8343
     156      17.0163        31.6259
     157      17.0630        30.1116
     158      17.0256        31.0600
     159      17.1072        30.2746
     160      17.1582        30.0521
     161      16.9627        29.9809
     162      16.9102        29.6326
     163      17.1593        29.4807
     164      16.9700        32.0245
     165      16.9623        29.5847
     166      17.1632        29.7617
     167      17.1371        30.3969
     168      17.0467        30.8697
     169      16.9298        30.6305
     170      17.0869        30.6735
     171      17.0594        29.7907
     172      16.8517        29.4131
     173      17.0578        30.8052
     174      16.9731        30.4584
     175      16.9854        30.3100
     176      16.9881        30.5352
     177      16.9427        31.7680
     178      17.2070        31.7641
     179      17.0722        31.9830
     180      17.0526        31.6478
     181      17.1937        30.9562
     182      16.9832        29.5100
     183      17.1228        31.9832
     184      16.9885        31.0004
     185      17.0860        31.8161
     186      16.9980        31.2386
     187      16.8991        30.5784
     188      16.9992        30.5312
     189      17.0274        29.8394
     190      16.9028        30.3306
     191      17.1076        31.4672
     192      17.0514        30.9691
     193      16.9653        30.0908
     194      16.9932        30.6826
     195      16.9700        30.9397
     196      16.9726        30.3945
     197      16.9620        30.1858
     198      17.1739        30.9787
     199      17.1198        30.2624
     200      17.0064        30.6751
     201      16.9861        31.6991
     202      17.0352        30.9643
     203      17.0935        30.2979
     204      17.0523        30.4325
     205      17.0361        30.4151
     206      17.0175        31.2706
     207      17.0532        29.5002
     208      17.1627        30.3507
     209      17.2757        30.0403
     210      17.0669        31.0139
     211      17.2877        31.8298
     212      17.1600        31.4834
     213      17.2512        31.2386
     214      17.0757        31.9600
     215      17.0781        30.0035
     216      16.9174        30.0461
     217      16.9687        30.0141
     218      16.9366        29.0569
     219      17.1025        29.5026
     220      17.1797        30.8585
     221      17.0595        30.9160
     222      17.0028        29.9169
     223      16.9686        29.5620
     224      17.0847        30.6503
     225      17.0324        31.5780
     226      17.0206        31.6277
     227      17.0395        30.1307
     228      16.9510        29.2144
     229      17.1362        32.3651
     230      17.1664        29.6123
     231      17.0852        30.2399
     232      17.0322        31.6646
     233      17.0054        30.5821
     234      17.0147        29.5364
     235      16.9518        29.5700
     236      17.1248        30.6570
     237      17.1154        31.1494
     238      17.1156        29.9599
     239      16.8889        28.9471
     240      17.0411        29.7825
     241      17.0514        29.5866
     242      17.0536        31.1637
     243      16.9936        30.4356
     244      17.1447        30.0380
     245      17.0286        29.9957
     246      17.0338        30.3139
     247      16.9302        29.7586
     248      17.0545        31.4756
     249      16.7425        29.4607
     250      16.9792        29.6719
     251      17.0608        29.2279
     252      16.9939        29.8370
     253      17.0582        29.7302
     254      16.9511        30.5543
     255      16.9686        30.0145
     256      17.0654        29.9310
     257      17.1602        30.4625
     258      17.0397        29.8237
     259      17.0784        31.1759
     260      17.0452        30.6102
     261      17.1576        30.5035
     262      16.9909        29.4351
     263      17.0955        29.7880
     264      17.0864        29.5436
     265      17.0259        30.6075
     266      17.0068        29.8330
     267      17.0942        29.1077
     268      17.0111        29.5645
     269      17.0702        30.0191
     270      16.9524        29.7907
     271      17.1093        29.6226
     272      17.0901        30.4466
     273      16.9405        29.3087
     274      16.9232        29.6955
     275      17.1026        30.1123
     276      17.1212        30.8859
     277      17.1641        31.1557
     278      17.1027        30.5609
     279      17.0343        29.6077
     280      17.2455        31.3096
     281      17.0272        30.8694
     282      17.0612        29.3501
     283      17.1076        31.0816
     284      16.9171        29.9323
     285      17.1003        31.1196
     286      17.1137        30.2940
     287      17.1182        29.5836
     288      17.1852        31.0421
     289      17.0440        30.4518
     290      17.2783        31.0941
     291      17.1424        31.3335
     292      16.9714        30.5589
     293      16.7762        30.0272
     294      16.9889        31.4951
     295      16.9272        29.6578
     296      17.0644        30.0523
     297      16.9160        31.4972
     298      17.0577        29.3772
     299      17.1417        30.2510
     300      16.9865        30.0527
     301      17.0839        30.4888
     302      17.0196        29.5334
     303      17.0047        29.9083
     304      16.8988        29.4343
     305      16.9124        30.0330
     306      17.0679        31.6241
     307      16.8523        28.8418
     308      17.1303        29.2251
     309      16.7805        29.4297
     310      16.8691        29.1542
     311      16.9736        29.3395
     312      16.8680        29.2875
     313      17.0091        30.0608
     314      16.9463        30.1564
     315      16.9441        29.8826
     316      17.0922        30.6965
     317      17.0164        29.4779
     318      17.1252        30.2860
     319      17.0971        29.6571
     320      17.0501        29.8360
     321      16.9704        29.8883
     322      17.1077        30.2644
     323      17.0367        30.4476
     324      17.0591        29.6178
     325      16.7746        30.7413
     326      17.0137        30.9828
     327      17.0681        29.7129
     328      17.0208        29.8421
     329      17.0067        29.2151
     330      17.0478        30.2092
     331      16.9880        29.9833
     332      17.1177        30.8866
     333      17.0618        31.2971
     334      16.9792        31.2838
     335      16.9573        29.3493
     336      16.9505        29.1865
     337      17.3603        30.9904
     338      16.9609        30.7132
     339      17.1211        30.7607
     340      17.0048        30.5573
     341      17.0904        29.5056
     342      17.0320        29.0092
     343      16.8794        29.7796
     344      17.0825        30.1587
     345      16.9440        29.3395
     346      17.1140        30.1891
     347      16.9807        30.1172
     348      17.0002        31.0109
     349      17.1129        31.0452
     350      16.9515        29.3822
     351      17.1184        30.4746
     352      17.0127        30.2428
     353      17.0804        29.2217
     354      16.8818        29.6192
     355      16.9289        30.2893
     356      16.9744        31.3866
     357      16.8611        29.5638
     358      16.9204        29.5230
     359      16.8963        29.9363
     360      17.0014        29.5548
     361      17.1015        31.1396
     362      17.1215        31.7249
     363      17.0199        30.6970
     364      17.1424        31.2916
     365      17.1171        29.5644
     366      17.1613        29.3464
     367      17.1153        29.8435
     368      16.9724        29.2960
     369      16.9482        29.4350
     370      17.0010        32.2635
     371      17.0250        29.5930
     372      17.1849        29.7584
     373      17.0655        30.3621
     374      17.0086        31.4634
     375      17.0662        32.1553
     376      16.9656        30.5910
     377      16.9609        30.7601
     378      17.0099        30.0503
     379      16.9770        29.3858
     380      17.0980        30.0069
     381      17.0705        29.5403
     382      17.0777        31.3667
     383      16.9946        29.4175
     384      17.0263        29.4203
     385      17.0786        29.7692
     386      17.0839        30.5750
     387      17.0675        29.4823
     388      17.1762        30.0016
     389      17.0936        30.5895
     390      16.9988        30.5714
     391      17.0942        29.1765
     392      17.0777        30.7524
     393      17.0967        29.6618
     394      17.0112        30.1665
     395      17.2896        31.4210
     396      17.0637        31.6482
     397      17.1812        29.6739
     398      17.1857        30.5113
     399      17.1443        29.6378
     400      17.1676        30.0649
     401      17.0963        29.9463
     402      17.0814        29.8099
     403      17.2605        31.1469
     404      17.3558        29.8209
     405      17.1923        30.4413
     406      17.2393        30.3547
     407      17.0243        30.9022
     408      17.2203        29.4075
     409      16.9314        28.9871
     410      17.1421        31.0818
     411      16.9595        30.5854
     412      17.1223        30.8733
     413      17.1541        31.0185
     414      17.1646        31.2156
     415      17.1938        30.6660
     416      17.1761        30.2412
     417      17.1252        29.7956
     418      17.2027        31.0042
     419      17.0793        31.7917
     420      17.0576        30.1230
     421      17.0413        29.8359
     422      17.2745        30.1030
     423      17.0481        31.0430
     424      17.1234        30.7329
     425      16.9183        30.0824
     426      17.0973        29.8242
     427      17.1815        29.8249
     428      17.1154        30.5167
     429      17.0412        29.2789
     430      17.1352        29.7624
     431      17.0017        29.5609
     432      17.0875        29.9013
     433      17.0429        29.5841
     434      17.0672        29.7820
     435      17.0289        29.7447
     436      17.1390        31.2996
     437      17.0580        30.0344
     438      17.0489        30.4410
     439      17.0678        30.2653
     440      16.9323        29.6062
     441      17.1186        31.1232
     442      17.1725        31.7372
     443      17.1233        31.8010
     444      16.8711        30.5076
     445      17.0280        30.6524
     446      16.8914        29.6373
     447      16.9590        30.0176
     448      16.9923        30.4689
     449      17.1164        30.9831
     450      17.0718        31.3666
     451      17.0663        30.1096
     452      16.9768        30.1404
     453      16.9905        29.4023
     454      17.0545        30.0319
     455      17.0299        29.0031
     456      17.1192        30.9754
     457      17.0488        31.5291
     458      16.8766        29.1909
     459      16.8825        30.1888
     460      16.9848        30.4073
     461      17.0186        29.8082
     462      17.0220        31.4293
     463      17.0191        31.8542
     464      17.0412        31.6414
     465      17.0657        30.6167
     466      17.0666        30.8768
     467      17.1439        30.7210
     468      17.0672        30.3518
     469      17.0562        30.4417
     470      16.9584        29.8406
     471      17.0780        30.9222
     472      16.8123        29.6215
     473      16.9955        30.0092
     474      16.9415        29.5347
     475      16.7949        28.9886
     476      17.0009        29.2697
     477      17.1906        30.6795
     478      17.1082        30.5072
     479      17.0851        29.7293
     480      17.0948        31.5263
     481      17.3325        31.0548
     482      16.9650        30.1419
     483      16.8639        31.0394
     484      16.9148        31.3574
     485      16.9281        29.3767
     486      16.9216        29.2314
     487      16.8583        29.3653
     488      16.8888        30.2184
     489      16.9238        30.8410
     490      16.8669        29.2581
     491      16.9255        29.9364
     492      16.9963        30.1501
     493      16.8903        29.5307
     494      16.9463        30.2548
     495      16.9033        29.1867
     496      17.0003        30.2934
     497      16.9952        29.4002
     498      16.9493        30.3000
     499      16.9097        30.1672
     500      16.9166        30.0726
     501      16.9967        29.5902
     502      16.9518        29.4706
     503      16.9177        29.5978
     504      16.8819        29.0878
     505      16.9602        30.5082
     506      16.9837        30.4276
     507      16.8573        30.7499
     508      16.8375        32.2015
     509      16.8202        29.4491
     510      17.0145        28.9063
     511      16.8490        31.5141
     512      16.9487        29.0321
     513      16.9410        29.9520
     514      16.8979        28.5152
     515      16.8675        29.2071
     516      16.7484        28.7395
     517      16.9007        29.5806
     518      16.7620        28.7830
     519      16.7181        28.4998
     520      16.8196        28.9402
     521      16.8174        28.6746
     522      16.8305        30.1440
     523      16.9975        30.2256
     524      16.7490        29.3062
     525      16.7771        29.2696
     526      16.7437        29.0902
     527      16.7680        28.8885
     528      16.7877        28.8632
     529      16.7979        30.9458
     530      16.8357        30.1025
     531      16.9917        29.8002
     532      16.9091        30.4305
     533      16.9718        31.2589
     534      16.8228        29.2907
     535      16.7501        29.3530
     536      16.9751        31.2913
     537      16.8746        30.0913
     538      16.8882        28.3356
     539      16.8543        29.4964
     540      16.9493        31.9281
     541      16.9495        31.3315
     542      16.8916        29.4845
     543      16.8461        31.5529
     544      16.9112        30.3981
     545      17.0213        30.6767
     546      16.9721        30.2651
     547      16.9657        29.6227
     548      16.9948        30.1727
     549      16.9697        30.4504
     550      16.9942        30.0886
     551      17.1350        29.6865
     552      17.1459        30.6252
     553      17.2223        30.1447
     554      17.0983        31.1140
     555      17.0521        29.4137
     556      17.3184        31.3541
     557      17.4531        31.3727
     558      17.3272        30.3481
     559      17.0213        29.4692
     560      17.2296        29.8386
     561      17.2530        29.4953
     562      17.1841        30.1118
     563      17.2222        31.0167
     564      16.9415        30.6193
     565      17.3623        31.4955
     566      16.9685        31.0830
     567      17.0777        31.5420
     568      17.1983        30.5148
     569      17.2634        30.1941
     570      17.3609        30.6915
     571      17.2173        30.7618
     572      17.1967        30.4480
     573      17.2855        30.5878
     574      17.3373        30.6756
     575      16.8595        30.3012
     576      17.1924        31.0686
     577      17.1213        29.3670
     578      17.2939        31.7950
     579      17.0800        29.9221
     580      17.0794        31.0809
     581      16.8897        30.7601
     582      17.0023        30.2043
     583      17.0965        31.7979
     584      17.0149        30.7096
     585      17.0260        29.7978
     586      16.9861        29.6323
     587      17.1048        29.4444
     588      16.9416        30.6871
     589      17.1634        31.8664
     590      17.1074        30.0679
     591      17.1239        29.4149
     592      16.9738        30.7662
     593      17.3306        31.9712
     594      17.1245        30.8890
     595      17.1416        31.0555
     596      17.2611        31.9858
     597      17.1720        30.6228
     598      17.1706        30.5670
     599      17.1102        30.6104
     600      17.0700        30.8067
     601      17.0406        31.7561
     602      17.1222        30.6347
     603      17.1256        31.6404
     604      17.1177        31.5867
     605      17.0069        31.0433
     606      17.1788        30.1466
     607      17.1158        30.5777
     608      17.0787        29.9229
     609      17.0491        31.8570
     610      16.8839        30.2014
     611      17.0102        30.1062
     612      17.0215        30.0835
     613      17.1435        29.8593
     614      17.0184        31.8526
     615      17.0502        30.6212
     616      17.0761        31.2821
     617      17.1749        29.9353
     618      16.9984        30.3679
     619      16.9927        29.2291
     620      16.9117        31.7331
     621      17.0698        31.4441
     622      17.0270        33.6220
     623      16.8482        30.8049
     624      17.0923        31.8789
     625      17.0570        30.0855
     626      16.9576        29.8889
     627      16.9799        29.9799
     628      16.9456        29.3171
     629      16.7877        30.4963
     630      17.0261        29.6287
     631      17.1987        30.0852
     632      17.1319        30.6336
     633      17.0859        30.9256
     634      17.0698        30.9879
     635      17.0629        30.4589
     636      17.0610        30.0250
     637      17.3141        32.3676
     638      17.0401        30.0461
     639      16.9815        29.6809
     640      16.9731        30.8764
     641      16.9672        29.9085
     642      17.1309        31.4254
     643      17.0501        31.0009
     644      17.0909        30.6389
     645      17.0468        31.5896
     646      17.0999        31.1786
     647      17.0104        30.2177
     648      17.2048        29.9715
     649      17.1186        30.8715
     650      17.0496        31.4088
     651      17.0988        31.0191
     652      17.0409        30.9605
     653      17.1302        30.7547
     654      17.0588        30.8107
     655      16.9138        29.6679
     656      17.0307        30.4810
     657      16.9500        31.3497
     658      17.0905        30.0144
     659      16.9325        30.1918
     660      16.8599        31.3735
     661      17.0136        31.3249
     662      16.9609        30.3371
     663      17.0836        31.8335
     664      17.2036        31.5734
     665      17.0700        31.4368
     666      16.9700        28.6638
     667      16.9953        29.2287
     668      17.0460        29.9253
     669      17.0078        29.9006
     670      17.1892        30.7036
     671      17.0190        29.7420
     672      16.9495        30.5657
     673      17.0003        30.4312
     674      16.9625        31.6747
     675      17.0877        29.7230
     676      17.1184        30.8863
     677      17.0839        30.3987
     678      17.3311        30.2217
     679      16.9758        30.9608
     680      17.1085        31.0135
     681      17.0938        29.9632
     682      17.0868        31.0191
     683      16.9502        30.2862
     684      16.9845        30.6380
     685      17.0238        30.1792
     686      17.0198        30.5862
     687      17.0122        29.1086
     688      16.9286        29.6856
     689      17.0720        30.3256
     690      17.0313        29.6871
     691      17.1163        31.8222
     692      17.1129        30.6514
     693      17.1148        30.2959
     694      17.0439        29.9822
     695      17.2005        31.5465
     696      17.2193        30.7512
     697      16.9319        29.8577
     698      16.9264        30.9141
     699      17.1249        30.2775
     700      16.9058        30.9997
     701      17.1893        30.5489
     702      16.9438        31.3824
     703      17.0275        31.7302
     704      16.9696        31.3008
     705      17.1379        30.2027
     706      17.0849        29.7248
     707      17.0075        29.7920
     708      17.1045        31.3275
     709      17.0503        30.9164
     710      17.0307        30.8767
     711      17.0104        30.5614
     712      17.0769        30.8301
     713      17.0545        31.7837
     714      17.0612        31.2069
     715      16.8739        31.0389
     716      17.1369        31.2915
     717      16.9881        30.3529
     718      17.1252        30.8193
     719      17.0948        30.6815
     720      17.0648        30.7476
     721      16.8288        29.3240
     722      17.0908        30.5751
     723      17.0579        29.6330
     724      16.9214        29.1988
     725      17.0729        30.3061
     726      17.1528        31.1043
     727      17.0474        30.1220
     728      17.0119        29.9574
     729      17.0510        31.3605
     730      17.0717        31.0417
     731      17.1009        29.8124
     732      17.0452        29.5340
     733      17.0760        29.6690
     734      17.0053        30.8276
     735      17.1217        30.0915
     736      17.2696        30.9232
     737      17.0315        31.0143
     738      17.0672        31.0458
     739      17.1292        30.8760
     740      17.0528        31.1358
     741      17.0906        30.3086
     742      17.1358        31.4566
     743      17.1135        31.5607
     744      17.1012        30.3331
     745      16.8785        29.1820
     746      16.9420        29.1061
     747      17.0663        31.1677
     748      17.2507        30.1057
     749      17.0889        29.1140
     750      17.1031        30.9788
     751      16.9587        30.1250
     752      17.0332        29.3451
     753      17.1394        29.9029
     754      16.9946        31.7667
     755      16.9971        29.7728
     756      16.7663        29.6742
     757      16.9586        29.0936
     758      17.0815        29.7107
     759      17.1732        30.0995
     760      17.0318        30.6388
     761      17.1177        30.7798
     762      17.0610        32.0507
     763      17.1267        30.4840
     764      17.1517        30.6176
     765      17.1646        31.3436
     766      16.9965        30.5895
     767      17.1342        31.3514
     768      17.0112        31.1564
     769      17.0804        31.7369
     770      17.0728        30.0858
     771      17.0541        30.3397
     772      16.9519        29.0467
     773      16.7840        30.6645
     774      17.0005        30.2858
     775      17.2383        31.0047
     776      17.0345        31.1160
     777      17.0325        31.6005
     778      17.1603        31.8278
     779      16.9825        29.8211
     780      16.9430        30.8979
     781      17.2288        30.2237
     782      17.2785        31.3074
     783      17.0255        30.1258
     784      17.0963        30.3420
     785      17.2273        31.0627
     786      17.0626        30.5266
     787      17.2833        29.9312
     788      17.0918        29.9842
     789      17.0896        31.3951
     790      17.0030        30.5104
     791      17.1598        30.5177
     792      17.0352        30.0015
     793      17.0438        30.7263
     794      16.9562        29.8238
     795      16.9643        29.6487
     796      17.0014        29.5851
     797      16.9962        28.5138
     798      17.0139        29.6060
     799      17.1171        31.0180
     800      16.9860        30.0729
     801      16.9063        30.8085
     802      17.0172        30.1244
     803      17.0531        29.7321
     804      17.0463        30.6440
     805      17.1082        31.9281
     806      17.1425        30.4109
     807      17.1401        30.2414
     808      17.0253        30.0725
     809      17.0526        30.9594
     810      17.2214        31.3816
     811      17.0830        29.8886
     812      17.0511        30.4841
     813      17.0545        30.7351
     814      17.0139        30.7401
     815      17.2004        30.1763
     816      17.0659        31.3989
     817      16.9705        30.1079
     818      17.1596        31.3524
     819      17.0398        30.2983
     820      17.0195        30.6222
     821      16.9733        30.8622
     822      17.0906        30.9294
     823      17.1625        29.8885
     824      17.0585        31.0623
     825      17.0191        29.8624
     826      16.9601        29.3701
     827      17.1608        29.7763
     828      16.9835        29.3215
     829      17.0803        29.4286
     830      17.0555        30.5752
     831      17.2047        30.4172
     832      16.9039        29.9398
     833      16.9610        29.6665
     834      16.9748        31.0180
     835      17.0496        30.2112
     836      16.9642        30.4428
     837      17.0808        30.7190
     838      17.0339        29.4604
     839      16.9500        30.4080
     840      17.0160        29.7459
     841      16.8749        29.1237
     842      16.9961        29.6416
     843      16.9325        29.0571
     844      17.0026        30.9045
     845      17.0210        30.8390
     846      16.9947        29.5621
     847      16.9995        29.3093
     848      17.0111        29.6610
     849      16.9721        29.1623
     850      16.9292        29.0432
     851      17.1818        30.6772
     852      16.9981        30.0448
     853      17.0111        30.1078
     854      16.9774        28.9296
     855      17.0512        29.8388
     856      17.1850        30.9529
     857      17.0133        30.6180
     858      17.0272        29.1460
     859      16.9832        30.7795
     860      16.9863        30.0953
     861      16.9249        29.5244
     862      16.9019        28.9333
     863      16.9183        29.9529
     864      16.9524        30.2029
     865      17.1929        30.9683
     866      17.0414        31.1831
     867      17.2451        32.1287
     868      17.0502        30.5708
     869      16.9926        30.8012
     870      17.0660        30.5189
     871      17.2059        29.9159
     872      17.1489        31.5527
     873      16.9447        30.3552
     874      16.9842        29.9419
     875      17.1248        30.9983
     876      17.0916        33.0216
     877      17.1143        30.7091
     878      17.0359        30.0921
     879      17.1019        32.2861
     880      16.9867        29.3123
     881      17.1427        30.7591
     882      17.1491        32.2539
     883      17.0437        30.4438
     884      16.8819        30.1599
     885      16.9638        31.6357
     886      16.9901        30.4015
     887      17.1795        30.4355
     888      17.0344        30.9475
     889      17.0291        30.4853
     890      16.9914        30.0947
     891      17.0488        29.9080
     892      17.0720        30.7997
     893      16.9810        30.8052
     894      17.0278        31.4269
     895      17.0181        30.4099
     896      16.9304        29.4208
     897      17.0578        31.1951
     898      17.0554        31.2826
     899      16.9048        30.0510
     900      17.0858        30.7761
     901      17.0080        30.5780
     902      16.9747        29.6415
     903      17.1158        31.7946
     904      17.1271        30.1803
     905      16.9674        31.3486
     906      17.0693        30.4371
     907      17.0653        31.0315
     908      17.0149        29.9479
     909      17.0058        30.3331
     910      16.9899        29.7016
     911      17.1166        32.3530
     912      17.1542        31.5645
     913      17.1150        33.0554
     914      17.0249        29.4120
     915      17.1046        32.9095
     916      16.9468        29.2940
     917      16.9635        29.1770
     918      17.0148        30.2018
     919      16.8961        31.6182
     920      17.0176        29.8628
     921      17.0436        30.8584
     922      16.9716        29.1349
     923      17.1496        30.5028
     924      17.1585        29.7244
     925      16.9892        33.3280
     926      17.2443        30.3653
     927      17.2813        32.2988
     928      17.3102        30.5569
     929      17.1130        31.3099
     930      17.0311        31.2641
     931      17.0967        30.7862
     932      17.0669        31.0813
     933      16.8581        30.4440
     934      16.8585        31.2188
     935      16.9894        31.0013
     936      16.9065        30.1186
     937      17.0611        32.8708
     938      17.0471        32.9429
     939      16.9939        32.2768
     940      16.9918        30.8566
     941      16.9981        29.7020
     942      16.9325        30.6187
     943      17.0756        30.0484
     944      17.0456        29.7088
     945      17.2009        30.4661
     946      16.9839        29.4295
     947      17.1533        31.6752
     948      17.0581        31.1037
     949      17.2151        31.6262
     950      16.8482        30.6629
     951      16.7704        29.5183
     952      17.1484        30.1790
     953      16.8848        29.2758
     954      16.9208        28.9889
     955      16.9492        29.4523
     956      17.0782        31.0157
     957      17.0039        30.7807
     958      16.8914        29.4718
     959      17.1115        29.5385
     960      16.9188        31.4819
     961      16.8506        29.7430
     962      16.9696        29.7800
     963      16.8827        31.2640
     964      16.9321        31.1182
     965      17.2328        31.7105
     966      17.0596        31.0488
     967      17.2586        30.4466
     968      17.2371        31.9297
     969      17.6384        31.0096
     970      17.4008        31.3520
     971      17.4446        31.7631
     972      17.2705        30.9026
     973      17.1833        29.5202
     974      17.1193        29.0533
     975      16.9704        29.4150
     976      17.1280        30.7484
     977      16.9840        31.3920
     978      17.0115        30.6154
     979      17.2604        30.6269
     980      17.0754        29.3650
     981      16.9372        30.1968
     982      17.0680        29.7213
     983      16.9946        31.0645
     984      17.0339        30.9122
     985      17.0259        29.2917
     986      17.0103        29.0420
     987      16.9255        29.3857
     988      16.8638        29.5264
     989      16.9241        29.6880
     990      17.2936        29.8204
     991      17.0655        30.7334
     992      17.2516        29.9729
     993      17.3981        30.6757
     994      17.2650        31.2011
     995      17.0226        30.8491
     996      17.1028        29.8058
     997      17.2562        29.9448
     998      17.0233        30.3693
     999      17.1483        29.7280
    1000      17.1348        29.5350
