#Frame        phi:121      psi:121
       1    -105.4770     -13.6449
       2     -91.0898     -21.2753
       3     -99.4540       2.8110
       4     -86.8043      -9.2239
       5     -79.9659     -17.3391
       6    -106.2577      -9.7946
       7     -84.8627     -23.9036
       8    -120.3389     -14.7610
       9    -121.0296      -7.7819
      10    -105.3394     -19.4487
      11     -99.6171     -15.8832
      12    -112.7056     -13.9650
      13     -94.2853     -24.8738
      14     -89.2816      -9.0917
      15    -124.7790      -8.4918
      16    -105.5869     -24.0228
      17    -110.3849     -17.2216
      18    -113.9343      -7.7048
      19    -106.5228      12.4799
      20    -108.8247     -19.4495
      21    -121.2313     -20.1978
      22    -122.4174      -3.5767
      23     -94.6388      -5.9939
      24     -91.5941     -31.8417
      25     -93.5569     -16.6700
      26    -124.6441     -13.9014
      27    -117.0725      -3.3189
      28    -113.5665     -25.7107
      29    -118.3352      -8.9092
      30    -115.4206     -18.3882
      31    -128.5771      -6.0338
      32    -126.8854      -8.7376
      33    -132.5693     -24.6022
      34    -130.5724     -27.6985
      35    -118.4377     -15.2401
      36    -143.9763     -19.6575
      37    -117.5690      -5.5066
      38    -122.2591     -27.5500
      39    -137.5695     -12.2345
      40    -133.3371     -27.2349
      41    -137.0745     -23.7993
      42    -128.8038     -30.7348
      43    -122.5116     -10.1023
      44    -124.9197     -29.8850
      45     -93.7176     -14.3286
      46    -117.8857     -15.1986
      47     -93.2396     -14.7278
      48    -102.0904     -24.7380
      49    -120.4413     -22.4146
      50    -101.0195     -14.8192
      51    -106.2108     -10.5147
      52    -114.7197     -16.3307
      53    -109.8863       0.0019
      54    -101.1628     -11.6002
      55    -112.8135       2.8370
      56    -111.3833      -9.0462
      57    -115.6832     -20.6188
      58    -101.9319     -43.3143
      59    -115.2082     -15.5833
      60    -108.6320     -19.7227
      61    -119.1707     -22.3212
      62    -119.6664      -9.6739
      63     -96.5704      -6.2640
      64    -100.0878     -14.3334
      65    -136.5003      13.3189
      66    -119.4085     -18.8827
      67     -98.8078     -14.8810
      68    -102.1833      -9.8024
      69     -96.7628     -20.9989
      70     -88.4617     -19.0210
      71    -125.3349     -16.3472
      72     -90.7572     -25.0123
      73    -111.5325      -1.2216
      74    -116.1241     -14.5138
      75    -112.7721     -11.0532
      76    -101.8306     -29.5982
      77    -119.5605      -5.3288
      78    -111.7787      -3.1231
      79    -118.8952      -7.4759
      80    -122.4973      -7.7902
      81    -105.6669     -22.3330
      82    -114.5014      -9.2872
      83    -102.0311     -13.3734
      84    -101.1977     -11.1584
      85     -91.8599     -22.8165
      86    -115.7003     -32.0098
      87    -118.2442     -13.9706
      88    -109.7944     -17.0631
      89    -114.4045     -20.1762
      90     -93.1905     -19.8147
      91    -100.1944      -8.5336
      92    -125.0906       0.1501
      93    -108.9722     -17.6291
      94    -112.5032      -9.4252
      95    -109.8408      -6.7279
      96    -112.5750     -21.6143
      97    -107.1765     -17.7470
      98    -112.9054      -8.8677
      99    -105.3832      -6.1597
     100    -129.2069      -3.7517
     101    -116.7835     -16.0107
     102    -128.5480     -14.4414
     103    -123.8153      -5.9067
     104    -106.4429     -34.9235
     105    -104.2861      -9.4373
     106     -95.4846     -13.8720
     107    -113.9343     -10.4094
     108    -100.8290     -19.9357
     109     -95.4386     -28.6549
     110    -111.0278     -16.1922
     111     -88.1871       4.6045
     112    -103.0391      -6.7418
     113     -83.1801      -9.4153
     114     -84.3203       3.9815
     115    -106.8843      -0.2924
     116     -99.4528     -12.4954
     117    -118.5719      -3.1597
     118     -87.7416     -15.1956
     119    -119.6788      -5.2462
     120    -105.8362      -0.0608
     121     -91.7991       1.0919
     122    -118.1604      -3.6505
     123    -106.1820      -3.3343
     124    -100.9153     -15.7936
     125    -128.8453     -28.4458
     126    -113.5356      -9.0877
     127     -95.2758      -9.5502
     128    -110.2158       6.3087
     129    -112.3793       9.9532
     130    -122.9393       0.4562
     131     -87.1652     -12.8955
     132    -101.6244     -11.6905
     133    -100.9283     -13.1646
     134    -114.6098      -4.2080
     135    -103.6005      -9.6153
     136    -109.7927       4.0187
     137    -110.4375     -12.7908
     138    -105.6430     -15.4326
     139    -112.2660      -3.4453
     140     -92.4146       2.4609
     141    -103.1057     -18.2028
     142    -127.5476      -0.4736
     143     -84.5052     -13.2214
     144     -77.5791     -31.6044
     145     -84.8908      -7.3056
     146    -113.3697      -3.7464
     147    -126.5793       3.8339
     148     -89.7668      -7.4013
     149    -108.4654     -14.0871
     150    -109.0613      -0.3694
     151    -121.5008      -8.9679
     152     -96.2391      -5.1436
     153    -121.6800     -10.5559
     154    -109.6794      -6.1818
     155     -99.2558      -9.2578
     156    -101.5424     -13.9909
     157    -113.2248     -15.7253
     158    -108.1400     -20.0352
     159     -92.3844      11.6335
     160    -124.6141     -11.3833
     161    -129.1402      -6.4889
     162    -122.8118       3.5299
     163     -95.3772      -6.2378
     164    -127.3683       3.7441
     165    -120.1096       3.0535
     166    -134.0574       7.6613
     167    -127.0589      -5.3383
     168    -121.5103      13.6880
     169    -138.3218       0.4205
     170    -135.0311      16.1425
     171    -112.4832       9.4197
     172    -114.6368      -2.1688
     173    -127.3353       6.9453
     174    -123.3747      12.5546
     175    -122.9632      -1.7132
     176    -116.8801      -1.9880
     177    -114.1302       0.3678
     178    -127.5776       2.2827
     179    -134.9046     -10.3743
     180    -122.9666      -5.7495
     181     -87.1724      -2.6921
     182     -95.7979      -7.2563
     183    -103.6306       9.8469
     184     -86.6287     -17.2869
     185     -99.1928      -4.7519
     186    -100.6854     -13.7731
     187    -115.9773       2.9897
     188    -139.7197     -12.6288
     189    -111.7284     -21.5719
     190    -112.6888     -10.0267
     191    -119.5172       2.0553
     192    -114.3296      -9.6144
     193    -126.2129     -12.9673
     194     -85.3561     -14.3372
     195    -118.7887     -12.6729
     196    -103.1244      -6.9188
     197    -105.4601     -12.6128
     198     -90.3168       3.0524
     199     -95.6503     -15.5244
     200    -100.7952      -1.5836
     201    -109.1665      15.0047
     202     -97.9775     -14.4967
     203    -100.6649      -0.9745
     204    -107.5475     -10.9102
     205    -105.6536     -10.9776
     206    -118.7184       0.1464
     207     -93.8133       3.0069
     208     -82.4464     -11.5074
     209    -106.6438      -8.5777
     210    -104.9261     -11.9628
     211    -113.5024       5.1915
     212    -106.3696     -14.6347
     213    -102.5235      -2.7943
     214     -95.2221      -6.3617
     215    -100.0513      -3.5820
     216     -99.6880      -8.1289
     217    -109.0082       3.1929
     218    -104.6360      -6.4465
     219    -104.3023     -15.6671
     220    -111.2139      -0.1565
     221    -116.3912       0.0688
     222     -98.8592      -0.1866
     223    -101.7244      -9.0392
     224     -90.3203     -10.9602
     225    -105.0631      -3.9617
     226    -108.6151     -14.1253
     227    -115.1526     -16.5437
     228     -95.9344      -0.2512
     229     -87.3508     -15.6512
     230    -115.2901       4.2679
     231    -102.5206      -7.2367
     232    -126.6990      -3.6534
     233    -111.5397      -4.7805
     234     -83.2473       1.8294
     235     -91.4004       3.6214
     236    -107.8354      -0.5893
     237    -105.4967     -10.9615
     238    -110.2617       3.6624
     239    -113.7585      -6.1029
     240    -120.2597      -7.8532
     241     -80.7514     -23.4839
     242    -113.8509     -20.2677
     243     -88.9996      -4.1542
     244    -101.4058     -24.8946
     245    -108.3076      -9.2541
     246    -103.1006     -10.5174
     247     -99.7113      12.2058
     248     -96.6414       3.3476
     249    -104.0636      -4.4122
     250    -111.2387      -9.9898
     251     -94.9944      -4.8147
     252     -93.0151     -17.8852
     253     -95.5376      -9.5117
     254    -105.3131      -0.5026
     255    -123.5958      -4.5611
     256     -90.6357      -5.4869
     257     -96.2763     -15.7426
     258    -120.5235       3.1965
     259    -113.3099       2.2748
     260     -93.4394      -6.3681
     261    -106.7935      -5.4266
     262    -113.9944      -4.9363
     263    -114.6541      -9.9950
     264     -85.1482     -12.2472
     265    -106.1583      -9.2263
     266    -101.1732     -23.2405
     267    -121.5279      -2.8640
     268     -97.7364      -7.6526
     269     -88.7158      -6.6717
     270     -94.8100      -5.1415
     271    -100.3380      -8.6976
     272     -95.9141     -16.1745
     273    -121.7769      -1.8789
     274     -97.9823      -7.2362
     275    -118.4478      10.2651
     276    -105.5081       0.4073
     277     -94.0725      -5.7998
     278    -113.1962     -21.7282
     279    -101.5809     -22.9547
     280     -96.3990      -2.4685
     281    -111.1029       8.4608
     282     -92.0905     -11.3368
     283     -93.2676     -19.3498
     284    -123.8696       4.5893
     285    -124.7683       1.9508
     286    -116.8540       0.7633
     287     -99.3638      -8.4574
     288    -109.8922     -14.2886
     289     -98.5916     -13.0922
     290     -94.6641       9.5029
     291     -94.8804      -3.3807
     292     -88.3146      -3.2087
     293    -131.8899      -8.6348
     294    -110.0238      -4.0821
     295    -100.1030     -14.4040
     296     -97.3295     -16.4759
     297    -112.4354       4.4145
     298    -111.6136     -11.4789
     299     -97.6948       3.5314
     300     -98.9093       7.8991
     301     -91.8296      -0.1913
     302     -86.7576      -2.2810
     303     -92.8346       5.4566
     304     -88.6278      -9.6716
     305    -104.4453       3.1214
     306     -99.7135      -2.2820
     307     -90.3352      -2.9398
     308    -105.1050      -7.3940
     309    -115.7394      -2.8886
     310    -115.5263       0.0872
     311     -93.1067      -1.0963
     312    -115.6249      -2.4665
     313    -119.2807       5.9236
     314     -99.0494      -4.6183
     315    -106.3167     -12.5932
     316    -128.7737       2.0281
     317    -130.8760      -5.5059
     318    -108.6234       5.8674
     319     -98.8077       1.7262
     320    -101.7681      -5.5669
     321    -115.4548     -14.6198
     322    -100.0054      -6.0513
     323    -105.5345      -5.0000
     324    -106.8257       0.3826
     325     -95.3414      -3.1492
     326     -96.3864     -22.0143
     327     -88.0532     -11.1249
     328    -109.1789      -8.9471
     329     -90.8627     -12.7483
     330     -84.4016     -16.0994
     331    -113.0480      -9.3046
     332    -103.2351      -4.1627
     333    -105.5858      -7.6267
     334     -99.6776       5.4713
     335    -118.0522     -12.6590
     336    -104.4114      -0.0167
     337     -99.1144       0.6242
     338     -92.0498     -12.3501
     339    -121.4552      -2.1247
     340     -92.7715     -11.4132
     341    -108.7828      -0.5058
     342     -94.9930      -0.8322
     343    -108.4985      -6.0291
     344     -99.1810     -18.6152
     345    -102.3036      -6.1030
     346     -96.8033     -10.4346
     347    -112.3894     -12.5053
     348    -105.7266      -6.6866
     349    -108.6541     -14.1913
     350     -96.2805      -8.4406
     351    -117.9853      11.8440
     352    -111.8891      -3.8368
     353    -103.1106     -14.8775
     354    -111.4902       1.8198
     355    -119.8867       4.4583
     356    -109.4156       9.8270
     357    -120.2866     -17.7156
     358    -108.3298     -25.6748
     359    -109.1409       0.0819
     360     -96.7329      -8.1527
     361    -128.8547     -22.9072
     362    -115.0058      -8.5018
     363     -99.1859       2.1568
     364     -99.6806       4.2759
     365    -108.0845     -10.6133
     366     -91.6723       3.7981
     367    -115.5614       4.8387
     368    -108.4287      10.3309
     369    -122.5461      -1.7670
     370    -123.8069      -4.3011
     371    -123.8219       1.3948
     372     -86.1321      -6.1030
     373    -120.3013       2.0114
     374    -113.9367      -1.9925
     375    -108.0269      -1.6362
     376    -111.8582      -7.2464
     377    -107.8682      -6.7500
     378    -117.0581     -10.2941
     379    -111.3677      -7.0823
     380    -129.4814     -11.9522
     381     -97.9675       2.5824
     382     -90.4877      -7.5629
     383    -108.5726      -5.6683
     384    -101.0519       1.3057
     385    -131.4752       1.2607
     386    -120.0954     -10.1144
     387    -115.0062       2.3876
     388    -113.4131       5.7661
     389    -114.9645      -2.1811
     390     -94.6401      -6.6909
     391     -96.2179       4.7886
     392    -116.6432       3.7848
     393     -98.4448      11.2030
     394    -126.3686       9.7691
     395    -117.8824       0.1086
     396    -103.2933      -4.5852
     397    -131.8698       0.0704
     398    -100.7752       7.0972
     399     -97.1471     -14.3314
     400    -117.0824       1.6822
     401    -141.6915     -15.3956
     402    -127.2867      -5.9400
     403     -96.7892       1.9967
     404     -88.9226       3.0000
     405     -63.6883      -0.2508
     406     -99.7033       2.6730
     407    -117.0204     -21.4890
     408    -114.5326      -5.6484
     409     -71.3158       1.2858
     410     -87.0175      -1.6043
     411    -108.0100     -10.7405
     412    -115.9162      -4.5736
     413     -80.4410     -14.0643
     414    -100.9572     -13.7271
     415    -126.2151      -6.2235
     416     -98.6038       1.5629
     417    -104.9232      -1.0845
     418    -133.8203      -1.6319
     419     -98.1341     -13.8933
     420    -120.8955     -12.9569
     421    -116.2216       3.8450
     422     -91.5480      -2.2416
     423    -106.9445     -10.9017
     424     -98.8840     -11.8131
     425    -122.7711     -10.9338
     426    -109.9087      -0.0819
     427    -126.5120      -3.2562
     428    -117.6677      -0.0956
     429    -120.2218       1.5895
     430    -104.0106      -6.0444
     431    -100.5178      -6.3325
     432    -117.5304     -11.2805
     433    -115.4670      -2.6552
     434    -132.1596      -3.5200
     435    -121.0969       0.9631
     436    -100.2466      11.0117
     437     -96.2160     -16.3391
     438    -110.8835      -6.0336
     439    -104.5918      -5.4755
     440    -112.3410     -20.6180
     441    -112.9209       0.7786
     442     -97.3970     -19.9774
     443    -101.1795      -2.2063
     444    -104.0344     -11.8714
     445     -98.7346      -6.8677
     446    -125.0202     -14.0340
     447    -111.1634      -3.7294
     448    -116.7012      -7.9049
     449    -106.6901      -2.2338
     450    -106.9800     -14.9329
     451    -109.8193     -13.5891
     452     -97.6997     -16.8392
     453    -104.3032       9.6957
     454     -97.5673     -23.2231
     455     -94.7126      -1.0909
     456     -88.2936      13.0469
     457    -111.6120      -6.1761
     458    -103.8160      -7.7238
     459    -100.8942       3.8219
     460     -97.4528      -2.7550
     461    -110.0532      -5.1714
     462     -88.3261      -1.3537
     463     -98.9236     -16.6227
     464    -127.1357      -9.9949
     465    -117.0332      -0.2239
     466     -87.4639       7.3788
     467    -116.9605       1.6074
     468    -104.8634      -6.4647
     469    -109.0907       4.2486
     470     -98.2887     -15.6322
     471    -128.2275      -1.3252
     472    -117.3108      -7.3457
     473    -106.6019     -19.7988
     474    -118.2937      -1.7852
     475    -104.7420       0.2908
     476    -104.8615       9.2238
     477    -107.5162      -4.9452
     478    -116.0101       7.1865
     479     -90.1602     -15.1996
     480    -142.8179       8.4486
     481    -116.0954      -5.6921
     482    -108.1165       3.5686
     483    -129.2655      -8.9282
     484    -124.2147      -0.9744
     485    -111.2683       3.9607
     486    -116.9577      -4.6793
     487    -112.5257     -12.4434
     488    -105.3653     -18.3105
     489     -89.7103     -16.2542
     490    -107.5665     -19.9470
     491    -104.7474      14.9114
     492    -119.4382      -3.1312
     493    -133.3284      -5.9557
     494    -115.5735      -2.6840
     495    -112.6206      -8.0257
     496    -101.6629      -5.1316
     497    -119.4435      -6.3746
     498    -103.1599      -7.8239
     499    -101.7850      -9.6106
     500     -95.6780     -10.0634
     501    -115.0628      -8.2453
     502    -134.6161      -1.7028
     503    -112.9734      11.8487
     504    -116.9865      -4.2078
     505    -108.5252      -4.8138
     506    -123.4933      -0.1320
     507     -70.1327     -10.3761
     508    -117.7469       2.9341
     509    -104.1846     -10.2218
     510    -122.5064      10.3398
     511    -109.1510      -8.0164
     512     -95.5000      -3.9078
     513     -90.1972      -7.2625
     514    -110.5088      -1.5265
     515     -68.3537     -21.1049
     516    -115.2571      -5.2292
     517    -119.9711      -9.7781
     518    -108.5771      -8.2880
     519    -109.2026     -10.4607
     520    -122.1599      -4.4834
     521     -99.8287      -1.0146
     522    -108.8370       0.9593
     523    -106.2758      -6.2457
     524    -105.7505       1.1547
     525     -97.9984     -10.1887
     526     -96.6907      -7.8137
     527    -101.8603     -18.1141
     528    -118.5614      -4.0499
     529    -110.1511      -2.7229
     530    -107.9399     -16.3626
     531     -96.4436      -4.2629
     532    -110.5335     -20.5366
     533     -92.4003     -27.1138
     534    -100.8458       9.9891
     535     -97.4201      -1.2689
     536     -96.3492      -3.0801
     537     -83.6094      -1.6374
     538    -104.6348     -15.1896
     539     -75.1026      -3.3569
     540    -100.1225     -17.2629
     541    -108.1262     -10.5830
     542    -116.3178       0.3413
     543     -87.8938      -5.9178
     544     -74.5821      -8.7894
     545    -113.8455      -5.7155
     546    -121.1632       1.0120
     547    -123.3638      10.2088
     548    -106.8926     -10.4940
     549    -109.1583       7.3975
     550    -104.3869      -0.9319
     551    -114.1157       0.7021
     552     -97.5003      -5.5294
     553     -97.8236       4.9861
     554     -94.0717     -20.6782
     555    -119.2162      -9.8848
     556    -111.5277      -6.2076
     557     -96.5038       0.0276
     558    -105.5779      -8.0340
     559     -94.6956      -9.8204
     560    -113.1311     -19.0562
     561     -90.8129     -11.3602
     562    -102.0706       5.2260
     563     -97.6781       1.9052
     564     -91.6882     -10.5575
     565    -104.3925      -2.6211
     566    -117.5037      -4.4438
     567     -87.7829       4.7158
     568    -102.4747      -8.5127
     569    -119.3878     -14.7841
     570    -131.8443       6.5837
     571    -126.3386       1.2618
     572     -90.4197       0.2721
     573    -111.3173      -0.7684
     574     -95.4635       1.8039
     575     -82.1740       3.0094
     576    -100.2133       2.9406
     577    -113.8973      -4.4501
     578    -108.1515       0.8347
     579     -92.9408      -6.1739
     580     -83.3822      -8.3118
     581     -92.1989     -26.5403
     582    -101.2284       0.1552
     583    -106.5683     -17.3882
     584     -92.9654      -9.1472
     585    -125.5972       9.5115
     586    -128.8072      -1.2360
     587    -106.1751      -7.0189
     588     -99.8415      -8.2880
     589     -91.8130     -30.2713
     590    -109.5748      -7.9082
     591    -120.3275     -16.9203
     592     -94.7455     -12.3899
     593    -118.5530       1.4059
     594     -95.6134     -15.3786
     595    -127.4301       1.6172
     596    -119.2951      -5.2513
     597     -99.3694     -12.1508
     598     -95.5770     -20.4456
     599    -101.1992     -13.7276
     600     -94.3651      -3.9679
     601    -102.2592      15.9441
     602    -103.0019      -8.2973
     603     -94.0769       2.6728
     604    -106.1794      -0.2416
     605     -82.8924      -5.5617
     606     -92.4193     -18.7675
     607     -99.8539     -16.5990
     608    -101.4458      -8.3971
     609    -109.0868      -8.5470
     610    -113.4862     -11.0932
     611    -105.8545     -10.5631
     612     -83.3768     -14.1382
     613    -115.1002       9.8373
     614     -97.2611     -15.1573
     615    -102.1612       8.1885
     616     -97.0644     -16.0792
     617    -116.5699     -13.1712
     618    -101.2603      -1.3337
     619     -97.6734     -15.7097
     620    -119.5063     -10.5610
     621    -115.1743     -15.7507
     622    -129.9970      -8.4057
     623    -109.5265     -31.7745
     624    -114.7923      -1.9710
     625    -108.8067     -34.2627
     626    -126.4275     -14.6274
     627     -97.6558     -30.8015
     628     -87.3652     -46.6052
     629     -89.3134     -50.2163
     630     -80.4652     -25.4135
     631     -96.5829     -28.0326
     632    -114.7966      -6.8995
     633     -82.6367     -41.7824
     634    -117.3252     -27.8526
     635     -96.5345     -18.0302
     636    -111.7059     -23.1699
     637     -80.5363     -29.2659
     638    -107.0651     -23.2923
     639     -98.0033     -26.3281
     640    -106.9783     -24.3617
     641     -95.1207     -44.7130
     642    -100.7196     -22.8834
     643    -116.5006     -20.1231
     644    -104.8455      -7.2557
     645     -87.1422     -54.7398
     646    -129.0755     -26.1485
     647     -94.4981     -20.2180
     648    -102.6767       0.5726
     649     -93.0370     -13.0347
     650    -115.5851     -23.7607
     651    -126.1811     -20.6746
     652     -92.2199     -23.2120
     653    -111.2402      -9.8531
     654    -119.8530     -14.4026
     655    -121.2382       2.5884
     656    -108.3860      -3.6522
     657    -109.6356     -37.4525
     658     -80.6867     -38.5482
     659    -107.5111     -17.7362
     660    -107.8566     -19.2419
     661    -112.6892     -13.2667
     662    -144.2133      -4.9122
     663     -99.7052     -36.8464
     664    -127.1915     -11.7270
     665     -69.4248     -15.8472
     666    -110.9805     -18.1307
     667    -100.4278     -32.2123
     668     -88.5173     -21.1673
     669     -74.7868     -41.2863
     670    -110.5088     -34.5454
     671    -104.7084     -15.5161
     672     -93.7309     -15.9060
     673    -121.3719     -26.1192
     674    -116.4978     -18.5605
     675    -116.1103     -13.0145
     676    -102.6352      -9.2664
     677     -93.3863     -11.7637
     678    -125.0096     -14.9258
     679    -109.0478     -12.4101
     680     -88.5962      -9.7282
     681    -102.8234       7.3033
     682    -105.0655     -11.6314
     683    -118.6579     -17.1738
     684     -94.4655     -17.1577
     685     -89.6766      -7.9342
     686    -100.4752     -18.6211
     687    -112.9211      -5.8654
     688     -96.1749      -1.8855
     689     -89.3894     -19.8899
     690     -88.4465      -7.8403
     691     -92.7526     -20.1896
     692    -144.2472       9.9658
     693    -128.5836     -25.1579
     694    -103.6390     -27.1479
     695     -88.1167     -19.5121
     696     -98.7479     -35.1137
     697    -101.2180       0.6571
     698    -100.2954     -24.8419
     699    -100.0270     -13.8989
     700    -109.9634      12.3260
     701    -112.6934       2.7131
     702    -106.7335     -21.0798
     703    -104.1704     -11.8640
     704     -97.8342     -24.2345
     705     -85.0998      -7.7925
     706    -101.4387     -14.6203
     707    -125.0433     -17.3718
     708     -76.1666       4.1753
     709    -111.2283       6.5149
     710    -105.0431     -15.4098
     711    -102.9207       0.6171
     712    -114.0496      -6.9083
     713     -99.2805      -9.9967
     714     -98.0667     -12.8063
     715    -119.7325      -9.7591
     716    -105.2177     -19.6545
     717    -105.9461     -16.2003
     718     -98.9134     -23.3598
     719    -129.0095      -6.1137
     720     -84.7067     -33.1784
     721    -131.3359       6.7551
     722     -90.2673     -16.7183
     723     -97.0340      -4.0233
     724     -95.1764      -9.1398
     725     -89.6713     -15.6247
     726    -100.1262       6.0524
     727     -99.0425      -3.8691
     728    -111.4137       3.4316
     729     -99.1414     -14.7187
     730     -91.0082     -14.5543
     731    -104.8285     -11.9235
     732    -117.8361      -4.4786
     733    -102.0869      -4.0073
     734    -104.8171       2.0233
     735    -133.6267      -6.1607
     736    -104.4467       0.0102
     737    -125.4962       2.1109
     738    -123.3320      -1.4539
     739    -106.9938      -3.2108
     740     -90.8341     -52.0930
     741    -100.0700      -9.6691
     742    -124.6166      32.3813
     743     -90.4921     -25.1909
     744    -100.4153     -28.1038
     745     -97.4377     -13.7684
     746    -105.8083     -16.5658
     747     -83.7316     -17.2388
     748    -104.5496     -35.5417
     749     -93.8780      -1.2815
     750     -75.1959     -40.7771
     751    -135.1044       3.6309
     752    -108.7536     -13.6606
     753     -90.3543     -21.6901
     754     -89.7498     -18.5784
     755    -107.2281     -38.3960
     756    -113.6574     -28.2261
     757    -107.4274     -19.3673
     758    -106.7546     -34.5213
     759     -91.9001     -23.7502
     760     -91.3423     -33.7088
     761     -84.5410     -12.3786
     762     -89.2372     -32.6817
     763     -85.6119     -41.8231
     764     -87.3322     -29.6768
     765    -112.8704     -27.8466
     766     -92.8376     -39.0806
     767    -113.9975       9.1360
     768     -87.7573     -32.3035
     769     -99.0068     -10.9581
     770    -118.6776     -23.4419
     771    -114.1697     -20.9601
     772    -123.2603      -9.5323
     773    -110.9089     -30.2666
     774    -121.8861      10.8590
     775    -104.0460     -10.9448
     776    -101.3006     -20.5171
     777    -101.5535     -20.4995
     778    -105.8539     -19.1823
     779     -99.0969     -26.5021
     780     -95.3281     -32.4094
     781     -86.2948     -24.7620
     782    -123.0889     -14.5748
     783    -118.9539     -23.3361
     784    -121.1339      -0.7476
     785    -134.1463       2.0265
     786    -109.8118     -22.5586
     787    -104.3300     -26.5633
     788     -90.0299     -13.8623
     789    -114.9145     -13.1133
     790    -112.1788     -12.9656
     791    -110.5945     -12.2228
     792    -121.2137     -28.1154
     793    -108.0098     -18.9422
     794    -135.3249      -8.6312
     795    -123.7783       3.7178
     796    -119.2342      -5.4699
     797    -113.5422      -9.7967
     798     -98.5749      -0.6691
     799    -131.5158       0.9516
     800     -99.7486     -17.0891
     801    -120.6444      -3.9459
     802    -101.4211     -12.8741
     803     -96.7574      12.9978
     804    -117.3454      -3.8582
     805    -100.0521       2.1319
     806    -101.7121      -7.8240
     807     -93.2912      -0.2432
     808    -102.9871      -4.6090
     809    -116.1324      -1.6090
     810     -98.4525      -9.6256
     811    -116.0479       0.9126
     812    -114.1605     -31.5565
     813    -104.8462       5.3040
     814    -115.8025      -2.4020
     815    -115.4367       1.4269
     816     -98.9643      -3.3191
     817     -91.2317       5.0201
     818    -120.7114     -18.8672
     819    -117.2308     -15.1164
     820    -108.4769     -10.9959
     821    -102.6099      -7.9906
     822     -81.5977     -15.0042
     823    -103.3792      -5.1045
     824    -125.4430      -1.1761
     825     -93.0686      -2.4496
     826    -120.3050     -13.9425
     827     -90.4141     -19.6950
     828    -110.0678      -6.0777
     829     -99.9353     -18.6174
     830    -105.6491      10.9484
     831    -116.1769     -21.0934
     832    -115.4368      -0.2480
     833    -127.1123     -10.9417
     834     -80.8924       2.9138
     835    -119.8016      -5.5573
     836     -96.6567       1.6708
     837    -112.9501      -4.1934
     838     -93.2604     -20.5963
     839    -100.0265     -31.0279
     840    -136.0016     -16.0915
     841    -118.6613      -4.3540
     842     -88.5636     -22.8913
     843    -102.2165      -6.4376
     844     -91.3407     -13.3877
     845    -107.3413     -11.6814
     846     -87.2975      -9.2033
     847    -109.8416      -9.4322
     848    -109.4447     -34.4694
     849     -96.0075      -9.3806
     850    -117.9356      -5.6422
     851    -116.1098     -18.7914
     852     -93.2932      -5.6446
     853     -87.0205     -14.6767
     854    -106.4835     -16.8037
     855    -101.4299     -10.7860
     856     -99.7402     -18.8105
     857     -96.3896     -14.9274
     858    -108.2495     -21.7882
     859    -116.0054     -11.3444
     860     -95.0091      -3.8802
     861    -128.6097     -11.5086
     862    -109.2244     -15.8182
     863    -116.9722     -31.5834
     864     -97.3839      -7.1146
     865    -127.6335     -32.9336
     866    -120.8077     -11.2766
     867    -113.6882     -12.5845
     868     -92.9381     -28.5494
     869    -127.1667     -31.2243
     870    -100.5024      -3.3957
     871    -111.9935     -11.4703
     872     -91.1112     -25.3431
     873    -107.2320      -6.2085
     874    -112.4114      -2.9461
     875    -111.7462      -2.9592
     876    -114.5337      -8.6481
     877    -106.9696     -14.4709
     878    -118.0057      -4.2770
     879    -109.8348       2.4588
     880     -94.1440      -5.0506
     881     -86.2139     -11.6399
     882    -123.7665     -18.0814
     883    -102.2079      -6.4472
     884     -93.4602      -9.2825
     885    -106.5926      -8.9288
     886    -108.9257     -12.9194
     887    -114.6011     -18.1764
     888     -93.0220     -15.8050
     889    -119.9995       3.7302
     890    -113.7023       5.7142
     891    -111.3335     -11.5246
     892     -77.2253      -3.2908
     893     -98.6909       6.8937
     894    -112.7800     -10.0775
     895     -95.8170      -3.6220
     896    -116.3996     -15.7779
     897    -108.8278       1.5979
     898    -101.6538      -2.2388
     899    -107.7758       8.1726
     900    -106.6353       1.4584
     901    -102.3488     -10.3404
     902     -99.6833     -16.6282
     903    -117.5934      -9.7396
     904    -105.2033     -25.3851
     905     -98.2857       2.2342
     906     -92.7418       2.6810
     907     -96.7971      -0.4830
     908    -109.9862     -10.0282
     909    -117.7965      -6.5701
     910     -95.0348      -8.2528
     911    -117.4177      -5.4561
     912     -90.3950     -15.2557
     913    -127.7669     -17.2896
     914     -90.2484     -19.4357
     915    -112.1190      -6.4378
     916    -106.9324     -13.1587
     917     -98.5936     -31.9723
     918     -94.3709     -14.3033
     919    -107.3067      17.2087
     920    -102.4497      -0.3903
     921    -113.7433      -6.6947
     922    -101.2902     -16.6235
     923    -125.7696     -16.5438
     924    -111.1251     -15.4101
     925    -117.5248      -3.7728
     926    -126.5242       0.4233
     927    -130.8620     -11.5092
     928    -118.9361      -6.0520
     929    -112.7769      -2.6378
     930    -127.1419     -12.8735
     931    -107.2311      -3.1315
     932     -98.4277      -5.7234
     933    -102.3066       1.2266
     934    -110.2934       7.3063
     935    -118.9278      -2.6454
     936    -102.3926      -4.2549
     937     -91.8109      -2.1325
     938    -103.3358      -4.9738
     939    -120.2703       0.2794
     940     -92.4936     -10.9581
     941    -104.2893     -14.4933
     942    -112.4521      -7.1987
     943    -115.9603       3.0950
     944     -93.6638      -8.3656
     945    -104.4486      -1.8884
     946    -116.7354      -7.7361
     947     -88.2738      -1.1922
     948     -78.2624     -11.5079
     949     -89.2474     -21.3244
     950    -114.8877      -2.9267
     951    -103.9800       3.1398
     952    -111.8841     -27.9075
     953    -103.5877       1.6718
     954    -101.5280     -15.4647
     955    -116.6368     -11.0934
     956    -114.3494     -10.8681
     957    -100.0370      -1.1335
     958    -119.1948     -11.8903
     959    -107.3022      -7.1623
     960     -98.7266       0.7613
     961    -115.9610       8.4630
     962     -89.6496     -10.9643
     963     -89.5259      -6.7160
     964    -117.6277     -10.6643
     965    -119.2777     -10.7904
     966    -107.5425      -4.6730
     967    -108.0954      -0.0076
     968    -101.8223     -13.5275
     969    -102.6337     -12.6997
     970     -99.6233     -12.6466
     971    -113.3475     -20.1549
     972     -98.4761      -9.0110
     973    -129.3931     -33.8316
     974    -111.2212     -11.0574
     975    -118.1807      -0.4441
     976    -108.3850      -0.1401
     977    -105.6139      -6.1521
     978     -96.3921      -7.1987
     979    -119.2359     -16.5401
     980     -95.2082     -30.6603
     981     -85.3612       4.0541
     982     -98.1883      -9.8873
     983    -110.7092      -5.6485
     984     -93.6285      -9.9553
     985     -84.8638     -15.8909
     986    -101.9281      -4.3588
     987    -123.3826     -12.7872
     988    -108.6236     -11.9765
     989    -122.8109     -13.8304
     990    -116.5256      -2.7338
     991     -81.4286      -9.6806
     992     -79.1164     -19.1372
     993    -118.5377       7.6191
     994    -101.7826     -31.8400
     995    -119.6165     -13.5010
     996    -108.9386     -12.4954
     997    -114.7828     -13.2673
     998    -114.4604      -1.6138
     999    -112.5907       4.9410
    1000    -102.2425      -5.2922
